8100.23,-11537 10863.89,-9941.4
11029.11,-10089.44 8378.4,-11650.28
8993.26,-12137.77 11788.24,-10524.1
13151.95,-11304.42 10350.91,-12921.59
14242.84,-11929.56 11545.9,-13486.98
11375.47,-13654 14414.79,-11899.15
14514.89,-11956.94 11475.88,-13712.04
14531.06,-23899.68 15133.68,-23899.68
8100,-11896.44 8100,-12007.41
8100.23,-11537 8100,-11896.44
8118.69,-20201.02 8118.69,-12018.19
8250.94,-19724.38 8250.94,-12094.55
8272.69,-20289.85 8272.69,-19736.94
8378.27,-11884.81 8378.4,-11650.28
8427.01,-12196.2 8425.76,-19858.08
8498.4,-19164.89 8498.4,-18695.35
8498.4,-18007.97 8498.26,-17538.91
8498.4,-16852.54 8498.4,-16382.89
8498.43,-15696.67 8498.26,-15226.96
8498.47,-14539.88 8499.18,-14070.94
8118.69,-20201.02 14531.06,-23899.68
9535.22,-19763.96 9535.25,-19293.76
9535.22,-17451.13 9535.25,-16981.33
9535.25,-16294.8 9535.25,-15825.58
9535.25,-15138.8 9535.25,-14668.98
9628.56,-20507.48 9628.56,-14573.34
9804.63,-20621.38 9804.63,-14692.05
14221.57,-23207.94 13060.87,-22538.16
12845.01,-22410.4 9785.93,-20647.35
14441.97,-23298.69 14253.1,-23189.65
13060.87,-22501.33 12876.73,-22392.06
9804.63,-20621.38 9628.56,-20507.48
8425.76,-19825.31 8250.94,-19724.38
14170.32,-22439.5 13133.51,-21839.78
9535.22,-19763.96 8498.4,-19164.89
14170.32,-21969.96 13133.27,-21370.9
9535.25,-19293.76 8498.4,-18695.35
15141.84,-15712.03 17782.61,-14187.44
14170.32,-21282.84 13133.48,-20683.74
9535.24,-18606.78 8498.4,-18007.97
14170.32,-20813.66 13133.27,-20214.89
9534.39,-18137.2 8498.26,-17538.91
14222.48,-17225.58 14257.81,-17205.18
9628.56,-20507.48 9593.01,-20528.01
17674.87,-22432.43 17609.9,-22394.96
12839.45,-19419.39 9808.07,-17669.26
14170.33,-20127.15 13133.51,-19528.56
9535.22,-17451.13 8498.4,-16852.54
12849.25,-16443.4 12849.25,-22407.95
13060.87,-22538.16 13060.87,-16572
13133.51,-21839.78 13133.27,-21370.9
13133.48,-20683.74 13133.27,-20214.89
13133.51,-19528.56 13133.51,-19058.86
13133.51,-18372.39 13133.51,-17902.31
13133.51,-17215.86 13133.51,-16744.72
17456.85,-16060.43 15216.62,-17354.42
17400.94,-16178.61 15446.29,-17307.12
14170.26,-19657.07 13133.51,-19058.86
9535.25,-16981.33 8498.4,-16382.89
14171.15,-18971.46 13133.51,-18372.39
9535.25,-16294.8 8498.43,-15696.67
14171.15,-18501.74 13133.51,-17902.31
9535.25,-15825.58 8498.26,-15226.96
14170.32,-22439.5 14170.32,-21969.96
14170.32,-21282.84 14170.32,-20813.66
14170.33,-20127.15 14170.26,-19657.07
14170.32,-17814.83 14170.32,-17345.72
14255.69,-15561.21 14256.24,-23191.47
14441.97,-23848.49 14441.97,-15668.86
14170.32,-17814.83 13133.51,-17215.86
9535.25,-15138.8 8498.47,-14539.88
14170.32,-17345.72 13133.51,-16744.72
9535.25,-14668.98 8499.18,-14070.94
14222.48,-17225.58 8427.01,-13879.54
8426.74,-13842.74 8254.81,-13743.49
14441.97,-17311.5 14257.81,-17205.18
15216.62,-15668.86 15216.62,-23851.68
15466.34,-22878.74 15467.27,-17322.72
17400.94,-18956.35 15466.81,-20073.01
12845.01,-22410.4 12876.73,-22392.06
14516.93,-15712.03 15141.84,-15712.03
16399.27,-22340.11 16400.64,-16783.84
8100,-12007.41 14516.93,-15712.03
11475.88,-13712.04 11375.47,-13654
8378.27,-11884.81 11154.78,-13487.01
14253.1,-23189.65 14221.57,-23207.94
8558.64,-11576.66 11698.31,-13398.97
17334.02,-21800.44 17334.02,-16244.95
17450.25,-16064.24 17450.25,-21951.31
17456.85,-14375.47 17456.85,-16060.43
17609.9,-22394.96 17610.22,-21859.93
17763.92,-14198.19 17764.25,-22380.87
17782.61,-14076.43 17782.61,-14187.44
17782.61,-14076.43 17782.6,-13713.5
17412.94,-21754.88 15466.34,-22878.74
15216.62,-23227.26 17610.22,-21859.93
17609.91,-22381.54 15216.62,-23763.29
15133.68,-23899.68 15216.62,-23851.68
17674.87,-22432.43 17764.25,-22380.87
11545.9,-13486.98 11154.78,-13487.01
9661.73,-10939.8 12809.78,-12757.12
10764.81,-10302.94 13912.59,-12120.27
14514.89,-12047.08 14618.74,-12105.57
14514.89,-11956.94 14414.79,-11899.15
17782.6,-13713.5 11258.85,-9945.33
8425.76,-19858.08 9593.01,-20528.01
9534.39,-18137.2 9535.24,-18606.78
14171.15,-18971.46 14171.15,-18501.74
17376.45,-20823.32 15467.27,-21925.57
17376.45,-17119.66 15467.27,-18221.92
11029.11,-10089.44 14242.84,-11929.56
14618.74,-12105.57 11592.56,-13887.27
12521.12,-14190.07 15317.09,-12575.82
16679.8,-13356.72 13878.77,-14973.89
17770.7,-13981.86 15073.84,-15539.03
11705.74,-13820.64 14682,-15539.03
12086.5,-13628.96 15234.22,-15446.64
15073.84,-15539.03 14682,-15539.03
13189.58,-12992.1 16337.77,-14809.5
14292.66,-12355.24 17440.72,-14172.72
14610.11,-12170.32 17770.7,-13981.86
11475.88,-13712.04 11475.88,-13801.65
11475.88,-13801.65 11592.56,-13887.27
11375.47,-13755.49 11266.25,-13693.03
10863.89,-9941.4 11258.85,-9945.33
9804.63,-20621.38 9785.93,-20647.35
14514.89,-12047.08 14514.89,-11956.94
11375.47,-13654 11375.47,-13755.49
11018,-20632.46 11726.52,-21045.62
11018,-21357.44 11018,-20632.46
11726.52,-21045.62 11726.52,-21766.49
9326.01,-20381.53 9326.01,-20549.12
9326.01,-20549.12 10076.96,-20981.32
10076.96,-20981.32 10076.96,-20815.08
11173.01,-21446.77 11173.01,-21612.86
11173.01,-21612.86 11923.96,-22048.16
11923.96,-22048.16 11923.96,-21879.57
12979.01,-22490.7 12979.01,-22656.48
12979.01,-22656.48 13729.96,-23093.1
13729.96,-23093.1 13729.96,-22924.25
11515.38,-21724.17 11515.38,-27010.63
19168.84,-13512.99 21932.51,-11917.4
22097.72,-12065.43 19447.02,-13626.28
20061.88,-14113.76 22856.85,-12500.09
24220.56,-13280.42 21419.53,-14897.58
25311.46,-13905.55 22614.52,-15462.98
22444.09,-15629.99 25483.41,-13875.14
25583.51,-13932.94 22544.49,-15688.04
25599.68,-25875.67 26202.29,-25875.67
19168.62,-13872.43 19168.62,-13983.4
19168.84,-13512.99 19168.62,-13872.43
19187.3,-22177.01 19187.3,-13994.19
19319.55,-21700.37 19319.55,-14070.54
19341.31,-22266.28 19341.31,-21712.93
19446.89,-13860.81 19447.02,-13626.28
19495.62,-14172.19 19494.38,-21834.08
19567.02,-21140.89 19567.02,-20671.34
19567.02,-19983.97 19566.88,-19514.9
19567.02,-18828.53 19567.02,-18358.88
19567.05,-17672.66 19566.88,-17202.95
19567.09,-16515.88 19567.8,-16046.93
19187.3,-22177.01 25599.68,-25875.67
20603.83,-21739.95 20603.86,-21269.75
20603.83,-19427.12 20603.86,-18957.32
20603.87,-18270.79 20603.86,-17801.58
20603.87,-17114.8 20603.87,-16644.97
20697.17,-22483.48 20697.17,-16549.34
20873.24,-22597.38 20873.24,-16668.05
25290.19,-25183.93 24129.48,-24514.16
23913.62,-24386.4 20854.55,-22623.35
25510.58,-25274.69 25321.72,-25165.65
24129.48,-24477.33 23945.35,-24368.05
20873.24,-22597.38 20697.17,-22483.48
19494.38,-21801.31 19319.55,-21700.37
25238.94,-24415.49 24202.12,-23815.78
20603.83,-21739.95 19567.02,-21140.89
25238.94,-23945.96 24201.88,-23346.89
20603.86,-21269.75 19567.02,-20671.34
26210.46,-17688.02 28851.22,-16163.43
25238.94,-23258.84 24202.1,-22659.73
20603.85,-20582.77 19567.02,-19983.97
25238.94,-22789.66 24201.89,-22190.89
20603,-20113.2 19566.88,-19514.9
25291.09,-19201.58 25326.43,-19181.18
20697.17,-22483.48 20661.63,-22504
28743.49,-24408.42 28678.51,-24370.96
23908.06,-21395.38 20876.68,-19645.26
25238.95,-22103.15 24202.12,-21504.55
20603.83,-19427.12 19567.02,-18828.53
23917.87,-18419.4 23917.87,-24383.95
24129.48,-24514.16 24129.48,-18548
24202.12,-23815.78 24201.88,-23346.89
24202.1,-22659.73 24201.89,-22190.89
24202.12,-21504.55 24202.12,-21034.85
24202.12,-20348.38 24202.12,-19878.3
24202.12,-19191.85 24202.12,-18720.72
28525.46,-18036.43 26285.24,-19330.41
28469.55,-18154.6 26514.91,-19283.11
25238.87,-21633.06 24202.12,-21034.85
20603.86,-18957.32 19567.02,-18358.88
25239.76,-20947.45 24202.12,-20348.38
20603.87,-18270.79 19567.05,-17672.66
25239.76,-20477.74 24202.12,-19878.3
20603.86,-17801.58 19566.88,-17202.95
25238.94,-24415.49 25238.94,-23945.96
25238.94,-23258.84 25238.94,-22789.66
25238.95,-22103.15 25238.87,-21633.06
25238.94,-19790.82 25238.94,-19321.72
25324.31,-17537.2 25324.86,-25167.46
25510.58,-25824.28 25510.58,-17644.86
25238.94,-19790.82 24202.12,-19191.85
20603.87,-17114.8 19567.09,-16515.88
25238.94,-19321.72 24202.12,-18720.72
20603.87,-16644.97 19567.8,-16046.93
25291.09,-19201.58 19495.62,-15855.54
19495.36,-15818.74 19323.43,-15719.48
25510.58,-19287.5 25326.43,-19181.18
26285.24,-17644.85 26285.24,-25827.67
26534.95,-24854.73 26535.88,-19298.71
28469.55,-20932.34 26535.42,-22049.01
23913.62,-24386.4 23945.35,-24368.05
25585.55,-17688.02 26210.46,-17688.02
27467.89,-24316.11 27469.26,-18759.83
19168.62,-13983.4 25585.55,-17688.02
22544.49,-15688.04 22444.09,-15629.99
19446.89,-13860.81 22223.4,-15463
25321.72,-25165.65 25290.19,-25183.93
19627.26,-13552.65 22766.93,-15374.97
28402.64,-23776.43 28402.64,-18220.95
28518.87,-18040.24 28518.87,-23927.3
28525.46,-16351.47 28525.46,-18036.43
28678.51,-24370.96 28678.83,-23835.92
28832.54,-16174.18 28832.86,-24356.87
28851.22,-16052.42 28851.22,-16163.43
28851.22,-16052.42 28851.22,-15689.49
28481.55,-23730.87 26534.95,-24854.73
26285.24,-25203.26 28678.83,-23835.92
28678.52,-24357.53 26285.24,-25739.29
26202.29,-25875.67 26285.24,-25827.67
28743.49,-24408.42 28832.86,-24356.87
22614.52,-15462.98 22223.4,-15463
20730.34,-12915.79 23878.39,-14733.12
21833.43,-12278.93 24981.21,-14096.26
25583.51,-14023.08 25687.36,-14081.56
25583.51,-13932.94 25483.41,-13875.14
28851.22,-15689.49 22327.47,-11921.33
19494.38,-21834.08 20661.63,-22504
20603,-20113.2 20603.85,-20582.77
25239.76,-20947.45 25239.76,-20477.74
28445.06,-22799.31 26535.88,-23901.57
28445.06,-19095.66 26535.88,-20197.92
22097.72,-12065.43 25311.46,-13905.55
25687.36,-14081.56 22661.18,-15863.27
23589.73,-16166.06 26385.71,-14551.81
27748.42,-15332.72 24947.38,-16949.88
28839.31,-15957.85 26142.45,-17515.02
22774.36,-15796.63 25750.62,-17515.02
23155.12,-15604.95 26302.83,-17422.64
26142.45,-17515.02 25750.62,-17515.02
24258.2,-14968.09 27406.39,-16785.5
25361.28,-14331.23 28509.33,-16148.72
25678.72,-14146.32 28839.31,-15957.85
22544.49,-15688.04 22544.49,-15777.64
22544.49,-15777.64 22661.18,-15863.27
22444.09,-15731.48 22334.87,-15669.02
21932.51,-11917.4 22327.47,-11921.33
20873.24,-22597.38 20854.55,-22623.35
25583.51,-14023.08 25583.51,-13932.94
22444.09,-15629.99 22444.09,-15731.48
22086.62,-22608.46 22795.14,-23021.62
22086.62,-23333.43 22086.62,-22608.46
22795.14,-23021.62 22795.14,-23742.49
20394.62,-22357.52 20394.62,-22525.11
20394.62,-22525.11 21145.57,-22957.32
21145.57,-22957.32 21145.57,-22791.08
22241.62,-23422.77 22241.62,-23588.85
22241.62,-23588.85 22992.57,-24024.15
22992.57,-24024.15 22992.57,-23855.57
24047.62,-24466.7 24047.62,-24632.48
24047.62,-24632.48 24798.57,-25069.1
24798.57,-25069.1 24798.57,-24900.25
22584,-23724.63 22584,-27183.63
30333.84,-14823 33097.51,-13227.4
33262.72,-13375.44 30612.02,-14936.28
31226.88,-15423.77 34021.85,-13810.1
35385.56,-14590.42 32584.53,-16207.59
36476.46,-15215.56 33779.52,-16772.98
33609.09,-16940 36648.41,-15185.15
36748.51,-15242.94 33709.49,-16998.04
36764.68,-27185.68 37367.29,-27185.68
30333.62,-15182.44 30333.62,-15293.41
30333.84,-14823 30333.62,-15182.44
30352.3,-23487.02 30352.3,-15304.19
30484.55,-23010.38 30484.55,-15380.55
30506.31,-23575.85 30506.31,-23022.94
30611.89,-15170.81 30612.02,-14936.28
30660.62,-15482.2 30659.38,-23144.08
30732.02,-22450.89 30732.02,-21981.35
30732.02,-21293.97 30731.88,-20824.91
30732.02,-20138.54 30732.02,-19668.89
30732.05,-18982.67 30731.88,-18512.96
30732.09,-17825.88 30732.8,-17356.94
30352.3,-23487.02 36764.68,-27185.68
31768.83,-23049.96 31768.86,-22579.76
31768.83,-20737.13 31768.86,-20267.33
31768.87,-19580.8 31768.86,-19111.58
31768.87,-18424.8 31768.87,-17954.98
31862.17,-23793.48 31862.17,-17859.34
32038.24,-23907.38 32038.24,-17978.05
36455.19,-26493.94 35294.48,-25824.16
35078.62,-25696.4 32019.55,-23933.35
36675.58,-26584.69 36486.72,-26475.65
35294.48,-25787.33 35110.35,-25678.06
32038.24,-23907.38 31862.17,-23793.48
30659.38,-23111.31 30484.55,-23010.38
36403.94,-25725.5 35367.12,-25125.78
31768.83,-23049.96 30732.02,-22450.89
36403.94,-25255.96 35366.88,-24656.9
31768.86,-22579.76 30732.02,-21981.35
37375.46,-18998.03 40016.22,-17473.44
36403.94,-24568.84 35367.1,-23969.74
31768.85,-21892.78 30732.02,-21293.97
36403.94,-24099.66 35366.89,-23500.89
31768,-21423.2 30731.88,-20824.91
36456.09,-20511.58 36491.43,-20491.18
31862.17,-23793.48 31826.63,-23814.01
39908.49,-25718.43 39843.51,-25680.96
35073.06,-22705.39 32041.68,-20955.26
36403.95,-23413.15 35367.12,-22814.56
31768.83,-20737.13 30732.02,-20138.54
35082.87,-19729.4 35082.87,-25693.95
35294.48,-25824.16 35294.48,-19858
35367.12,-25125.78 35366.88,-24656.9
35367.1,-23969.74 35366.89,-23500.89
35367.12,-22814.56 35367.12,-22344.86
35367.12,-21658.39 35367.12,-21188.31
35367.12,-20501.86 35367.12,-20030.72
39690.46,-19346.43 37450.24,-20640.42
39634.55,-19464.61 37679.91,-20593.12
36403.87,-22943.07 35367.12,-22344.86
31768.86,-20267.33 30732.02,-19668.89
36404.76,-22257.46 35367.12,-21658.39
31768.87,-19580.8 30732.05,-18982.67
36404.76,-21787.74 35367.12,-21188.31
31768.86,-19111.58 30731.88,-18512.96
36403.94,-25725.5 36403.94,-25255.96
36403.94,-24568.84 36403.94,-24099.66
36403.95,-23413.15 36403.87,-22943.07
36403.94,-21100.83 36403.94,-20631.72
36489.31,-18847.21 36489.86,-26477.47
36675.58,-27134.49 36675.58,-18954.86
36403.94,-21100.83 35367.12,-20501.86
31768.87,-18424.8 30732.09,-17825.88
36403.94,-20631.72 35367.12,-20030.72
31768.87,-17954.98 30732.8,-17356.94
36456.09,-20511.58 30660.62,-17165.54
30660.36,-17128.74 30488.43,-17029.49
36675.58,-20597.5 36491.43,-20491.18
37450.24,-18954.86 37450.24,-27137.68
37699.95,-26164.74 37700.88,-20608.72
39634.55,-22242.35 37700.42,-23359.01
35078.62,-25696.4 35110.35,-25678.06
36750.55,-18998.03 37375.46,-18998.03
38632.89,-25626.11 38634.26,-20069.84
30333.62,-15293.41 36750.55,-18998.03
33709.49,-16998.04 33609.09,-16940
30611.89,-15170.81 33388.4,-16773.01
36486.72,-26475.65 36455.19,-26493.94
30792.26,-14862.66 33931.93,-16684.97
39567.64,-25086.44 39567.64,-19530.95
39683.87,-19350.24 39683.87,-25237.31
39690.46,-17661.47 39690.46,-19346.43
39843.51,-25680.96 39843.83,-25145.93
39997.54,-17484.19 39997.86,-25666.87
40016.22,-17362.43 40016.22,-17473.44
40016.22,-17362.43 40016.22,-16999.5
39646.55,-25040.88 37699.95,-26164.74
37450.24,-26513.26 39843.83,-25145.93
39843.52,-25667.54 37450.24,-27049.29
37367.29,-27185.68 37450.24,-27137.68
39908.49,-25718.43 39997.86,-25666.87
33779.52,-16772.98 33388.4,-16773.01
31895.34,-14225.8 35043.39,-16043.12
32998.43,-13588.94 36146.21,-15406.27
36748.51,-15333.08 36852.36,-15391.57
36748.51,-15242.94 36648.41,-15185.15
40016.22,-16999.5 33492.47,-13231.33
30659.38,-23144.08 31826.63,-23814.01
31768,-21423.2 31768.85,-21892.78
36404.76,-22257.46 36404.76,-21787.74
39610.06,-24109.32 37700.88,-25211.57
39610.06,-20405.66 37700.88,-21507.92
33262.72,-13375.44 36476.46,-15215.56
36852.36,-15391.57 33826.18,-17173.27
34754.73,-17476.07 37550.71,-15861.82
38913.42,-16642.72 36112.38,-18259.89
40004.31,-17267.86 37307.45,-18825.03
33939.36,-17106.64 36915.62,-18825.03
34320.12,-16914.96 37467.83,-18732.64
37307.45,-18825.03 36915.62,-18825.03
35423.2,-16278.1 38571.39,-18095.5
36526.28,-15641.24 39674.33,-17458.72
36843.72,-15456.32 40004.31,-17267.86
33709.49,-16998.04 33709.49,-17087.65
33709.49,-17087.65 33826.18,-17173.27
33609.09,-17041.49 33499.87,-16979.03
33097.51,-13227.4 33492.47,-13231.33
32038.24,-23907.38 32019.55,-23933.35
36748.51,-15333.08 36748.51,-15242.94
33609.09,-16940 33609.09,-17041.49
33251.62,-23918.46 33960.14,-24331.62
33251.62,-24643.44 33251.62,-23918.46
33960.14,-24331.62 33960.14,-25052.49
31559.62,-23667.53 31559.62,-23835.12
31559.62,-23835.12 32310.57,-24267.32
32310.57,-24267.32 32310.57,-24101.08
33406.62,-24732.77 33406.62,-24898.86
33406.62,-24898.86 34157.57,-25334.16
34157.57,-25334.16 34157.57,-25165.57
35212.62,-25776.7 35212.62,-25942.48
35212.62,-25942.48 35963.57,-26379.1
35963.57,-26379.1 35963.57,-26210.25
33749,-25010.17 33749,-27529.64
11515.38,-27010.63 8236.38,-27010.63
15356,-27356.64 8236.38,-27356.64
8236.38,-26810.63 8236.38,-27556.64
8236.38,-26810.63 7562.29,-27183.63
7562.29,-27183.63 8236.38,-27556.64
7562.29,-27183.63 4415,-27183.63
22584,-27183.63 16030.1,-27183.63
33749,-27529.64 16030.1,-27529.64
16030.1,-26983.63 16030.1,-27729.64
16030.1,-26983.63 15356,-27356.64
15356,-27356.64 16030.1,-27729.64
