196.46,-278.19 196.28,-288.55
203.4,-281.81 203.4,-290.23
216.04,-276.85 216.04,-274.51
203.89,-268.95 196.46,-278.19
209.72,-273.94 203.4,-281.81
221.73,-205.11 406.4,-99.94
407.01,-100.29 453.25,-73.59
194.74,-263.26 191.33,-265.23
497.63,-554.48 221.73,-395.18
562.6,-475.67 570.17,-476.39
636.71,-425.77 645.91,-426.59
196.39,-288.77 186.92,-283.31
554.78,-495.69 564.36,-501.22
554.79,-490.57 549.76,-487.85
548.16,-483.26 514.34,-463.74
205.33,-285.33 221.73,-294.8
196.46,-278.19 186.96,-272.7
552.92,-475.01 519.1,-455.49
211.39,-277.84 221.74,-283.81
561.91,-476.54 557.7,-474.11
204.24,-268.75 194.74,-263.26
211.66,-269.41 216.04,-274.51
211.74,-269.44 202.27,-263.97
570.24,-476.41 579.71,-481.88
645.91,-426.59 645.98,-426.61
222.31,-252.5 495.4,-406.06
626.99,-450.12 641.88,-458.71
626.99,-446.46 617.9,-440.55
583.18,-416.84 615.61,-435.56
221.73,-205.11 495.96,-363.44
203.4,-290.23 208.21,-290.66
196.46,-288.8 203.4,-290.23
591.15,-403.11 623.54,-421.81
636.71,-425.77 629.01,-421.3
645.98,-426.61 660.8,-435.17
216.04,-274.51 209.72,-273.94
211.66,-269.41 204.24,-268.75
495.4,-406.06 495.4,-363.11
497.66,-362.46 497.63,-554.48
526.85,-457.66 526.98,-460.04
527.62,-471.4 530.89,-529.53
510.1,-541.54 514.14,-465
679.39,-257.54 495.96,-363.44
680.25,-258.51 726.9,-231.58
500.63,-371.85 680.26,-268.14
554.78,-495.69 554.79,-485.62
600.11,-407.15 600.16,-408.31
601.04,-427.15 604.01,-491.14
580.23,-483.36 583.16,-416.94
626.99,-450.12 626.99,-437.86
679.39,-257.54 406.4,-99.94
554.79,-485.62 562.6,-475.67
626.99,-437.86 636.71,-425.77
680.24,-426.72 726.9,-399.78
453.25,-73.59 726.9,-231.58
680.25,-257.31 680.26,-446.6
497.63,-554.48 680.26,-446.6
726.9,-231.58 726.9,-399.78
605.5,-349.61 574.39,-331.65
620.35,-341.04 614.69,-337.77
626.01,-337.77 620.35,-334.51
609.74,-311.24 640.86,-329.2
572.27,-363.09 572.27,-332.87
572.89,-331.5 608.24,-311.09
607.62,-353.29 607.62,-363.08
622.47,-344.71 622.46,-354.52
628.13,-341.45 628.13,-351.25
604.44,-335.53 618.47,-327.43
642.98,-342.71 642.98,-332.87
622.12,-331.85 620.35,-332.87
611.87,-337.77 608.27,-339.89
604.09,-350.02 576.86,-365.74
642.98,-332.87 628.13,-341.45
622.47,-344.71 607.62,-353.29
607.62,-363.08 622.46,-354.52
628.13,-351.25 642.98,-342.71
605.5,-349.61 607.24,-351.61
607.24,-351.61 607.62,-353.29
620.35,-341.04 622.18,-343.29
622.18,-343.29 622.47,-344.71
626.01,-337.77 627.83,-340.01
627.83,-340.01 628.13,-341.45
640.86,-329.2 642.7,-331.59
642.7,-331.59 642.98,-332.87
274.05,-147.21 288.9,-138.64
294.56,-135.37 309.41,-126.8
292.33,-145.82 296.06,-143.69
284.04,-153.49 276.63,-157.76
313.34,-140.24 295.21,-150.71
273.43,-156.03 273.43,-148.59
293.94,-136.75 293.94,-140.83
276.63,-157.76 273.43,-156.03
299.34,-161.09 275.55,-147.36
290.4,-138.79 296.06,-142.06
296.06,-135.52 301.71,-138.79
310.91,-126.95 334.69,-140.68
186.96,-272.7 191.33,-265.23
208.21,-290.66 210.84,-288.51
216.04,-276.85 215.68,-280.32
273.43,-148.59 274.05,-147.21
274.05,-147.21 275.55,-147.36
288.9,-138.64 290.4,-138.79
293.94,-136.75 294.56,-135.37
294.56,-135.37 296.06,-135.52
309.41,-126.8 310.91,-126.95
301.71,-138.79 303.55,-139.22
303.55,-139.22 308.41,-136.89
296.06,-142.06 296.34,-143.09
296.34,-143.09 296.06,-143.69
295.21,-150.71 292.37,-148.93
292.37,-148.93 292.33,-145.82
313.34,-140.24 310.26,-137.24
310.26,-137.24 308.41,-136.89
572.27,-332.87 572.89,-331.5
608.24,-311.09 609.74,-311.24
572.27,-363.09 574.9,-365.5
574.9,-365.5 576.86,-365.74
611.87,-337.77 614.69,-337.77
620.35,-334.51 620.35,-332.87
608.27,-339.89 604.66,-338.94
604.66,-338.94 604.44,-335.53
622.12,-331.85 621.63,-329.08
618.47,-327.43 621.63,-329.08
664.54,-449.74 660.8,-435.17
641.88,-458.71 639.16,-445.33
639.16,-445.33 647.1,-434.95
656.23,-459.14 664.54,-449.74
647.1,-434.95 660.79,-435.18
656.23,-459.14 641.88,-458.71
615.61,-435.56 618.14,-428.27
618.14,-428.27 623.54,-421.8
615.61,-435.56 617.9,-440.55
623.54,-421.81 629.01,-421.3
583.16,-416.94 584.21,-405.55
584.21,-405.55 586.11,-402.2
586.11,-402.2 590.75,-400.72
590.75,-400.72 595.35,-401.93
595.35,-401.93 600.11,-407.15
564.36,-501.22 575.36,-501.69
575.36,-501.69 582.46,-491.52
564.36,-501.22 563.54,-491.68
563.54,-491.68 569.77,-482.49
569.77,-482.49 579.71,-481.88
579.71,-481.88 582.46,-491.52
549.76,-487.85 548.16,-483.26
552.92,-475.01 557.7,-474.11
548.16,-483.26 550.63,-476.75
550.63,-476.75 552.92,-475.01
514.14,-465 514.63,-458.08
514.63,-458.08 517.96,-453.55
517.96,-453.55 526.16,-454.87
526.16,-454.87 526.85,-457.66
579.7,-495.47 579.27,-505.27
194.74,-263.26 202.27,-263.97
221.73,-395.18 221.73,-205.11
186.92,-283.31 186.92,-272.68
