3.59,-1.19 3.59,-1.11
3.59,-1.11 3.66,-1.11
3.66,-1.11 3.66,-1.19
3.6,-1.99 3.6,-2.06
3.6,-2.06 3.67,-2.06
3.67,-2.06 3.67,-1.99
3.45,-1.99 3.45,-2.06
3.45,-2.06 3.51,-2.06
3.51,-2.06 3.51,-1.99
3.14,-1.99 3.14,-2.06
3.14,-2.06 3.21,-2.06
3.21,-2.06 3.21,-1.99
2.95,-1.99 2.95,-2.06
2.95,-2.06 3.01,-2.06
3.01,-2.06 3.01,-1.99
3.13,-3.77 3.13,-3.83
3.16,-3.83 3.16,-3.77
3.13,-3.83 3.16,-3.83
3.31,-3.77 3.31,-3.83
3.34,-3.83 3.34,-3.77
3.31,-3.83 3.34,-3.83
2.78,-1.33 2.69,-1.33
2.69,-1.33 2.69,-1.4
2.69,-1.4 2.78,-1.4
3.14,-2.7 3.14,-2.77
3.21,-2.7 3.21,-2.77
3.14,-2.7 3.21,-2.7
3.17,-2.7 3.17,-2.06
2.78,-1.19 2.78,-1.99
3.78,-1.19 3.78,-1.99
3.03,-2.77 3.03,-3.77
3.53,-2.77 3.53,-3.77
2.78,-1.19 3.78,-1.19
2.78,-1.99 3.78,-1.99
3.03,-2.77 3.53,-2.77
3.03,-3.77 3.53,-3.77
