19.49,-10.92 19.49,-15.77
19.49,-15.77 12.24,-15.77
30.08,-16.66 12.24,-16.66
30.08,-10.78 30.08,-16.66
12.24,-17.16 12.24,-15.27
11.07,-16.21 5.85,-16.21
12.24,-15.27 11.07,-16.21
11.07,-16.21 12.24,-17.16
13.5,-10.33 19.81,-11.12
26.37,-10.47 30.49,-10.99
31.35,-9.94 31.64,-9.98
30.67,-10.55 31.63,-9.69
26.38,-4.27 26.37,-4.44
27.51,-3.26 26.38,-4.25
31.76,-3.68 30.62,-3.54
30.88,-5.1 31.63,-4.44
26.37,-4.45 26.37,-10.47
26.62,-10.45 26.62,-10.22
30.67,-5.87 30.88,-5.1
30.67,-10.48 30.67,-5.87
30.27,-10.68 30.27,-10.91
31.74,-9.89 31.73,-3.71
26.5,-7.24 30.35,-7.73
26.49,-4.5 26.49,-7.23
26.49,-10.15 30.35,-10.63
26.49,-7.36 26.49,-10.15
30.67,-10.46 31.51,-9.68
29.54,-10.77 27.3,-10.49
29.54,-10.77 29.63,-10.84
29.63,-10.84 30.32,-10.93
30.32,-10.93 30.32,-10.96
26.52,-10.48 26.52,-10.45
26.52,-10.45 27.21,-10.54
27.29,-10.43 26.86,-10.37
30.21,-10.79 29.78,-10.74
31.76,-3.68 30.52,-4.78
30.52,-4.78 26.38,-4.32
30.51,-4.97 26.37,-4.45
30.88,-5.09 30.88,-4.65
31.73,-3.89 30.52,-4.97
30.52,-4.78 30.52,-10.96
30.67,-10.48 30.67,-10.61
30.67,-10.83 30.67,-10.61
30.67,-10.83 30.49,-10.99
31.64,-9.98 31.74,-9.89
31.64,-9.63 31.64,-9.98
31.64,-3.98 31.64,-9.63
31.51,-9.68 31.51,-4.55
30.35,-7.72 30.35,-4.98
26.5,-4.5 30.35,-4.98
30.36,-4.96 30.36,-4.96
30.35,-10.63 30.35,-7.85
26.5,-7.37 30.35,-7.85
28.01,-10.34 28.01,-9.38
30.35,-10.23 30.35,-10.22
26.62,-10.22 30.27,-10.68
27.64,-9.85 27.64,-10.22
27.95,-9.89 27.64,-9.85
27.95,-10.26 27.95,-9.89
27.64,-10.22 27.95,-10.26
27.58,-10.22 27.58,-9.84
27.02,-10.15 27.58,-10.22
27.02,-9.77 27.02,-10.15
27.58,-9.84 27.02,-9.77
30.67,-10.48 30.67,-10.48
30.36,-4.96 30.36,-4.96
27.21,-10.54 27.3,-10.49
26.86,-10.37 26.86,-10.26
27.29,-10.43 27.29,-10.31
29.78,-10.74 29.78,-10.62
30.21,-10.79 30.21,-10.68
30.77,-2.9 30.77,-2.78
27.39,-2.78 27.39,-2.9
30.63,-3.74 30.62,-3.29
27.53,-3.29 27.53,-3.74
27.43,-2.65 27.66,-2.47
27.66,-2.47 27.69,-2.46
27.69,-2.46 27.72,-2.45
27.72,-2.45 28.05,-2.33
28.05,-2.33 28.32,-2.28
28.32,-2.28 28.86,-2.22
28.86,-2.22 29.34,-2.22
29.34,-2.22 29.74,-2.26
29.74,-2.26 30.22,-2.37
30.22,-2.37 30.26,-2.38
30.26,-2.38 30.3,-2.39
30.3,-2.39 30.68,-2.6
30.68,-2.6 30.7,-2.61
30.7,-2.61 30.71,-2.63
30.71,-2.63 30.77,-2.75
30.77,-2.75 30.77,-2.79
30.77,-2.79 30.77,-2.8
30.77,-2.8 30.77,-2.82
30.77,-2.82 30.77,-2.84
30.77,-2.84 30.76,-2.86
30.76,-2.86 30.61,-3.02
30.61,-3.02 30.59,-3.04
30.59,-3.04 30.57,-3.05
30.57,-3.05 30,-3.26
30,-3.26 29.52,-3.33
29.52,-3.33 29.27,-3.34
29.27,-3.34 28.64,-3.33
28.64,-3.33 28.59,-3.32
28.59,-3.32 28.25,-3.28
28.25,-3.28 27.92,-3.19
27.92,-3.19 27.65,-3.09
27.65,-3.09 27.62,-3.07
27.62,-3.07 27.47,-2.96
27.47,-2.96 27.46,-2.94
27.46,-2.94 27.44,-2.93
27.44,-2.93 27.43,-2.91
27.43,-2.91 27.39,-2.82
27.39,-2.82 27.39,-2.81
27.39,-2.81 27.39,-2.79
27.39,-2.79 27.39,-2.77
27.39,-2.77 27.4,-2.72
27.4,-2.72 27.4,-2.7
27.4,-2.7 27.41,-2.68
27.41,-2.68 27.42,-2.67
27.42,-2.67 27.43,-2.65
27.39,-2.9 27.39,-2.9
27.39,-2.9 27.39,-2.92
30.53,-3.39 30.24,-3.53
30.24,-3.53 30.21,-3.54
30.21,-3.54 29.89,-3.62
29.89,-3.62 29.47,-3.68
29.47,-3.68 29.12,-3.7
29.12,-3.7 29.07,-3.7
29.07,-3.7 29.01,-3.7
29.01,-3.7 28.96,-3.7
28.96,-3.7 28.81,-3.69
28.81,-3.69 28.34,-3.64
28.34,-3.64 28.01,-3.56
28.01,-3.56 27.67,-3.44
30.63,-3.66 30.74,-3.75
30.74,-3.75 30.81,-3.83
30.81,-3.83 30.84,-3.94
30.84,-3.94 30.82,-4.03
30.82,-4.03 30.5,-4.29
30.5,-4.29 30.07,-4.42
30.07,-4.42 29.44,-4.51
29.44,-4.51 29.38,-4.52
29.38,-4.52 28.74,-4.52
28.74,-4.52 28.23,-4.45
28.77,-4.25 29.17,-4.26
29.17,-4.26 29.7,-4.22
29.7,-4.22 30.29,-4.07
30.29,-4.07 30.41,-4.01
30.41,-4.01 30.59,-3.86
30.59,-3.86 30.63,-3.77
30.63,-3.77 30.63,-3.74
27.53,-3.74 27.53,-3.75
27.53,-3.75 27.53,-3.77
27.53,-3.77 27.54,-3.79
27.54,-3.79 27.6,-3.9
27.6,-3.9 27.7,-3.98
27.7,-3.98 27.72,-3.99
27.72,-3.99 27.74,-4.01
27.74,-4.01 27.99,-4.12
27.99,-4.12 28.31,-4.2
28.31,-4.2 28.35,-4.2
28.35,-4.2 28.4,-4.21
28.4,-4.21 28.77,-4.25
28.23,-4.45 27.89,-4.37
27.89,-4.37 27.61,-4.26
27.61,-4.26 27.42,-4.14
27.42,-4.14 27.33,-4.01
27.33,-4.01 27.33,-4
27.33,-4 27.32,-3.98
27.32,-3.98 27.32,-3.94
27.32,-3.94 27.36,-3.82
27.36,-3.82 27.37,-3.8
27.37,-3.8 27.38,-3.78
27.38,-3.78 27.53,-3.66
27.53,-3.29 27.67,-3.44
30.53,-3.39 30.63,-3.29
27.39,-2.92 27.53,-3.29
30.77,-2.9 30.63,-3.29
26.49,-9.19 28.01,-9.38
20.68,-10.07 20.96,-10.11
19.99,-10.68 20.96,-9.82
13.5,-4.12 13.5,-4.29
14.1,-3.59 13.51,-4.11
21.08,-3.82 20.45,-3.74
20.21,-5.23 20.96,-4.57
13.5,-4.31 13.5,-10.33
13.75,-10.31 13.75,-10.08
19.99,-6.01 20.21,-5.23
19.99,-10.97 19.99,-6.01
19.66,-10.82 19.66,-11.05
21.07,-10.02 21.06,-3.84
13.63,-7.1 19.67,-7.86
13.62,-4.35 13.62,-7.09
13.62,-10.01 19.67,-10.77
13.62,-7.22 13.62,-10.01
19.99,-10.59 20.83,-9.81
18.93,-10.92 14.43,-10.35
18.93,-10.92 19.03,-10.99
19.03,-10.99 19.71,-11.07
19.71,-11.07 19.71,-11.11
13.65,-10.34 13.65,-10.31
13.65,-10.31 14.34,-10.39
14.41,-10.28 13.99,-10.23
19.6,-10.94 19.17,-10.88
21.08,-3.82 19.84,-4.91
17.64,-4.64 13.51,-4.12
19.84,-5.11 13.5,-4.31
20.21,-5.22 20.21,-4.78
21.06,-4.02 19.85,-5.1
19.84,-4.91 19.85,-11.09
16.64,-4.51 16.64,-4.71
19.99,-10.97 19.81,-11.12
20.96,-10.11 21.07,-10.02
20.96,-9.76 20.96,-10.11
20.96,-4.11 20.96,-9.76
20.83,-9.81 20.83,-4.68
19.67,-7.86 19.67,-5.12
13.63,-4.36 19.67,-5.12
17.49,-4.81 17.49,-4.81
19.67,-10.77 19.67,-7.98
13.63,-7.22 19.67,-7.99
15.13,-10.2 15.13,-9.24
13.75,-10.08 19.66,-10.82
14.77,-9.7 14.77,-10.07
15.07,-9.74 14.77,-9.7
15.07,-10.11 15.07,-9.74
14.77,-10.07 15.07,-10.11
14.7,-10.07 14.7,-9.69
14.14,-10 14.7,-10.07
14.14,-9.62 14.14,-10
14.7,-9.69 14.14,-9.62
17.49,-4.81 17.49,-4.81
14.34,-10.39 14.43,-10.35
13.99,-10.23 13.99,-10.11
14.41,-10.28 14.41,-10.17
19.17,-10.88 19.17,-10.77
19.6,-10.94 19.6,-10.82
14.1,-2.59 14.1,-2.7
17.34,-3.55 17.34,-3.43
14.25,-3.09 14.25,-3.55
14.15,-2.46 14.38,-2.28
14.38,-2.28 14.41,-2.27
14.41,-2.27 14.44,-2.25
14.44,-2.25 14.77,-2.14
14.77,-2.14 15.03,-2.08
15.03,-2.08 15.57,-2.03
15.57,-2.03 16.05,-2.03
16.05,-2.03 16.46,-2.07
16.46,-2.07 16.94,-2.17
16.94,-2.17 16.98,-2.18
16.98,-2.18 17.01,-2.2
17.01,-2.2 17.4,-2.4
17.4,-2.4 17.41,-2.42
17.41,-2.42 17.43,-2.44
17.43,-2.44 17.49,-2.56
17.49,-2.56 17.49,-2.59
17.49,-2.59 17.49,-2.61
17.49,-2.61 17.49,-2.63
17.49,-2.63 17.49,-2.63
17.2,-2.89 16.72,-3.06
16.72,-3.06 16.24,-3.13
16.24,-3.13 15.98,-3.15
15.98,-3.15 15.36,-3.13
15.36,-3.13 15.31,-3.13
15.31,-3.13 14.97,-3.08
14.97,-3.08 14.63,-3
14.63,-3 14.37,-2.89
14.37,-2.89 14.34,-2.88
14.34,-2.88 14.19,-2.77
14.19,-2.77 14.17,-2.75
14.17,-2.75 14.16,-2.73
14.16,-2.73 14.14,-2.72
14.14,-2.72 14.11,-2.63
14.11,-2.63 14.1,-2.61
14.1,-2.61 14.1,-2.59
14.1,-2.59 14.1,-2.58
14.1,-2.58 14.11,-2.52
14.11,-2.52 14.12,-2.51
14.12,-2.51 14.13,-2.49
14.13,-2.49 14.14,-2.47
14.14,-2.47 14.15,-2.46
14.1,-2.7 14.1,-2.71
14.1,-2.71 14.1,-2.72
17.25,-3.19 16.96,-3.33
16.96,-3.33 16.92,-3.35
16.92,-3.35 16.6,-3.43
16.6,-3.43 16.18,-3.49
16.18,-3.49 15.83,-3.5
15.83,-3.5 15.78,-3.5
15.78,-3.5 15.73,-3.5
15.73,-3.5 15.68,-3.5
15.68,-3.5 15.53,-3.5
15.53,-3.5 15.05,-3.44
15.05,-3.44 14.72,-3.36
14.72,-3.36 14.39,-3.25
17.14,-4.12 16.79,-4.23
16.79,-4.23 16.15,-4.32
16.15,-4.32 16.1,-4.32
16.1,-4.32 15.46,-4.32
15.46,-4.32 14.95,-4.26
15.48,-4.06 15.88,-4.07
15.88,-4.07 16.42,-4.03
16.42,-4.03 17.01,-3.87
17.01,-3.87 17.12,-3.82
17.12,-3.82 17.31,-3.66
17.31,-3.66 17.34,-3.58
17.34,-3.58 17.34,-3.55
14.25,-3.55 14.25,-3.56
14.25,-3.56 14.25,-3.58
14.25,-3.58 14.25,-3.59
14.25,-3.59 14.32,-3.71
14.32,-3.71 14.41,-3.79
14.41,-3.79 14.44,-3.8
14.44,-3.8 14.46,-3.82
14.46,-3.82 14.71,-3.92
14.71,-3.92 15.03,-4
15.03,-4 15.07,-4.01
15.07,-4.01 15.12,-4.02
15.12,-4.02 15.48,-4.06
14.95,-4.26 14.6,-4.18
14.6,-4.18 14.33,-4.07
14.33,-4.07 14.14,-3.94
14.14,-3.94 14.05,-3.82
14.05,-3.82 14.04,-3.8
14.04,-3.8 14.04,-3.78
14.04,-3.78 14.04,-3.75
14.04,-3.75 14.07,-3.62
14.07,-3.62 14.09,-3.61
14.09,-3.61 14.1,-3.59
14.1,-3.59 14.25,-3.47
14.25,-3.09 14.39,-3.25
14.1,-2.72 14.25,-3.09
13.62,-9.05 15.13,-9.24
17.64,-4.64 19.84,-4.91
20.59,-3.07 20.59,-2.95
17.21,-2.95 17.21,-3.07
20.45,-3.91 20.44,-3.46
17.35,-3.46 17.35,-3.91
17.51,-2.63 17.54,-2.62
17.54,-2.62 17.87,-2.5
17.87,-2.5 18.14,-2.45
18.14,-2.45 18.68,-2.39
18.68,-2.39 19.16,-2.4
19.16,-2.4 19.56,-2.43
19.56,-2.43 20.04,-2.54
20.04,-2.54 20.08,-2.55
20.08,-2.55 20.12,-2.56
20.12,-2.56 20.5,-2.77
20.5,-2.77 20.52,-2.78
20.52,-2.78 20.53,-2.8
20.53,-2.8 20.59,-2.92
20.59,-2.92 20.59,-2.96
20.59,-2.96 20.59,-2.97
20.59,-2.97 20.59,-2.99
20.59,-2.99 20.59,-3.01
20.59,-3.01 20.58,-3.03
20.58,-3.03 20.43,-3.19
20.43,-3.19 20.41,-3.21
20.41,-3.21 20.39,-3.22
20.39,-3.22 19.82,-3.43
19.82,-3.43 19.34,-3.5
19.34,-3.5 19.09,-3.51
19.09,-3.51 18.46,-3.5
18.46,-3.5 18.41,-3.49
18.41,-3.49 18.08,-3.45
18.08,-3.45 17.74,-3.36
17.74,-3.36 17.47,-3.26
17.47,-3.26 17.44,-3.24
17.44,-3.24 17.29,-3.13
17.29,-3.13 17.28,-3.11
17.28,-3.11 17.26,-3.1
17.26,-3.1 17.25,-3.08
17.25,-3.08 17.21,-2.99
17.21,-2.99 17.21,-2.98
17.21,-2.98 17.21,-2.96
17.21,-2.96 17.21,-2.94
17.21,-2.94 17.22,-2.9
17.21,-3.07 17.21,-3.07
17.21,-3.07 17.21,-3.09
20.35,-3.56 20.06,-3.7
20.06,-3.7 20.03,-3.71
20.03,-3.71 19.71,-3.79
19.71,-3.79 19.29,-3.85
19.29,-3.85 18.94,-3.87
18.94,-3.87 18.89,-3.87
18.89,-3.87 18.84,-3.87
18.84,-3.87 18.79,-3.87
18.79,-3.87 18.63,-3.86
18.63,-3.86 18.16,-3.81
18.16,-3.81 17.83,-3.73
17.83,-3.73 17.49,-3.61
20.45,-3.83 20.56,-3.92
20.56,-3.92 20.63,-4
20.63,-4 20.66,-4.11
20.66,-4.11 20.64,-4.2
20.64,-4.2 20.32,-4.46
20.32,-4.46 19.89,-4.59
19.89,-4.59 19.26,-4.69
19.26,-4.69 19.2,-4.69
19.2,-4.69 18.57,-4.69
18.57,-4.69 18.06,-4.63
18.59,-4.42 18.99,-4.43
18.99,-4.43 19.52,-4.39
19.52,-4.39 20.11,-4.24
20.11,-4.24 20.23,-4.18
20.23,-4.18 20.41,-4.03
20.41,-4.03 20.45,-3.95
20.45,-3.95 20.45,-3.91
17.35,-3.91 17.35,-3.92
17.35,-3.92 17.35,-3.94
17.35,-3.94 17.36,-3.96
17.36,-3.96 17.42,-4.07
17.42,-4.07 17.52,-4.15
17.52,-4.15 17.54,-4.17
17.54,-4.17 17.57,-4.18
17.57,-4.18 17.81,-4.29
17.81,-4.29 18.13,-4.37
18.13,-4.37 18.18,-4.37
18.18,-4.37 18.22,-4.38
18.22,-4.38 18.59,-4.42
18.06,-4.63 17.71,-4.54
17.71,-4.54 17.43,-4.43
17.43,-4.43 17.24,-4.31
17.24,-4.31 17.15,-4.18
17.15,-4.18 17.15,-4.17
17.15,-4.17 17.14,-4.15
17.14,-4.15 17.14,-4.11
17.14,-4.11 17.18,-3.99
17.18,-3.99 17.19,-3.97
17.19,-3.97 17.2,-3.95
17.2,-3.95 17.35,-3.83
17.35,-3.46 17.49,-3.61
20.35,-3.56 20.45,-3.46
17.21,-3.09 17.35,-3.46
20.59,-3.07 20.45,-3.46
17.49,-2.63 17.2,-2.89
17.51,-2.63 17.22,-2.9
17.49,-2.63 17.49,-2.65
16.64,-4.51 17.14,-4.11
