3.73,-10.59 7.85,-11.11
8.71,-10.06 9,-10.09
8.02,-10.66 8.99,-9.81
3.73,-4.38 3.73,-4.55
4.87,-3.37 3.74,-4.37
9.11,-3.8 7.98,-3.66
8.24,-5.21 8.99,-4.55
3.73,-4.57 3.73,-10.59
3.98,-10.57 3.98,-10.34
8.02,-5.99 8.24,-5.21
8.02,-10.6 8.02,-5.99
7.63,-10.8 7.63,-11.03
9.1,-10.01 9.09,-3.82
3.86,-7.36 7.71,-7.84
3.85,-4.61 3.85,-7.35
3.85,-10.26 7.7,-10.75
3.85,-7.48 3.85,-10.26
8.02,-10.57 8.86,-9.79
6.9,-10.89 4.66,-10.61
6.9,-10.89 6.99,-10.96
6.99,-10.96 7.68,-11.04
7.68,-11.04 7.68,-11.08
3.88,-10.6 3.88,-10.57
3.88,-10.57 4.57,-10.65
4.65,-10.54 4.22,-10.49
7.56,-10.91 7.14,-10.86
9.11,-3.8 7.88,-4.9
7.88,-4.9 3.73,-4.43
7.87,-5.09 3.73,-4.57
8.24,-5.2 8.24,-4.77
9.09,-4.01 7.88,-5.08
7.88,-4.9 7.88,-11.08
8.02,-10.6 8.02,-10.73
8.02,-10.95 8.02,-10.73
8.02,-10.95 7.85,-11.11
9,-10.09 9.1,-10.01
9,-9.74 9,-10.09
9,-4.09 9,-9.74
8.86,-9.79 8.86,-4.66
7.7,-7.84 7.7,-5.1
3.86,-4.62 7.7,-5.1
7.72,-5.07 7.72,-5.07
7.7,-10.75 7.7,-7.97
3.86,-7.48 7.7,-7.97
5.36,-10.45 5.36,-9.5
7.7,-10.34 7.7,-10.33
3.98,-10.34 7.63,-10.8
4.99,-9.96 4.99,-10.33
5.3,-10 4.99,-9.96
5.3,-10.37 5.3,-10
4.99,-10.33 5.3,-10.37
4.94,-10.32 4.94,-9.95
4.38,-10.25 4.94,-10.32
4.38,-9.88 4.38,-10.25
4.94,-9.95 4.38,-9.88
8.02,-10.6 8.02,-10.6
7.72,-5.07 7.72,-5.07
4.57,-10.65 4.66,-10.61
4.22,-10.49 4.22,-10.37
4.65,-10.54 4.65,-10.42
7.14,-10.86 7.14,-10.74
7.56,-10.91 7.56,-10.79
8.13,-3.01 8.13,-2.9
4.74,-2.9 4.74,-3.01
7.99,-3.86 7.98,-3.4
4.89,-3.4 4.89,-3.86
4.79,-2.77 5.02,-2.59
5.02,-2.59 5.05,-2.58
5.05,-2.58 5.08,-2.56
5.08,-2.56 5.41,-2.45
5.41,-2.45 5.68,-2.39
5.68,-2.39 6.21,-2.34
6.21,-2.34 6.69,-2.34
6.69,-2.34 7.1,-2.38
7.1,-2.38 7.58,-2.48
7.58,-2.48 7.62,-2.49
7.62,-2.49 7.66,-2.51
7.66,-2.51 8.04,-2.71
8.04,-2.71 8.05,-2.73
8.05,-2.73 8.07,-2.75
8.07,-2.75 8.13,-2.87
8.13,-2.87 8.13,-2.9
8.13,-2.9 8.13,-2.92
8.13,-2.92 8.13,-2.94
8.13,-2.94 8.12,-2.95
8.12,-2.95 8.12,-2.97
8.12,-2.97 7.97,-3.14
7.97,-3.14 7.95,-3.15
7.95,-3.15 7.92,-3.17
7.92,-3.17 7.36,-3.37
7.36,-3.37 6.88,-3.44
6.88,-3.44 6.62,-3.46
6.62,-3.46 6,-3.44
6,-3.44 5.95,-3.44
5.95,-3.44 5.61,-3.39
5.61,-3.39 5.28,-3.31
5.28,-3.31 5.01,-3.2
5.01,-3.2 4.98,-3.19
4.98,-3.19 4.83,-3.08
4.83,-3.08 4.81,-3.06
4.81,-3.06 4.8,-3.04
4.8,-3.04 4.79,-3.03
4.79,-3.03 4.75,-2.94
4.75,-2.94 4.74,-2.92
4.74,-2.92 4.74,-2.9
4.74,-2.9 4.74,-2.89
4.74,-2.89 4.75,-2.83
4.75,-2.83 4.76,-2.82
4.76,-2.82 4.77,-2.8
4.77,-2.8 4.78,-2.78
4.78,-2.78 4.79,-2.77
4.74,-3.01 4.74,-3.02
4.74,-3.02 4.74,-3.03
7.89,-3.5 7.6,-3.64
7.6,-3.64 7.56,-3.66
7.56,-3.66 7.24,-3.74
7.24,-3.74 6.82,-3.8
6.82,-3.8 6.47,-3.81
6.47,-3.81 6.42,-3.81
6.42,-3.81 6.37,-3.81
6.37,-3.81 6.32,-3.81
6.32,-3.81 6.17,-3.8
6.17,-3.8 5.69,-3.75
5.69,-3.75 5.36,-3.67
5.36,-3.67 5.03,-3.56
7.98,-3.78 8.1,-3.86
8.1,-3.86 8.17,-3.95
8.17,-3.95 8.2,-4.05
8.2,-4.05 8.18,-4.14
8.18,-4.14 7.85,-4.4
7.85,-4.4 7.43,-4.54
7.43,-4.54 6.79,-4.63
6.79,-4.63 6.74,-4.63
6.74,-4.63 6.1,-4.63
6.1,-4.63 5.59,-4.57
6.12,-4.37 6.52,-4.38
6.52,-4.38 7.06,-4.34
7.06,-4.34 7.65,-4.18
7.65,-4.18 7.77,-4.13
7.77,-4.13 7.95,-3.97
7.95,-3.97 7.98,-3.89
7.98,-3.89 7.99,-3.86
4.89,-3.86 4.89,-3.87
4.89,-3.87 4.89,-3.89
4.89,-3.89 4.89,-3.9
4.89,-3.9 4.96,-4.02
4.96,-4.02 5.05,-4.1
5.05,-4.1 5.08,-4.11
5.08,-4.11 5.1,-4.12
5.1,-4.12 5.35,-4.23
5.35,-4.23 5.67,-4.31
5.67,-4.31 5.71,-4.32
5.71,-4.32 5.76,-4.33
5.76,-4.33 6.12,-4.37
5.59,-4.57 5.25,-4.49
5.25,-4.49 4.97,-4.38
4.97,-4.38 4.78,-4.25
4.78,-4.25 4.69,-4.13
4.69,-4.13 4.69,-4.11
4.69,-4.11 4.68,-4.09
4.68,-4.09 4.68,-4.06
4.68,-4.06 4.72,-3.93
4.72,-3.93 4.73,-3.92
4.73,-3.92 4.74,-3.9
4.74,-3.9 4.89,-3.78
4.89,-3.4 5.03,-3.56
7.89,-3.5 7.98,-3.4
4.74,-3.03 4.89,-3.4
8.13,-3.01 7.98,-3.4
3.85,-9.31 5.36,-9.5
