21.09,-13.29 21.09,-19.26
21.09,-19.26 13.84,-19.26
24.26,-20.15 13.84,-20.15
31.68,-13.29 31.68,-19.65
13.84,-20.65 13.84,-18.76
12.67,-19.7 7.45,-19.7
13.84,-18.76 12.67,-19.7
12.67,-19.7 13.84,-20.65
42.25,-13.29 42.25,-20.65
25.42,-21.09 25.42,-19.2
25.42,-19.2 24.25,-20.14
24.25,-20.14 25.42,-21.09
25.42,-19.65 31.68,-19.65
25.42,-20.65 42.25,-20.65
36.27,-12.7 42.58,-13.49
43.45,-12.44 43.74,-12.48
42.76,-13.04 43.73,-12.19
36.28,-6.49 36.27,-6.66
36.87,-5.96 36.28,-6.47
43.85,-6.18 43.22,-6.1
42.98,-7.6 43.73,-6.93
36.27,-6.67 36.27,-12.7
36.52,-12.68 36.52,-12.45
42.77,-8.37 42.98,-7.6
42.77,-13.33 42.77,-8.37
42.43,-13.19 42.43,-13.42
43.84,-12.39 43.83,-6.2
36.4,-9.47 42.44,-10.23
36.39,-6.72 36.39,-9.46
36.39,-12.37 42.44,-13.13
36.39,-9.59 36.39,-12.37
42.77,-12.96 43.6,-12.17
41.71,-13.28 37.2,-12.72
41.71,-13.28 41.8,-13.35
41.8,-13.35 42.48,-13.44
42.48,-13.44 42.48,-13.48
36.42,-12.71 36.42,-12.67
36.42,-12.67 37.11,-12.76
37.19,-12.65 36.76,-12.6
42.37,-13.3 41.94,-13.25
43.85,-6.18 42.62,-7.28
40.42,-7 36.29,-6.49
42.62,-7.48 36.27,-6.67
42.98,-7.59 42.98,-7.15
43.83,-6.39 42.62,-7.46
42.62,-7.28 42.62,-13.46
39.42,-6.88 39.42,-7.07
42.77,-13.33 42.58,-13.49
43.74,-12.48 43.84,-12.39
43.74,-12.13 43.74,-12.48
43.74,-6.47 43.74,-12.13
43.6,-12.17 43.6,-7.04
42.44,-10.23 42.44,-7.48
36.4,-6.72 42.44,-7.48
40.26,-7.18 40.26,-7.18
42.44,-13.13 42.44,-10.35
36.4,-9.59 42.44,-10.35
37.91,-12.56 37.91,-11.61
36.52,-12.45 42.43,-13.19
37.54,-12.06 37.54,-12.44
37.84,-12.1 37.54,-12.06
37.84,-12.48 37.84,-12.1
37.54,-12.44 37.84,-12.48
37.47,-12.43 37.47,-12.06
36.92,-12.36 37.47,-12.43
36.92,-11.99 36.92,-12.36
37.47,-12.06 36.92,-11.99
40.26,-7.18 40.26,-7.18
37.11,-12.76 37.2,-12.72
36.76,-12.6 36.76,-12.48
37.19,-12.65 37.19,-12.53
41.94,-13.25 41.94,-13.13
42.37,-13.3 42.37,-13.18
36.87,-4.95 36.87,-5.07
40.12,-5.92 40.12,-5.79
37.02,-5.46 37.02,-5.92
36.92,-4.82 37.15,-4.65
37.15,-4.65 37.18,-4.63
37.18,-4.63 37.21,-4.62
37.21,-4.62 37.54,-4.51
37.54,-4.51 37.81,-4.45
37.81,-4.45 38.35,-4.4
38.35,-4.4 38.83,-4.4
38.83,-4.4 39.23,-4.43
39.23,-4.43 39.71,-4.54
39.71,-4.54 39.75,-4.55
39.75,-4.55 39.79,-4.56
39.79,-4.56 40.17,-4.77
40.17,-4.77 40.18,-4.79
40.18,-4.79 40.2,-4.8
40.2,-4.8 40.26,-4.92
40.26,-4.92 40.26,-4.96
40.26,-4.96 40.26,-4.98
40.26,-4.98 40.26,-4.99
40.26,-4.99 40.26,-4.99
39.98,-5.25 39.49,-5.43
39.49,-5.43 39.01,-5.5
39.01,-5.5 38.76,-5.52
38.76,-5.52 38.13,-5.5
38.13,-5.5 38.08,-5.5
38.08,-5.5 37.74,-5.45
37.74,-5.45 37.41,-5.37
37.41,-5.37 37.14,-5.26
37.14,-5.26 37.11,-5.24
37.11,-5.24 36.96,-5.13
36.96,-5.13 36.94,-5.12
36.94,-5.12 36.93,-5.1
36.93,-5.1 36.92,-5.08
36.92,-5.08 36.88,-5
36.88,-5 36.88,-4.98
36.88,-4.98 36.87,-4.96
36.87,-4.96 36.87,-4.94
36.87,-4.94 36.89,-4.89
36.89,-4.89 36.89,-4.87
36.89,-4.87 36.9,-4.86
36.9,-4.86 36.91,-4.84
36.91,-4.84 36.92,-4.82
36.87,-5.07 36.87,-5.07
36.87,-5.07 36.88,-5.09
40.02,-5.56 39.73,-5.7
39.73,-5.7 39.69,-5.71
39.69,-5.71 39.38,-5.79
39.38,-5.79 38.96,-5.85
38.96,-5.85 38.61,-5.87
38.61,-5.87 38.55,-5.87
38.55,-5.87 38.5,-5.87
38.5,-5.87 38.45,-5.87
38.45,-5.87 38.3,-5.86
38.3,-5.86 37.82,-5.81
37.82,-5.81 37.5,-5.73
37.5,-5.73 37.16,-5.62
39.91,-6.48 39.56,-6.6
39.56,-6.6 38.93,-6.69
38.93,-6.69 38.87,-6.69
38.87,-6.69 38.23,-6.69
38.23,-6.69 37.72,-6.63
38.26,-6.43 38.66,-6.44
38.66,-6.44 39.19,-6.39
39.19,-6.39 39.78,-6.24
39.78,-6.24 39.9,-6.19
39.9,-6.19 40.08,-6.03
40.08,-6.03 40.11,-5.95
40.11,-5.95 40.12,-5.92
37.02,-5.92 37.02,-5.93
37.02,-5.93 37.02,-5.94
37.02,-5.94 37.02,-5.96
37.02,-5.96 37.09,-6.07
37.09,-6.07 37.19,-6.15
37.19,-6.15 37.21,-6.17
37.21,-6.17 37.23,-6.18
37.23,-6.18 37.48,-6.29
37.48,-6.29 37.8,-6.37
37.8,-6.37 37.84,-6.38
37.84,-6.38 37.89,-6.38
37.89,-6.38 38.26,-6.43
37.72,-6.63 37.38,-6.54
37.38,-6.54 37.1,-6.44
37.1,-6.44 36.91,-6.31
36.91,-6.31 36.82,-6.19
36.82,-6.19 36.82,-6.17
36.82,-6.17 36.81,-6.15
36.81,-6.15 36.81,-6.11
36.81,-6.11 36.85,-5.99
36.85,-5.99 36.86,-5.97
36.86,-5.97 36.87,-5.96
36.87,-5.96 37.02,-5.83
37.02,-5.46 37.16,-5.62
36.88,-5.09 37.02,-5.46
36.39,-11.42 37.91,-11.61
40.42,-7 42.62,-7.28
43.37,-5.43 43.37,-5.32
39.98,-5.32 39.98,-5.43
43.22,-6.28 43.22,-5.83
40.13,-5.82 40.12,-6.28
40.28,-5 40.31,-4.98
40.31,-4.98 40.64,-4.87
40.64,-4.87 40.91,-4.82
40.91,-4.82 41.45,-4.76
41.45,-4.76 41.93,-4.76
41.93,-4.76 42.33,-4.8
42.33,-4.8 42.82,-4.9
42.82,-4.9 42.85,-4.91
42.85,-4.91 42.89,-4.93
42.89,-4.93 43.27,-5.13
43.27,-5.13 43.29,-5.15
43.29,-5.15 43.3,-5.17
43.3,-5.17 43.36,-5.29
43.36,-5.29 43.37,-5.32
43.37,-5.32 43.37,-5.34
43.37,-5.34 43.36,-5.36
43.36,-5.36 43.36,-5.38
43.36,-5.38 43.35,-5.39
43.35,-5.39 43.21,-5.56
43.21,-5.56 43.18,-5.58
43.18,-5.58 43.16,-5.59
43.16,-5.59 42.59,-5.79
42.59,-5.79 42.12,-5.86
42.12,-5.86 41.86,-5.88
41.86,-5.88 41.24,-5.87
41.24,-5.87 41.19,-5.86
41.19,-5.86 40.85,-5.81
40.85,-5.81 40.51,-5.73
40.51,-5.73 40.24,-5.62
40.24,-5.62 40.22,-5.61
40.22,-5.61 40.06,-5.5
40.06,-5.5 40.05,-5.48
40.05,-5.48 40.03,-5.46
40.03,-5.46 40.02,-5.45
40.02,-5.45 39.98,-5.36
39.98,-5.36 39.98,-5.34
39.98,-5.34 39.98,-5.33
39.98,-5.33 39.98,-5.31
39.98,-5.31 39.99,-5.26
39.98,-5.43 39.98,-5.44
39.98,-5.44 39.98,-5.45
43.12,-5.92 42.83,-6.06
42.83,-6.06 42.8,-6.08
42.8,-6.08 42.48,-6.16
42.48,-6.16 42.06,-6.22
42.06,-6.22 41.71,-6.23
41.71,-6.23 41.66,-6.23
41.66,-6.23 41.61,-6.23
41.61,-6.23 41.56,-6.23
41.56,-6.23 41.41,-6.23
41.41,-6.23 40.93,-6.17
40.93,-6.17 40.6,-6.09
40.6,-6.09 40.27,-5.98
43.22,-6.2 43.33,-6.28
43.33,-6.28 43.4,-6.37
43.4,-6.37 43.43,-6.47
43.43,-6.47 43.41,-6.56
43.41,-6.56 43.09,-6.83
43.09,-6.83 42.67,-6.96
42.67,-6.96 42.03,-7.05
42.03,-7.05 41.98,-7.05
41.98,-7.05 41.34,-7.05
41.34,-7.05 40.83,-6.99
41.36,-6.79 41.76,-6.8
41.76,-6.8 42.3,-6.76
42.3,-6.76 42.89,-6.61
42.89,-6.61 43,-6.55
43,-6.55 43.19,-6.39
43.19,-6.39 43.22,-6.31
43.22,-6.31 43.22,-6.28
40.12,-6.28 40.12,-6.29
40.12,-6.29 40.13,-6.31
40.13,-6.31 40.13,-6.32
40.13,-6.32 40.2,-6.44
40.2,-6.44 40.29,-6.52
40.29,-6.52 40.31,-6.53
40.31,-6.53 40.34,-6.55
40.34,-6.55 40.58,-6.65
40.58,-6.65 40.9,-6.73
40.9,-6.73 40.95,-6.74
40.95,-6.74 40.99,-6.75
40.99,-6.75 41.36,-6.79
40.83,-6.99 40.48,-6.91
40.48,-6.91 40.2,-6.8
40.2,-6.8 40.01,-6.67
40.01,-6.67 39.93,-6.55
39.93,-6.55 39.92,-6.53
39.92,-6.53 39.92,-6.52
39.92,-6.52 39.91,-6.48
39.91,-6.48 39.95,-6.36
39.95,-6.36 39.96,-6.34
39.96,-6.34 39.98,-6.32
39.98,-6.32 40.13,-6.2
40.13,-5.82 40.27,-5.98
43.12,-5.92 43.22,-5.82
39.98,-5.45 40.13,-5.82
43.37,-5.43 43.22,-5.82
40.26,-4.99 39.98,-5.25
40.28,-5 39.99,-5.26
40.26,-4.99 40.26,-5.02
39.42,-6.88 39.91,-6.48
25.69,-12.7 32.01,-13.49
32.87,-12.44 33.16,-12.48
32.19,-13.04 33.15,-12.19
25.7,-6.49 25.69,-6.66
26.29,-5.96 25.71,-6.48
33.27,-6.18 32.64,-6.11
32.4,-7.6 33.15,-6.93
25.69,-6.67 25.69,-12.7
25.94,-12.68 25.94,-12.45
32.19,-8.37 32.4,-7.6
32.19,-13.33 32.19,-8.37
31.85,-13.19 31.85,-13.42
33.26,-12.39 33.25,-6.2
25.82,-9.47 31.87,-10.23
25.82,-6.72 25.82,-9.46
25.82,-12.37 31.87,-13.14
25.82,-9.59 25.82,-12.37
32.19,-12.96 33.03,-12.17
31.13,-13.28 26.62,-12.72
31.13,-13.28 31.22,-13.35
31.22,-13.35 31.91,-13.44
31.91,-13.44 31.91,-13.48
25.85,-12.71 25.85,-12.68
25.85,-12.68 26.53,-12.76
26.61,-12.65 26.18,-12.6
31.79,-13.3 31.36,-13.25
33.28,-6.18 32.04,-7.28
29.84,-7 25.71,-6.49
32.04,-7.48 25.69,-6.67
32.41,-7.59 32.41,-7.15
33.25,-6.39 32.04,-7.47
32.04,-7.28 32.04,-13.46
28.84,-6.88 28.84,-7.07
32.19,-13.33 32.01,-13.49
33.16,-12.48 33.26,-12.39
33.16,-12.13 33.16,-12.48
33.16,-6.47 33.16,-12.13
33.03,-12.17 33.03,-7.05
31.87,-10.23 31.87,-7.48
25.82,-6.72 31.87,-7.49
29.69,-7.18 29.69,-7.18
31.87,-13.14 31.87,-10.35
25.82,-9.59 31.87,-10.35
27.33,-12.56 27.33,-11.61
25.94,-12.45 31.85,-13.19
26.96,-12.07 26.96,-12.44
27.27,-12.11 26.96,-12.07
27.27,-12.48 27.27,-12.11
26.96,-12.44 27.27,-12.48
26.89,-12.43 26.89,-12.06
26.34,-12.36 26.89,-12.43
26.34,-11.99 26.34,-12.36
26.89,-12.06 26.34,-11.99
29.69,-7.18 29.69,-7.18
26.53,-12.76 26.62,-12.72
26.18,-12.6 26.18,-12.48
26.61,-12.65 26.61,-12.53
31.36,-13.25 31.36,-13.13
31.79,-13.3 31.79,-13.19
26.3,-4.96 26.3,-5.07
29.54,-5.92 29.54,-5.79
26.44,-5.46 26.44,-5.92
26.34,-4.82 26.57,-4.65
26.57,-4.65 26.6,-4.63
26.6,-4.63 26.63,-4.62
26.63,-4.62 26.96,-4.51
26.96,-4.51 27.23,-4.45
27.23,-4.45 27.77,-4.4
27.77,-4.4 28.25,-4.4
28.25,-4.4 28.65,-4.44
28.65,-4.44 29.13,-4.54
29.13,-4.54 29.17,-4.55
29.17,-4.55 29.21,-4.56
29.21,-4.56 29.59,-4.77
29.59,-4.77 29.61,-4.79
29.61,-4.79 29.62,-4.8
29.62,-4.8 29.68,-4.92
29.68,-4.92 29.68,-4.96
29.68,-4.96 29.68,-4.98
29.68,-4.98 29.68,-4.99
29.68,-4.99 29.68,-5
29.4,-5.25 28.91,-5.43
28.91,-5.43 28.43,-5.5
28.43,-5.5 28.18,-5.52
28.18,-5.52 27.55,-5.5
27.55,-5.5 27.5,-5.5
27.5,-5.5 27.17,-5.45
27.17,-5.45 26.83,-5.37
26.83,-5.37 26.56,-5.26
26.56,-5.26 26.53,-5.24
26.53,-5.24 26.38,-5.13
26.38,-5.13 26.37,-5.12
26.37,-5.12 26.35,-5.1
26.35,-5.1 26.34,-5.08
26.34,-5.08 26.3,-5
26.3,-5 26.3,-4.98
26.3,-4.98 26.3,-4.96
26.3,-4.96 26.3,-4.94
26.3,-4.94 26.31,-4.89
26.31,-4.89 26.31,-4.87
26.31,-4.87 26.32,-4.86
26.32,-4.86 26.33,-4.84
26.33,-4.84 26.34,-4.82
26.3,-5.07 26.3,-5.07
26.3,-5.07 26.3,-5.09
29.44,-5.56 29.15,-5.7
29.15,-5.7 29.12,-5.71
29.12,-5.71 28.8,-5.8
28.8,-5.8 28.38,-5.85
28.38,-5.85 28.03,-5.87
28.03,-5.87 27.98,-5.87
27.98,-5.87 27.93,-5.87
27.93,-5.87 27.87,-5.87
27.87,-5.87 27.72,-5.86
27.72,-5.86 27.25,-5.81
27.25,-5.81 26.92,-5.73
26.92,-5.73 26.58,-5.62
29.34,-6.48 28.98,-6.6
28.98,-6.6 28.35,-6.69
28.35,-6.69 28.29,-6.69
28.29,-6.69 27.65,-6.69
27.65,-6.69 27.15,-6.63
27.68,-6.43 28.08,-6.44
28.08,-6.44 28.61,-6.39
28.61,-6.39 29.2,-6.24
29.2,-6.24 29.32,-6.19
29.32,-6.19 29.5,-6.03
29.5,-6.03 29.54,-5.95
29.54,-5.95 29.54,-5.92
26.44,-5.92 26.44,-5.93
26.44,-5.93 26.44,-5.94
26.44,-5.94 26.45,-5.96
26.45,-5.96 26.51,-6.08
26.51,-6.08 26.61,-6.15
26.61,-6.15 26.63,-6.17
26.63,-6.17 26.65,-6.18
26.65,-6.18 26.9,-6.29
26.9,-6.29 27.22,-6.37
27.22,-6.37 27.27,-6.38
27.27,-6.38 27.31,-6.38
27.31,-6.38 27.68,-6.43
27.15,-6.63 26.8,-6.54
26.8,-6.54 26.52,-6.44
26.52,-6.44 26.33,-6.31
26.33,-6.31 26.24,-6.19
26.24,-6.19 26.24,-6.17
26.24,-6.17 26.23,-6.15
26.23,-6.15 26.23,-6.12
26.23,-6.12 26.27,-5.99
26.27,-5.99 26.28,-5.97
26.28,-5.97 26.29,-5.96
26.29,-5.96 26.44,-5.83
26.44,-5.46 26.58,-5.62
26.3,-5.09 26.44,-5.46
25.82,-11.42 27.33,-11.61
29.84,-7 32.04,-7.28
32.79,-5.43 32.79,-5.32
29.4,-5.32 29.4,-5.43
32.64,-6.28 32.64,-5.83
29.55,-5.82 29.55,-6.28
29.7,-5 29.74,-4.98
29.74,-4.98 30.07,-4.87
30.07,-4.87 30.33,-4.82
30.33,-4.82 30.87,-4.76
30.87,-4.76 31.35,-4.76
31.35,-4.76 31.75,-4.8
31.75,-4.8 32.24,-4.9
32.24,-4.9 32.28,-4.92
32.28,-4.92 32.31,-4.93
32.31,-4.93 32.69,-5.13
32.69,-5.13 32.71,-5.15
32.71,-5.15 32.73,-5.17
32.73,-5.17 32.79,-5.29
32.79,-5.29 32.79,-5.32
32.79,-5.32 32.79,-5.34
32.79,-5.34 32.78,-5.36
32.78,-5.36 32.78,-5.38
32.78,-5.38 32.77,-5.39
32.77,-5.39 32.63,-5.56
32.63,-5.56 32.6,-5.58
32.6,-5.58 32.58,-5.59
32.58,-5.59 32.02,-5.79
32.02,-5.79 31.54,-5.87
31.54,-5.87 31.28,-5.88
31.28,-5.88 30.66,-5.87
30.66,-5.87 30.61,-5.86
30.61,-5.86 30.27,-5.81
30.27,-5.81 29.93,-5.73
29.93,-5.73 29.67,-5.62
29.67,-5.62 29.64,-5.61
29.64,-5.61 29.49,-5.5
29.49,-5.5 29.47,-5.48
29.47,-5.48 29.46,-5.46
29.46,-5.46 29.44,-5.45
29.44,-5.45 29.4,-5.36
29.4,-5.36 29.4,-5.34
29.4,-5.34 29.4,-5.33
29.4,-5.33 29.4,-5.31
29.4,-5.31 29.41,-5.26
29.4,-5.43 29.4,-5.44
29.4,-5.44 29.4,-5.46
32.55,-5.92 32.26,-6.07
32.26,-6.07 32.22,-6.08
32.22,-6.08 31.9,-6.16
31.9,-6.16 31.48,-6.22
31.48,-6.22 31.13,-6.23
31.13,-6.23 31.08,-6.23
31.08,-6.23 31.03,-6.23
31.03,-6.23 30.98,-6.23
30.98,-6.23 30.83,-6.23
30.83,-6.23 30.35,-6.17
30.35,-6.17 30.02,-6.09
30.02,-6.09 29.69,-5.98
32.64,-6.2 32.75,-6.28
32.75,-6.28 32.82,-6.37
32.82,-6.37 32.85,-6.48
32.85,-6.48 32.83,-6.56
32.83,-6.56 32.51,-6.83
32.51,-6.83 32.09,-6.96
32.09,-6.96 31.45,-7.05
31.45,-7.05 31.4,-7.06
31.4,-7.06 30.76,-7.05
30.76,-7.05 30.25,-6.99
30.78,-6.79 31.18,-6.8
31.18,-6.8 31.72,-6.76
31.72,-6.76 32.31,-6.61
32.31,-6.61 32.42,-6.55
32.42,-6.55 32.61,-6.4
32.61,-6.4 32.64,-6.31
32.64,-6.31 32.64,-6.28
29.55,-6.28 29.55,-6.29
29.55,-6.29 29.55,-6.31
29.55,-6.31 29.55,-6.33
29.55,-6.33 29.62,-6.44
29.62,-6.44 29.71,-6.52
29.71,-6.52 29.73,-6.53
29.73,-6.53 29.76,-6.55
29.76,-6.55 30.01,-6.65
30.01,-6.65 30.33,-6.73
30.33,-6.73 30.37,-6.74
30.37,-6.74 30.41,-6.75
30.41,-6.75 30.78,-6.79
30.25,-6.99 29.9,-6.91
29.9,-6.91 29.63,-6.8
29.63,-6.8 29.43,-6.67
29.43,-6.67 29.35,-6.55
29.35,-6.55 29.34,-6.53
29.34,-6.53 29.34,-6.52
29.34,-6.52 29.33,-6.48
29.33,-6.48 29.37,-6.36
29.37,-6.36 29.38,-6.34
29.38,-6.34 29.4,-6.32
29.4,-6.32 29.55,-6.2
29.55,-5.82 29.69,-5.98
32.55,-5.92 32.64,-5.82
29.4,-5.46 29.55,-5.82
32.79,-5.43 32.64,-5.82
29.68,-5 29.4,-5.25
29.7,-5 29.41,-5.26
29.68,-5 29.68,-5.02
28.84,-6.88 29.33,-6.48
15.11,-12.7 21.42,-13.49
22.29,-12.44 22.58,-12.48
21.6,-13.05 22.57,-12.19
15.11,-6.49 15.11,-6.66
15.71,-5.96 15.12,-6.48
22.69,-6.19 22.06,-6.11
21.82,-7.6 22.57,-6.94
15.11,-6.68 15.11,-12.7
15.36,-12.68 15.36,-12.45
21.6,-8.37 21.82,-7.6
21.6,-13.33 21.6,-8.37
21.27,-13.19 21.27,-13.42
22.68,-12.39 22.67,-6.21
15.24,-9.47 21.28,-10.23
15.23,-6.72 15.23,-9.46
15.23,-12.38 21.28,-13.14
15.23,-9.59 15.23,-12.38
21.6,-12.96 22.44,-12.18
20.54,-13.29 16.04,-12.72
20.54,-13.29 20.64,-13.35
20.64,-13.35 21.32,-13.44
21.32,-13.44 21.32,-13.48
15.26,-12.71 15.26,-12.68
15.26,-12.68 15.95,-12.76
16.03,-12.65 15.6,-12.6
21.21,-13.31 20.78,-13.25
22.69,-6.18 21.46,-7.28
19.26,-7.01 15.12,-6.49
21.46,-7.48 15.11,-6.68
21.82,-7.59 21.82,-7.15
22.67,-6.39 21.46,-7.47
21.46,-7.28 21.46,-13.46
18.25,-6.88 18.25,-7.07
21.6,-13.33 21.42,-13.49
22.58,-12.48 22.68,-12.39
22.58,-12.13 22.58,-12.48
22.58,-6.48 22.58,-12.13
22.44,-12.18 22.44,-7.05
21.28,-10.23 21.28,-7.49
15.24,-6.73 21.28,-7.49
19.1,-7.18 19.1,-7.18
21.28,-13.14 21.28,-10.35
15.24,-9.59 21.28,-10.36
16.74,-12.57 16.74,-11.61
15.36,-12.45 21.27,-13.19
16.38,-12.07 16.38,-12.44
16.68,-12.11 16.38,-12.07
16.68,-12.48 16.68,-12.11
16.38,-12.44 16.68,-12.48
16.31,-12.43 16.31,-12.06
15.76,-12.36 16.31,-12.43
15.76,-11.99 15.76,-12.36
16.31,-12.06 15.76,-11.99
19.1,-7.18 19.1,-7.18
15.95,-12.76 16.04,-12.72
15.6,-12.6 15.6,-12.48
16.03,-12.65 16.03,-12.53
20.78,-13.25 20.78,-13.14
21.21,-13.31 21.21,-13.19
15.71,-4.96 15.71,-5.07
18.96,-5.92 18.95,-5.8
15.86,-5.46 15.86,-5.92
15.76,-4.83 15.99,-4.65
15.99,-4.65 16.02,-4.63
16.02,-4.63 16.05,-4.62
16.05,-4.62 16.38,-4.51
16.38,-4.51 16.64,-4.45
16.64,-4.45 17.18,-4.4
17.18,-4.4 17.66,-4.4
17.66,-4.4 18.07,-4.44
18.07,-4.44 18.55,-4.54
18.55,-4.54 18.59,-4.55
18.59,-4.55 18.62,-4.57
18.62,-4.57 19.01,-4.77
19.01,-4.77 19.02,-4.79
19.02,-4.79 19.04,-4.81
19.04,-4.81 19.1,-4.93
19.1,-4.93 19.1,-4.96
19.1,-4.96 19.1,-4.98
19.1,-4.98 19.1,-5
19.1,-5 19.1,-5
18.82,-5.26 18.33,-5.43
18.33,-5.43 17.85,-5.5
17.85,-5.5 17.59,-5.52
17.59,-5.52 16.97,-5.5
16.97,-5.5 16.92,-5.5
16.92,-5.5 16.58,-5.45
16.58,-5.45 16.24,-5.37
16.24,-5.37 15.98,-5.26
15.98,-5.26 15.95,-5.25
15.95,-5.25 15.8,-5.14
15.8,-5.14 15.78,-5.12
15.78,-5.12 15.77,-5.1
15.77,-5.1 15.76,-5.08
15.76,-5.08 15.72,-5
15.72,-5 15.71,-4.98
15.71,-4.98 15.71,-4.96
15.71,-4.96 15.71,-4.95
15.71,-4.95 15.72,-4.89
15.72,-4.89 15.73,-4.88
15.73,-4.88 15.74,-4.86
15.74,-4.86 15.75,-4.84
15.75,-4.84 15.76,-4.83
15.71,-5.07 15.71,-5.08
15.71,-5.08 15.71,-5.09
18.86,-5.56 18.57,-5.7
18.57,-5.7 18.53,-5.71
18.53,-5.71 18.21,-5.8
18.21,-5.8 17.79,-5.86
17.79,-5.86 17.44,-5.87
17.44,-5.87 17.39,-5.87
17.39,-5.87 17.34,-5.87
17.34,-5.87 17.29,-5.87
17.29,-5.87 17.14,-5.86
17.14,-5.86 16.66,-5.81
16.66,-5.81 16.33,-5.73
16.33,-5.73 16,-5.62
18.75,-6.49 18.4,-6.6
18.4,-6.6 17.76,-6.69
17.76,-6.69 17.71,-6.69
17.71,-6.69 17.07,-6.69
17.07,-6.69 16.56,-6.63
17.09,-6.43 17.49,-6.44
17.49,-6.44 18.03,-6.4
18.03,-6.4 18.62,-6.24
18.62,-6.24 18.74,-6.19
18.74,-6.19 18.92,-6.03
18.92,-6.03 18.95,-5.95
18.95,-5.95 18.96,-5.92
15.86,-5.92 15.86,-5.93
15.86,-5.93 15.86,-5.95
15.86,-5.95 15.86,-5.96
15.86,-5.96 15.93,-6.08
15.93,-6.08 16.02,-6.16
16.02,-6.16 16.05,-6.17
16.05,-6.17 16.07,-6.18
16.07,-6.18 16.32,-6.29
16.32,-6.29 16.64,-6.37
16.64,-6.37 16.68,-6.38
16.68,-6.38 16.73,-6.39
16.73,-6.39 17.09,-6.43
16.56,-6.63 16.21,-6.55
16.21,-6.55 15.94,-6.44
15.94,-6.44 15.75,-6.31
15.75,-6.31 15.66,-6.19
15.66,-6.19 15.66,-6.17
15.66,-6.17 15.65,-6.15
15.65,-6.15 15.65,-6.12
15.65,-6.12 15.69,-5.99
15.69,-5.99 15.7,-5.98
15.7,-5.98 15.71,-5.96
15.71,-5.96 15.86,-5.84
15.86,-5.46 16,-5.62
15.71,-5.09 15.86,-5.46
15.23,-11.42 16.74,-11.61
19.26,-7.01 21.46,-7.28
22.21,-5.44 22.21,-5.32
18.82,-5.32 18.82,-5.44
22.06,-6.28 22.05,-5.83
18.97,-5.83 18.96,-6.28
19.12,-5 19.15,-4.99
19.15,-4.99 19.48,-4.87
19.48,-4.87 19.75,-4.82
19.75,-4.82 20.29,-4.76
20.29,-4.76 20.77,-4.76
20.77,-4.76 21.17,-4.8
21.17,-4.8 21.65,-4.91
21.65,-4.91 21.69,-4.92
21.69,-4.92 21.73,-4.93
21.73,-4.93 22.11,-5.14
22.11,-5.14 22.13,-5.15
22.13,-5.15 22.14,-5.17
22.14,-5.17 22.2,-5.29
22.2,-5.29 22.21,-5.33
22.21,-5.33 22.2,-5.34
22.2,-5.34 22.2,-5.36
22.2,-5.36 22.2,-5.38
22.2,-5.38 22.19,-5.4
22.19,-5.4 22.05,-5.56
22.05,-5.56 22.02,-5.58
22.02,-5.58 22,-5.59
22,-5.59 21.43,-5.8
21.43,-5.8 20.96,-5.87
20.96,-5.87 20.7,-5.88
20.7,-5.88 20.07,-5.87
20.07,-5.87 20.02,-5.86
20.02,-5.86 19.69,-5.82
19.69,-5.82 19.35,-5.73
19.35,-5.73 19.08,-5.63
19.08,-5.63 19.06,-5.61
19.06,-5.61 18.9,-5.5
18.9,-5.5 18.89,-5.48
18.89,-5.48 18.87,-5.47
18.87,-5.47 18.86,-5.45
18.86,-5.45 18.82,-5.36
18.82,-5.36 18.82,-5.35
18.82,-5.35 18.82,-5.33
18.82,-5.33 18.82,-5.31
18.82,-5.31 18.83,-5.27
18.82,-5.44 18.82,-5.44
18.82,-5.44 18.82,-5.46
21.96,-5.93 21.67,-6.07
21.67,-6.07 21.64,-6.08
21.64,-6.08 21.32,-6.16
21.32,-6.16 20.9,-6.22
20.9,-6.22 20.55,-6.24
20.55,-6.24 20.5,-6.24
20.5,-6.24 20.45,-6.24
20.45,-6.24 20.4,-6.24
20.4,-6.24 20.25,-6.23
20.25,-6.23 19.77,-6.17
19.77,-6.17 19.44,-6.1
19.44,-6.1 19.11,-5.98
22.06,-6.2 22.17,-6.29
22.17,-6.29 22.24,-6.37
22.24,-6.37 22.27,-6.48
22.27,-6.48 22.25,-6.57
22.25,-6.57 21.93,-6.83
21.93,-6.83 21.51,-6.96
21.51,-6.96 20.87,-7.05
20.87,-7.05 20.82,-7.06
20.82,-7.06 20.18,-7.06
20.18,-7.06 19.67,-6.99
20.2,-6.79 20.6,-6.8
20.6,-6.8 21.13,-6.76
21.13,-6.76 21.73,-6.61
21.73,-6.61 21.84,-6.55
21.84,-6.55 22.02,-6.4
22.02,-6.4 22.06,-6.31
22.06,-6.31 22.06,-6.28
18.96,-6.28 18.96,-6.29
18.96,-6.29 18.96,-6.31
18.96,-6.31 18.97,-6.33
18.97,-6.33 19.03,-6.44
19.03,-6.44 19.13,-6.52
19.13,-6.52 19.15,-6.53
19.15,-6.53 19.18,-6.55
19.18,-6.55 19.42,-6.65
19.42,-6.65 19.74,-6.74
19.74,-6.74 19.79,-6.74
19.79,-6.74 19.83,-6.75
19.83,-6.75 20.2,-6.79
19.67,-6.99 19.32,-6.91
19.32,-6.91 19.04,-6.8
19.04,-6.8 18.85,-6.68
18.85,-6.68 18.77,-6.55
18.77,-6.55 18.76,-6.54
18.76,-6.54 18.76,-6.52
18.76,-6.52 18.75,-6.48
18.75,-6.48 18.79,-6.36
18.79,-6.36 18.8,-6.34
18.8,-6.34 18.82,-6.32
18.82,-6.32 18.96,-6.2
18.97,-5.83 19.11,-5.98
21.96,-5.93 22.06,-5.83
18.82,-5.46 18.97,-5.83
22.21,-5.44 22.06,-5.83
19.1,-5 18.82,-5.26
19.12,-5 18.83,-5.27
19.1,-5 19.1,-5.02
18.25,-6.88 18.75,-6.48
