3.73,-10.59 10.67,-11.46
11.53,-10.41 11.82,-10.45
10.85,-11.02 11.82,-10.16
3.73,-4.38 3.73,-4.55
4.65,-3.57 3.74,-4.37
11.94,-4.16 11.11,-4.05
7.97,-3.66 7.74,-3.63
11.07,-5.57 11.82,-4.91
3.73,-4.57 3.73,-10.59
3.98,-10.57 3.98,-10.34
10.85,-6.34 11.07,-5.57
10.85,-11.3 10.85,-6.34
10.48,-11.16 10.48,-11.39
11.92,-10.36 11.92,-4.18
3.86,-7.36 8.72,-7.97
3.85,-4.61 3.85,-7.35
3.85,-10.26 10.53,-11.11
3.85,-7.48 3.85,-10.26
10.85,-10.93 11.69,-10.15
9.75,-11.25 4.66,-10.61
9.75,-11.25 9.85,-11.32
9.85,-11.32 10.53,-11.4
10.53,-11.4 10.53,-11.44
3.88,-10.6 3.88,-10.57
3.88,-10.57 4.57,-10.65
4.65,-10.54 4.22,-10.49
10.42,-11.27 9.99,-11.22
11.94,-4.15 10.7,-5.25
7.88,-4.9 3.74,-4.38
10.7,-5.45 3.73,-4.57
11.07,-5.56 11.07,-5.12
11.92,-4.36 10.71,-5.44
10.7,-5.25 10.71,-11.43
7.2,-4.81 7.2,-5.01
10.85,-11.3 10.67,-11.46
11.82,-10.45 11.92,-10.36
11.82,-10.1 11.82,-10.45
11.82,-4.45 11.82,-10.1
11.69,-10.15 11.69,-5.02
10.53,-11.11 10.53,-5.45
3.86,-4.62 10.53,-5.46
7.72,-5.07 7.72,-5.07
3.86,-7.48 8.72,-8.09
5.36,-10.45 5.36,-9.5
3.98,-10.34 10.48,-11.16
5,-9.96 5,-10.33
5.3,-10 5,-9.96
5.3,-10.37 5.3,-10
5,-10.33 5.3,-10.37
4.94,-10.33 4.94,-9.95
4.38,-10.26 4.94,-10.33
4.38,-9.88 4.38,-10.26
4.94,-9.95 4.38,-9.88
7.72,-5.07 7.72,-5.07
4.57,-10.65 4.66,-10.61
4.22,-10.49 4.22,-10.37
4.65,-10.54 4.65,-10.42
9.99,-11.22 9.99,-11.1
10.42,-11.27 10.42,-11.15
7.89,-2.96 7.89,-2.85
4.5,-2.85 4.5,-2.96
7.74,-3.81 7.74,-3.35
4.65,-3.35 4.65,-3.81
4.55,-2.71 4.78,-2.54
4.78,-2.54 4.81,-2.52
4.81,-2.52 4.84,-2.51
4.84,-2.51 5.17,-2.4
5.17,-2.4 5.43,-2.34
5.43,-2.34 5.97,-2.29
5.97,-2.29 6.45,-2.29
6.45,-2.29 6.85,-2.33
6.85,-2.33 7.34,-2.43
7.34,-2.43 7.38,-2.44
7.38,-2.44 7.41,-2.45
7.41,-2.45 7.79,-2.66
7.79,-2.66 7.81,-2.68
7.81,-2.68 7.83,-2.69
7.83,-2.69 7.89,-2.82
7.89,-2.82 7.89,-2.85
7.89,-2.85 7.89,-2.87
7.89,-2.87 7.88,-2.88
7.88,-2.88 7.88,-2.9
7.88,-2.9 7.87,-2.92
7.87,-2.92 7.73,-3.09
7.73,-3.09 7.71,-3.1
7.71,-3.1 7.68,-3.12
7.68,-3.12 7.12,-3.32
7.12,-3.32 6.64,-3.39
6.64,-3.39 6.38,-3.41
6.38,-3.41 5.76,-3.39
5.76,-3.39 5.71,-3.39
5.71,-3.39 5.37,-3.34
5.37,-3.34 5.03,-3.26
5.03,-3.26 4.77,-3.15
4.77,-3.15 4.74,-3.14
4.74,-3.14 4.59,-3.02
4.59,-3.02 4.57,-3.01
4.57,-3.01 4.56,-2.99
4.56,-2.99 4.54,-2.97
4.54,-2.97 4.51,-2.89
4.51,-2.89 4.5,-2.87
4.5,-2.87 4.5,-2.85
4.5,-2.85 4.5,-2.84
4.5,-2.84 4.51,-2.78
4.51,-2.78 4.52,-2.77
4.52,-2.77 4.53,-2.75
4.53,-2.75 4.54,-2.73
4.54,-2.73 4.55,-2.71
4.5,-2.96 4.5,-2.97
4.5,-2.97 4.5,-2.98
7.65,-3.45 7.36,-3.59
7.36,-3.59 7.32,-3.6
7.32,-3.6 7,-3.69
7,-3.69 6.58,-3.74
6.58,-3.74 6.23,-3.76
6.23,-3.76 6.18,-3.76
6.18,-3.76 6.13,-3.76
6.13,-3.76 6.08,-3.76
6.08,-3.76 5.93,-3.75
5.93,-3.75 5.45,-3.7
5.45,-3.7 5.12,-3.62
5.12,-3.62 4.79,-3.51
7.74,-3.72 7.85,-3.81
7.85,-3.81 7.92,-3.9
7.92,-3.9 7.95,-4
7.95,-4 7.94,-4.09
7.94,-4.09 7.61,-4.35
7.61,-4.35 7.19,-4.49
7.19,-4.49 6.55,-4.58
6.55,-4.58 6.5,-4.58
6.5,-4.58 5.86,-4.58
5.86,-4.58 5.35,-4.52
5.88,-4.32 6.28,-4.33
6.28,-4.33 6.82,-4.28
6.82,-4.28 7.41,-4.13
7.41,-4.13 7.52,-4.08
7.52,-4.08 7.71,-3.92
7.71,-3.92 7.74,-3.84
7.74,-3.84 7.74,-3.81
4.65,-3.81 4.65,-3.82
4.65,-3.82 4.65,-3.83
4.65,-3.83 4.65,-3.85
4.65,-3.85 4.72,-3.97
4.72,-3.97 4.81,-4.04
4.81,-4.04 4.83,-4.06
4.83,-4.06 4.86,-4.07
4.86,-4.07 5.11,-4.18
5.11,-4.18 5.43,-4.26
5.43,-4.26 5.47,-4.27
5.47,-4.27 5.51,-4.28
5.51,-4.28 5.88,-4.32
5.35,-4.52 5,-4.44
5,-4.44 4.73,-4.33
4.73,-4.33 4.54,-4.2
4.54,-4.2 4.45,-4.08
4.45,-4.08 4.44,-4.06
4.44,-4.06 4.44,-4.04
4.44,-4.04 4.44,-4.01
4.44,-4.01 4.47,-3.88
4.47,-3.88 4.49,-3.87
4.49,-3.87 4.5,-3.85
4.5,-3.85 4.65,-3.73
4.65,-3.35 4.79,-3.51
7.65,-3.45 7.74,-3.35
4.5,-2.98 4.65,-3.35
7.89,-2.96 7.74,-3.35
3.85,-9.31 5.36,-9.5
7.88,-4.9 10.7,-5.25
11.26,-3.38 11.26,-3.27
7.87,-3.27 7.87,-3.38
11.11,-4.23 11.11,-3.78
8.02,-3.77 8.01,-4.23
7.92,-3.14 8.14,-2.96
8.14,-2.96 8.17,-2.95
8.17,-2.95 8.2,-2.93
8.2,-2.93 8.53,-2.82
8.53,-2.82 8.8,-2.77
8.8,-2.77 9.34,-2.71
9.34,-2.71 9.82,-2.71
9.82,-2.71 10.22,-2.75
10.22,-2.75 10.71,-2.85
10.71,-2.85 10.74,-2.87
10.74,-2.87 10.78,-2.88
10.78,-2.88 11.16,-3.08
11.16,-3.08 11.18,-3.1
11.18,-3.1 11.19,-3.12
11.19,-3.12 11.25,-3.24
11.25,-3.24 11.26,-3.27
11.26,-3.27 11.26,-3.29
11.26,-3.29 11.25,-3.31
11.25,-3.31 11.25,-3.33
11.25,-3.33 11.24,-3.34
11.24,-3.34 11.1,-3.51
11.1,-3.51 11.07,-3.53
11.07,-3.53 11.05,-3.54
11.05,-3.54 10.48,-3.74
10.48,-3.74 10.01,-3.81
10.01,-3.81 9.75,-3.83
9.75,-3.83 9.13,-3.82
9.13,-3.82 9.08,-3.81
9.08,-3.81 8.74,-3.76
8.74,-3.76 8.4,-3.68
8.4,-3.68 8.13,-3.57
8.13,-3.57 8.11,-3.56
8.11,-3.56 7.95,-3.45
7.95,-3.45 7.94,-3.43
7.94,-3.43 7.93,-3.41
7.93,-3.41 7.91,-3.4
7.91,-3.4 7.87,-3.31
7.87,-3.31 7.87,-3.29
7.87,-3.29 7.87,-3.28
7.87,-3.28 7.87,-3.26
7.87,-3.26 7.88,-3.21
7.88,-3.21 7.89,-3.19
7.89,-3.19 7.9,-3.17
7.9,-3.17 7.91,-3.15
7.91,-3.15 7.92,-3.14
7.87,-3.38 7.87,-3.39
7.87,-3.39 7.87,-3.4
11.02,-3.87 10.72,-4.01
10.72,-4.01 10.69,-4.03
10.69,-4.03 10.37,-4.11
10.37,-4.11 9.95,-4.17
9.95,-4.17 9.6,-4.18
9.6,-4.18 9.55,-4.18
9.55,-4.18 9.5,-4.18
9.5,-4.18 9.45,-4.18
9.45,-4.18 9.3,-4.18
9.3,-4.18 8.82,-4.12
8.82,-4.12 8.49,-4.04
8.49,-4.04 8.16,-3.93
11.11,-4.15 11.22,-4.23
11.22,-4.23 11.29,-4.32
11.29,-4.32 11.32,-4.42
11.32,-4.42 11.3,-4.51
11.3,-4.51 10.98,-4.78
10.98,-4.78 10.56,-4.91
10.56,-4.91 9.92,-5
9.92,-5 9.87,-5
9.87,-5 9.23,-5
9.23,-5 8.72,-4.94
9.25,-4.74 9.65,-4.75
9.65,-4.75 10.19,-4.71
10.19,-4.71 10.78,-4.56
10.78,-4.56 10.89,-4.5
10.89,-4.5 11.08,-4.34
11.08,-4.34 11.11,-4.26
11.11,-4.26 11.11,-4.23
8.01,-4.23 8.01,-4.24
8.01,-4.24 8.02,-4.26
8.02,-4.26 8.02,-4.27
8.02,-4.27 8.09,-4.39
8.09,-4.39 8.18,-4.47
8.18,-4.47 8.2,-4.48
8.2,-4.48 8.23,-4.5
8.23,-4.5 8.47,-4.6
8.47,-4.6 8.79,-4.68
8.79,-4.68 8.84,-4.69
8.84,-4.69 8.88,-4.7
8.88,-4.7 9.25,-4.74
8.72,-4.94 8.37,-4.86
8.37,-4.86 8.09,-4.75
8.09,-4.75 7.9,-4.62
7.9,-4.62 7.82,-4.5
7.82,-4.5 7.81,-4.48
7.81,-4.48 7.81,-4.47
7.81,-4.47 7.8,-4.43
7.8,-4.43 7.84,-4.31
7.84,-4.31 7.85,-4.29
7.85,-4.29 7.87,-4.27
7.87,-4.27 8.02,-4.15
8.02,-3.77 8.16,-3.93
11.02,-3.87 11.11,-3.77
7.87,-3.4 8.02,-3.77
11.26,-3.38 11.11,-3.77
8.72,-5.23 8.72,-10.88
7.2,-4.81 8.02,-4.04
