1.13,-.71 1.13,-3.49
1.13,-.71 1.91,-.64
1.91,-.64 5.1,-.75
5.1,-3.63 4.54,-3.94
4.54,-3.94 4.54,-.85
4.54,-.85 5.1,-.75
4.54,-.85 1.13,-.71
1.18,-.79 4.47,-.91
1.18,-2.05 4.46,-2.3
4.54,-2.39 4.54,-2.39
5.09,-2.11 4.54,-2.31
5.09,-2.28 4.54,-2.48
4.54,-3.84 5.1,-3.54
2.12,-.89 2.8,-.91
2.8,-.91 2.8,-1.78
2.8,-1.78 2.12,-1.72
3.2,-.94 3.93,-.96
3.93,-.96 3.93,-1.85
3.93,-1.85 3.2,-1.81
2.73,-2.41 4.46,-2.55
1.17,-3.77 1.48,-3.79
1.17,-3.77 1.17,-3.5
4.46,-2.47 1.13,-2.2
4.12,-4.21 4.48,-4.23
4.48,-4.23 5.02,-3.88
5.02,-3.88 5.02,-3.67
1.48,-3.79 1.96,-3.6
4.47,-3.82 2.52,-3.58
2.52,-3.58 1.17,-3.42
4.42,-3.93 1.13,-3.49
4.42,-3.9 4.51,-3.87
2.68,-2.4 1.18,-2.29
5.1,-.75 5.1,-3.63
1.18,-2.05 1.18,-.79
2.68,-2.4 2.68,-3.6
2.73,-2.41 2.73,-3.6
1.18,-2.29 1.18,-3.42
4.12,-4.21 4.12,-3.89
4.48,-4.23 4.48,-3.94
4.42,-3.93 4.42,-3.9
4.51,-3.87 4.51,-3.84
1.48,-3.79 1.48,-3.54
2.12,-1.72 2.12,-.89
3.2,-1.81 3.2,-.94
4.47,-.91 4.47,-3.82
4.54,-3.94 4.48,-3.94
4.54,-3.84 4.51,-3.84
