19.49,-10.91 19.49,-15.77
19.49,-15.77 12.24,-15.77
30.08,-16.66 12.24,-16.66
30.08,-10.76 30.08,-16.66
12.24,-17.16 12.24,-15.27
11.07,-16.21 5.85,-16.21
12.24,-15.27 11.07,-16.21
11.07,-16.21 12.24,-17.16
15.81,-10.62 19.92,-11.14
20.79,-10.09 21.08,-10.13
20.1,-10.69 21.07,-9.84
15.81,-4.42 15.81,-4.58
16.95,-3.41 15.82,-4.4
21.19,-3.83 20.06,-3.69
20.32,-5.25 21.07,-4.58
15.81,-4.6 15.81,-10.62
16.06,-10.6 16.06,-10.37
20.1,-6.02 20.32,-5.25
20.1,-10.63 20.1,-6.02
19.7,-10.83 19.7,-11.06
21.18,-10.04 21.17,-3.85
15.94,-7.39 19.78,-7.87
15.93,-4.65 15.93,-7.38
15.93,-10.3 19.78,-10.78
15.93,-7.51 15.93,-10.3
20.1,-10.61 20.94,-9.82
18.98,-10.92 16.74,-10.64
18.98,-10.92 19.07,-10.99
19.07,-10.99 19.76,-11.08
19.76,-11.08 19.76,-11.11
15.96,-10.63 15.96,-10.6
15.96,-10.6 16.65,-10.69
16.72,-10.58 16.3,-10.52
19.64,-10.94 19.21,-10.89
21.19,-3.83 19.95,-4.93
19.95,-4.93 15.81,-4.47
19.95,-5.12 15.81,-4.6
20.32,-5.24 20.32,-4.8
21.17,-4.04 19.96,-5.12
19.95,-4.93 19.96,-11.11
20.1,-10.63 20.1,-10.76
20.1,-10.98 20.1,-10.76
20.1,-10.98 19.92,-11.14
21.08,-10.13 21.18,-10.04
21.08,-9.78 21.08,-10.13
21.08,-4.12 21.08,-9.78
20.94,-9.82 20.94,-4.7
19.78,-7.87 19.78,-5.13
15.94,-4.65 19.78,-5.13
19.8,-5.1 19.8,-5.1
19.78,-10.78 19.78,-8
15.94,-7.52 19.78,-8
18.27,-9.64 19.78,-9.83
18.27,-10.59 18.27,-9.64
19.78,-10.37 19.78,-10.37
16.06,-10.37 19.7,-10.83
18.32,-10.16 18.32,-10.53
18.63,-10.2 18.32,-10.16
18.63,-10.57 18.63,-10.2
18.32,-10.53 18.63,-10.57
19.23,-10.65 19.23,-10.27
18.68,-10.58 19.23,-10.65
18.68,-10.2 18.68,-10.58
19.23,-10.27 18.68,-10.2
20.1,-10.63 20.1,-10.63
19.8,-5.1 19.8,-5.1
16.65,-10.69 16.74,-10.64
16.3,-10.52 16.3,-10.4
16.72,-10.58 16.72,-10.46
19.21,-10.89 19.21,-10.77
19.64,-10.94 19.64,-10.82
20.21,-3.04 20.21,-2.93
16.82,-2.93 16.82,-3.04
20.07,-3.89 20.06,-3.44
16.97,-3.43 16.97,-3.89
16.87,-2.8 17.1,-2.62
17.1,-2.62 17.13,-2.61
17.13,-2.61 17.16,-2.59
17.16,-2.59 17.49,-2.48
17.49,-2.48 17.75,-2.43
17.75,-2.43 18.29,-2.37
18.29,-2.37 18.77,-2.37
18.77,-2.37 19.18,-2.41
19.18,-2.41 19.66,-2.51
19.66,-2.51 19.7,-2.53
19.7,-2.53 19.73,-2.54
19.73,-2.54 20.12,-2.75
20.12,-2.75 20.13,-2.76
20.13,-2.76 20.15,-2.78
20.15,-2.78 20.21,-2.9
20.21,-2.9 20.21,-2.93
20.21,-2.93 20.21,-2.95
20.21,-2.95 20.21,-2.97
20.21,-2.97 20.2,-2.99
20.2,-2.99 20.2,-3
20.2,-3 20.05,-3.17
20.05,-3.17 20.03,-3.19
20.03,-3.19 20,-3.2
20,-3.2 19.44,-3.4
19.44,-3.4 18.96,-3.48
18.96,-3.48 18.7,-3.49
18.7,-3.49 18.08,-3.48
18.08,-3.48 18.03,-3.47
18.03,-3.47 17.69,-3.42
17.69,-3.42 17.35,-3.34
17.35,-3.34 17.09,-3.23
17.09,-3.23 17.06,-3.22
17.06,-3.22 16.91,-3.11
16.91,-3.11 16.89,-3.09
16.89,-3.09 16.88,-3.07
16.88,-3.07 16.87,-3.06
16.87,-3.06 16.83,-2.97
16.83,-2.97 16.82,-2.95
16.82,-2.95 16.82,-2.94
16.82,-2.94 16.82,-2.92
16.82,-2.92 16.83,-2.87
16.83,-2.87 16.84,-2.85
16.84,-2.85 16.85,-2.83
16.85,-2.83 16.86,-2.82
16.86,-2.82 16.87,-2.8
16.82,-3.04 16.82,-3.05
16.82,-3.05 16.82,-3.07
19.97,-3.53 19.68,-3.68
19.68,-3.68 19.64,-3.69
19.64,-3.69 19.32,-3.77
19.32,-3.77 18.9,-3.83
18.9,-3.83 18.55,-3.84
18.55,-3.84 18.5,-3.84
18.5,-3.84 18.45,-3.84
18.45,-3.84 18.4,-3.84
18.4,-3.84 18.25,-3.84
18.25,-3.84 17.77,-3.78
17.77,-3.78 17.44,-3.7
17.44,-3.7 17.11,-3.59
20.06,-3.81 20.18,-3.89
20.18,-3.89 20.25,-3.98
20.25,-3.98 20.28,-4.09
20.28,-4.09 20.26,-4.17
20.26,-4.17 19.93,-4.44
19.93,-4.44 19.51,-4.57
19.51,-4.57 18.87,-4.66
18.87,-4.66 18.82,-4.67
18.82,-4.67 18.18,-4.66
18.18,-4.66 17.67,-4.6
18.2,-4.4 18.6,-4.41
18.6,-4.41 19.14,-4.37
19.14,-4.37 19.73,-4.22
19.73,-4.22 19.84,-4.16
19.84,-4.16 20.03,-4.01
20.03,-4.01 20.06,-3.92
20.06,-3.92 20.07,-3.89
16.97,-3.89 16.97,-3.9
16.97,-3.9 16.97,-3.92
16.97,-3.92 16.97,-3.94
16.97,-3.94 17.04,-4.05
17.04,-4.05 17.13,-4.13
17.13,-4.13 17.16,-4.14
17.16,-4.14 17.18,-4.16
17.18,-4.16 17.43,-4.26
17.43,-4.26 17.75,-4.34
17.75,-4.34 17.79,-4.35
17.79,-4.35 17.84,-4.36
17.84,-4.36 18.2,-4.4
17.67,-4.6 17.32,-4.52
17.32,-4.52 17.05,-4.41
17.05,-4.41 16.86,-4.28
16.86,-4.28 16.77,-4.16
16.77,-4.16 16.76,-4.14
16.76,-4.14 16.76,-4.13
16.76,-4.13 16.76,-4.09
16.76,-4.09 16.8,-3.97
16.8,-3.97 16.81,-3.95
16.81,-3.95 16.82,-3.93
16.82,-3.93 16.97,-3.81
16.97,-3.43 17.11,-3.59
19.97,-3.53 20.06,-3.43
16.82,-3.07 16.97,-3.43
20.21,-3.04 20.06,-3.43
26.37,-10.45 30.49,-10.96
31.35,-9.92 31.64,-9.95
30.67,-10.52 31.63,-9.66
26.38,-4.24 26.37,-4.41
27.51,-3.23 26.38,-4.22
31.76,-3.66 30.62,-3.51
30.88,-5.07 31.63,-4.41
26.37,-4.42 26.37,-10.45
26.62,-10.43 26.62,-10.2
30.67,-5.85 30.88,-5.07
30.67,-10.45 30.67,-5.85
30.27,-10.66 30.27,-10.89
31.74,-9.87 31.73,-3.68
26.5,-7.22 30.35,-7.7
26.49,-4.47 26.49,-7.21
26.49,-10.12 30.35,-10.61
26.49,-7.34 26.49,-10.12
30.67,-10.43 31.51,-9.65
29.54,-10.75 27.3,-10.46
29.54,-10.75 29.63,-10.82
29.63,-10.82 30.32,-10.9
30.32,-10.9 30.32,-10.93
26.52,-10.46 26.52,-10.42
26.52,-10.42 27.21,-10.51
27.29,-10.4 26.86,-10.35
30.21,-10.77 29.78,-10.71
31.76,-3.66 30.52,-4.75
30.52,-4.75 26.38,-4.29
30.51,-4.95 26.37,-4.42
30.88,-5.06 30.88,-4.63
31.73,-3.87 30.52,-4.94
30.52,-4.75 30.52,-10.93
30.67,-10.45 30.67,-10.59
30.67,-10.81 30.67,-10.59
30.67,-10.81 30.49,-10.96
31.64,-9.95 31.74,-9.87
31.64,-9.6 31.64,-9.95
31.64,-3.95 31.64,-9.6
31.51,-9.65 31.51,-4.52
30.35,-7.69 30.35,-4.96
26.5,-4.47 30.35,-4.96
30.36,-4.93 30.36,-4.93
30.35,-10.61 30.35,-7.82
26.5,-7.34 30.35,-7.82
28.83,-9.46 30.35,-9.65
28.83,-10.42 28.83,-9.46
30.35,-10.2 30.35,-10.19
26.62,-10.2 30.27,-10.66
28.89,-9.98 28.89,-10.36
29.19,-10.02 28.89,-9.98
29.19,-10.4 29.19,-10.02
28.89,-10.36 29.19,-10.4
29.79,-10.47 29.79,-10.1
29.24,-10.4 29.79,-10.47
29.24,-10.03 29.24,-10.4
29.79,-10.1 29.24,-10.03
30.67,-10.46 30.67,-10.46
30.36,-4.93 30.36,-4.93
27.21,-10.51 27.3,-10.46
26.86,-10.35 26.86,-10.23
27.29,-10.4 27.29,-10.28
29.78,-10.71 29.78,-10.6
30.21,-10.77 30.21,-10.65
30.77,-2.87 30.77,-2.76
27.39,-2.76 27.39,-2.87
30.63,-3.72 30.62,-3.26
27.53,-3.26 27.53,-3.72
27.43,-2.62 27.66,-2.45
27.66,-2.45 27.69,-2.43
27.69,-2.43 27.72,-2.42
27.72,-2.42 28.05,-2.31
28.05,-2.31 28.32,-2.25
28.32,-2.25 28.86,-2.2
28.86,-2.2 29.34,-2.2
29.34,-2.2 29.74,-2.24
29.74,-2.24 30.22,-2.34
30.22,-2.34 30.26,-2.35
30.26,-2.35 30.3,-2.36
30.3,-2.36 30.68,-2.57
30.68,-2.57 30.7,-2.59
30.7,-2.59 30.71,-2.6
30.71,-2.6 30.77,-2.72
30.77,-2.72 30.77,-2.76
30.77,-2.76 30.77,-2.78
30.77,-2.78 30.77,-2.79
30.77,-2.79 30.77,-2.81
30.77,-2.81 30.76,-2.83
30.76,-2.83 30.61,-3
30.61,-3 30.59,-3.01
30.59,-3.01 30.57,-3.03
30.57,-3.03 30,-3.23
30,-3.23 29.52,-3.3
29.52,-3.3 29.27,-3.32
29.27,-3.32 28.64,-3.3
28.64,-3.3 28.59,-3.3
28.59,-3.3 28.25,-3.25
28.25,-3.25 27.92,-3.17
27.92,-3.17 27.65,-3.06
27.65,-3.06 27.62,-3.04
27.62,-3.04 27.47,-2.93
27.47,-2.93 27.46,-2.92
27.46,-2.92 27.44,-2.9
27.44,-2.9 27.43,-2.88
27.43,-2.88 27.39,-2.8
27.39,-2.8 27.39,-2.78
27.39,-2.78 27.39,-2.76
27.39,-2.76 27.39,-2.74
27.39,-2.74 27.4,-2.69
27.4,-2.69 27.4,-2.67
27.4,-2.67 27.41,-2.66
27.41,-2.66 27.42,-2.64
27.42,-2.64 27.43,-2.62
27.39,-2.87 27.39,-2.87
27.39,-2.87 27.39,-2.89
30.53,-3.36 30.24,-3.5
30.24,-3.5 30.21,-3.51
30.21,-3.51 29.89,-3.6
29.89,-3.6 29.47,-3.65
29.47,-3.65 29.12,-3.67
29.12,-3.67 29.07,-3.67
29.07,-3.67 29.01,-3.67
29.01,-3.67 28.96,-3.67
28.96,-3.67 28.81,-3.66
28.81,-3.66 28.34,-3.61
28.34,-3.61 28.01,-3.53
28.01,-3.53 27.67,-3.42
30.63,-3.63 30.74,-3.72
30.74,-3.72 30.81,-3.8
30.81,-3.8 30.84,-3.91
30.84,-3.91 30.82,-4
30.82,-4 30.5,-4.26
30.5,-4.26 30.07,-4.4
30.07,-4.4 29.44,-4.49
29.44,-4.49 29.38,-4.49
29.38,-4.49 28.74,-4.49
28.74,-4.49 28.23,-4.43
28.77,-4.23 29.17,-4.24
29.17,-4.24 29.7,-4.19
29.7,-4.19 30.29,-4.04
30.29,-4.04 30.41,-3.99
30.41,-3.99 30.59,-3.83
30.59,-3.83 30.63,-3.75
30.63,-3.75 30.63,-3.72
27.53,-3.72 27.53,-3.73
27.53,-3.73 27.53,-3.74
27.53,-3.74 27.54,-3.76
27.54,-3.76 27.6,-3.88
27.6,-3.88 27.7,-3.95
27.7,-3.95 27.72,-3.97
27.72,-3.97 27.74,-3.98
27.74,-3.98 27.99,-4.09
27.99,-4.09 28.31,-4.17
28.31,-4.17 28.35,-4.18
28.35,-4.18 28.4,-4.18
28.4,-4.18 28.77,-4.23
28.23,-4.43 27.89,-4.34
27.89,-4.34 27.61,-4.24
27.61,-4.24 27.42,-4.11
27.42,-4.11 27.33,-3.99
27.33,-3.99 27.33,-3.97
27.33,-3.97 27.32,-3.95
27.32,-3.95 27.32,-3.92
27.32,-3.92 27.36,-3.79
27.36,-3.79 27.37,-3.77
27.37,-3.77 27.38,-3.76
27.38,-3.76 27.53,-3.63
27.53,-3.26 27.67,-3.42
30.53,-3.36 30.63,-3.26
27.39,-2.89 27.53,-3.26
30.77,-2.87 30.63,-3.26
