11.96,-10.22 16.08,-10.73
18.09,-9.83 18.38,-9.87
17.4,-10.43 18.37,-9.58
11.97,-4.01 11.97,-4.18
13.21,-2.91 11.98,-3.99
18.49,-3.57 16.79,-3.36
13.63,-2.96 13.21,-2.91
17.62,-4.99 18.37,-4.32
11.96,-4.19 11.96,-10.22
12.22,-10.2 12.22,-9.97
17.4,-5.76 17.62,-4.99
17.4,-10.72 17.4,-5.76
17,-10.57 17,-10.8
18.48,-9.78 18.47,-3.59
12.1,-6.99 17.08,-7.61
12.09,-4.24 12.09,-6.98
12.09,-7.11 12.09,-9.89
12.09,-9.89 17.08,-10.53
17.4,-10.35 18.24,-9.56
16.23,-10.66 12.9,-10.24
16.23,-10.66 16.33,-10.72
16.33,-10.72 17.06,-10.82
17.06,-10.82 17.06,-10.85
12.12,-10.24 12.12,-10.19
12.12,-10.19 12.81,-10.28
12.88,-10.17 12.46,-10.12
16.94,-10.68 16.51,-10.63
18.49,-3.57 17.25,-4.67
17.25,-4.67 11.97,-4.01
17.26,-4.85 11.96,-4.19
17.62,-4.98 17.62,-4.54
18.47,-3.78 17.26,-4.85
17.25,-4.67 17.26,-10.85
17.4,-10.72 17.22,-10.88
18.38,-9.87 18.48,-9.78
18.38,-9.52 18.38,-9.87
18.38,-3.86 18.38,-9.52
18.24,-9.56 18.24,-4.43
17.08,-7.61 17.08,-4.87
12.1,-4.24 17.08,-4.87
17.08,-10.86 17.08,-7.74
12.1,-7.11 17.08,-7.74
12.22,-9.97 17.08,-10.58
12.81,-10.28 12.9,-10.24
12.46,-10.12 12.46,-10
12.88,-10.17 12.88,-10.05
16.51,-10.63 16.51,-10.51
16.94,-10.68 16.94,-10.56
12.12,-10.23 17.22,-10.88
15.57,-9.37 17.08,-9.56
15.57,-10.33 15.57,-9.37
15.62,-9.89 15.62,-10.27
15.93,-9.93 15.62,-9.89
15.93,-10.3 15.93,-9.93
15.62,-10.27 15.93,-10.3
16.53,-10.38 16.53,-10
15.98,-10.31 16.53,-10.38
15.98,-9.93 15.98,-10.31
16.53,-10 15.98,-9.93
16.93,-2.69 16.93,-2.57
13.54,-2.57 13.54,-2.69
16.78,-3.54 16.78,-3.08
13.69,-3.08 13.68,-3.54
13.59,-2.44 13.81,-2.27
13.81,-2.27 13.84,-2.25
13.84,-2.25 13.87,-2.24
13.87,-2.24 14.2,-2.13
14.2,-2.13 14.47,-2.07
14.47,-2.07 15.01,-2.01
15.01,-2.01 15.49,-2.02
15.49,-2.02 15.89,-2.05
15.89,-2.05 16.38,-2.16
16.38,-2.16 16.41,-2.17
16.41,-2.17 16.45,-2.18
16.45,-2.18 16.83,-2.39
16.83,-2.39 16.85,-2.41
16.85,-2.41 16.86,-2.42
16.86,-2.42 16.92,-2.54
16.92,-2.54 16.93,-2.58
16.93,-2.58 16.93,-2.59
16.93,-2.59 16.92,-2.61
16.92,-2.61 16.92,-2.63
16.92,-2.63 16.91,-2.65
16.91,-2.65 16.77,-2.81
16.77,-2.81 16.74,-2.83
16.74,-2.83 16.72,-2.85
16.72,-2.85 16.15,-3.05
16.15,-3.05 15.68,-3.12
15.68,-3.12 15.42,-3.14
15.42,-3.14 14.8,-3.12
14.8,-3.12 14.75,-3.11
14.75,-3.11 14.41,-3.07
14.41,-3.07 14.07,-2.98
14.07,-2.98 13.8,-2.88
13.8,-2.88 13.78,-2.86
13.78,-2.86 13.62,-2.75
13.62,-2.75 13.61,-2.73
13.61,-2.73 13.59,-2.72
13.59,-2.72 13.58,-2.7
13.58,-2.7 13.54,-2.61
13.54,-2.61 13.54,-2.6
13.54,-2.6 13.54,-2.58
13.54,-2.58 13.54,-2.56
13.54,-2.56 13.55,-2.51
13.55,-2.51 13.56,-2.49
13.56,-2.49 13.56,-2.48
13.56,-2.48 13.57,-2.46
13.57,-2.46 13.59,-2.44
13.54,-2.69 13.54,-2.69
13.54,-2.69 13.54,-2.71
16.68,-3.18 16.39,-3.32
16.39,-3.32 16.36,-3.33
16.36,-3.33 16.04,-3.41
16.04,-3.41 15.62,-3.47
15.62,-3.47 15.27,-3.49
15.27,-3.49 15.22,-3.49
15.22,-3.49 15.17,-3.49
15.17,-3.49 15.12,-3.49
15.12,-3.49 14.97,-3.48
14.97,-3.48 14.49,-3.43
14.49,-3.43 14.16,-3.35
14.16,-3.35 13.83,-3.23
16.78,-3.45 16.89,-3.54
16.89,-3.54 16.96,-3.62
16.96,-3.62 16.99,-3.73
16.99,-3.73 16.97,-3.82
16.97,-3.82 16.65,-4.08
16.65,-4.08 16.23,-4.22
16.23,-4.22 15.59,-4.31
15.59,-4.31 15.54,-4.31
15.54,-4.31 14.9,-4.31
14.9,-4.31 14.39,-4.25
14.92,-4.04 15.32,-4.05
15.32,-4.05 15.85,-4.01
15.85,-4.01 16.45,-3.86
16.45,-3.86 16.56,-3.8
16.56,-3.8 16.75,-3.65
16.75,-3.65 16.78,-3.57
16.78,-3.57 16.78,-3.54
13.68,-3.54 13.68,-3.55
13.68,-3.55 13.68,-3.56
13.68,-3.56 13.69,-3.58
13.69,-3.58 13.75,-3.69
13.75,-3.69 13.85,-3.77
13.85,-3.77 13.87,-3.79
13.87,-3.79 13.9,-3.8
13.9,-3.8 14.14,-3.91
14.14,-3.91 14.46,-3.99
14.46,-3.99 14.51,-4
14.51,-4 14.55,-4
14.55,-4 14.92,-4.04
14.39,-4.25 14.04,-4.16
14.04,-4.16 13.76,-4.05
13.76,-4.05 13.57,-3.93
13.57,-3.93 13.49,-3.81
13.49,-3.81 13.48,-3.79
13.48,-3.79 13.48,-3.77
13.48,-3.77 13.47,-3.73
13.47,-3.73 13.51,-3.61
13.51,-3.61 13.52,-3.59
13.52,-3.59 13.54,-3.58
13.54,-3.58 13.68,-3.45
13.69,-3.08 13.83,-3.23
16.68,-3.18 16.78,-3.08
13.54,-2.71 13.69,-3.08
16.93,-2.69 16.78,-3.08
