6649.91,-3138.58 6684.61,-3138.58
6870.58,-3031.22 6872,-3030.4
6690.41,-3118.09 6870.44,-3014.15
6871.61,-3030.62 6871.26,-3030.84
6687.79,-3102.34 6650.11,-3102.34
6688.85,-3102.18 6870.33,-2998.28
6877.47,-2331.26 6474.77,-2098.76
6877.47,-2370.77 6877.47,-2331.26
6874.27,-2994.68 6874.27,-2372.62
6872,-2996.76 6872,-3030.4
6870.58,-2998.05 6870.58,-3031.22
6647.87,-2478.99 6244.98,-2246.38
6690.27,-3135.32 6690.27,-3101.43
6688.85,-3136.13 6688.85,-3102.18
6687.79,-2478.99 6687.79,-3102.34
6650.11,-2478.99 6650.11,-3102.34
6635.06,-2471.59 6635.06,-3079.23
6635.06,-3090.09 6635.06,-3079.23
6877.47,-2370.77 6690.08,-2478.96
6690.08,-2478.96 6647.87,-2478.99
6870.44,-3012.52 6858.06,-3005.37
6855.73,-3022.64 6870.58,-3031.22
6262.32,-2800.98 6262.32,-2612.66
6262.32,-2579.25 6262.32,-2256.39
6251.86,-2887.11 6251.86,-2908.77
6250.45,-2872.12 6250.45,-2883.02
6248.18,-2870.28 6248.18,-2248.22
6244.98,-2206.86 6244.98,-2246.38
6690.27,-3118.01 6690.41,-3118.09
6636.03,-3093.39 6261.41,-2877.1
6648.56,-3101.97 6638.6,-3096.21
6258.78,-2876.93 6248.82,-2871.18
6688.85,-3136.13 6250.45,-2883.02
6251.86,-2908.77 6649.91,-3138.58
6474.77,-2098.76 6432.21,-2098.76
6432.21,-2098.76 6244.98,-2206.86
6277.71,-2621.54 6248.82,-2604.86
6282.38,-2590.84 6248.18,-2571.09
6649.67,-2773.6 6248.18,-2541.8
6302.49,-2824.17 6248.18,-2792.81
6320.12,-2855.23 6320.12,-2911
6282.38,-2590.84 6294.47,-2604.82
6294.47,-2604.82 6295.38,-2619.08
6295.38,-2619.08 6288.4,-2624.55
6288.4,-2624.55 6277.71,-2621.54
6302.49,-2824.17 6320.12,-2855.23
6635.06,-3090.09 6636.03,-3093.39
6636.03,-3093.39 6638.6,-3096.21
6687.79,-3102.34 6688.85,-3102.18
6648.56,-3101.97 6650.11,-3102.34
6248.18,-2870.28 6248.82,-2871.18
6258.78,-2876.93 6261.41,-2877.1
6251.86,-2887.11 6250.45,-2883.02
6870.33,-2998.28 6874.27,-2994.68
6684.61,-3138.58 6690.27,-3135.32
6574.31,-3019.21 6635.06,-3054.29
6574.31,-3019.21 6574.31,-3057.76
9685.61,-3301.97 9720.31,-3301.97
9906.28,-3194.61 9907.69,-3193.79
9726.11,-3281.48 9906.14,-3177.54
9907.31,-3194.01 9906.96,-3194.23
9723.49,-3265.73 9685.81,-3265.73
9724.55,-3265.57 9906.03,-3161.67
9913.17,-2494.65 9510.47,-2262.15
9913.17,-2534.16 9913.17,-2494.65
9909.97,-3158.07 9909.97,-2536.01
9907.69,-3160.15 9907.69,-3193.79
9906.28,-3161.44 9906.28,-3194.61
9683.57,-2642.38 9280.68,-2409.77
9725.97,-3298.71 9725.97,-3264.82
9724.55,-3299.52 9724.55,-3265.57
9723.49,-2642.38 9723.49,-3265.73
9685.81,-2642.38 9685.81,-3265.73
9670.76,-2634.98 9670.76,-3253.48
9913.17,-2534.16 9725.78,-2642.35
9725.78,-2642.35 9683.57,-2642.38
9906.14,-3175.91 9893.76,-3168.76
9891.43,-3186.03 9906.28,-3194.61
9298.02,-2964.37 9298.02,-2776.05
9298.02,-2742.64 9298.02,-2419.78
9287.56,-3050.5 9287.56,-3072.16
9286.15,-3035.51 9286.15,-3046.41
9283.88,-3033.67 9283.88,-2411.61
9280.68,-2370.25 9280.68,-2409.77
9725.97,-3281.4 9726.11,-3281.48
9671.73,-3256.78 9297.11,-3040.49
9684.26,-3265.36 9674.29,-3259.6
9294.48,-3040.32 9284.52,-3034.57
9724.55,-3299.52 9286.15,-3046.41
9510.47,-2262.15 9467.91,-2262.15
9467.91,-2262.15 9280.68,-2370.25
9313.4,-2777.65 9284.52,-2760.98
9318.08,-2754.23 9283.88,-2734.48
9685.37,-2936.99 9283.88,-2705.19
9338.19,-2987.56 9283.88,-2956.2
9355.82,-3018.62 9355.82,-3074.39
9318.08,-2754.23 9330.17,-2763.08
9330.17,-2763.08 9331.08,-2775.2
9331.08,-2775.2 9324.09,-2780.66
9324.09,-2780.66 9313.4,-2777.65
9338.19,-2987.56 9355.82,-3018.62
9670.76,-3253.48 9671.73,-3256.78
9671.73,-3256.78 9674.29,-3259.6
9723.49,-3265.73 9724.55,-3265.57
9684.26,-3265.36 9685.81,-3265.73
9283.88,-3033.67 9284.52,-3034.57
9294.48,-3040.32 9297.11,-3040.49
9287.56,-3050.5 9286.15,-3046.41
9906.03,-3161.67 9909.97,-3158.07
9720.31,-3301.97 9725.97,-3298.71
9610.01,-3182.6 9670.76,-3217.68
9610.07,-3182.76 9610.07,-3221.31
8169.26,-3191.97 8203.96,-3191.97
8389.93,-3084.61 8391.34,-3083.79
8209.76,-3171.48 8389.79,-3067.54
8390.96,-3084.01 8390.61,-3084.23
8207.14,-3155.73 8169.46,-3155.73
8208.2,-3155.57 8389.68,-3051.67
8396.82,-2384.65 7994.12,-2152.15
8396.82,-2424.16 8396.82,-2384.65
8393.62,-3048.07 8393.62,-2426.01
8391.34,-3050.15 8391.34,-3083.79
8389.93,-3051.44 8389.93,-3084.61
8167.22,-2532.38 7764.33,-2299.77
8209.62,-3188.71 8209.62,-3154.82
8208.2,-3189.52 8208.2,-3155.57
8207.14,-2532.38 8207.14,-3155.73
8169.46,-2532.38 8169.46,-3155.73
8154.41,-2524.98 8154.41,-3132.62
8154.41,-3143.48 8154.41,-3132.62
8396.82,-2424.16 8209.43,-2532.35
8209.43,-2532.35 8167.22,-2532.38
8389.79,-3065.91 8377.41,-3058.76
8375.08,-3076.03 8389.93,-3084.61
7781.67,-2854.37 7781.67,-2666.05
7781.67,-2632.64 7781.67,-2309.78
7771.21,-2940.5 7771.21,-2962.16
7769.8,-2925.51 7769.8,-2936.41
7767.53,-2923.67 7767.53,-2301.61
7764.33,-2260.25 7764.33,-2299.77
8209.62,-3171.4 8209.76,-3171.48
8155.38,-3146.78 7780.76,-2930.49
8167.91,-3155.36 8157.95,-3149.6
7778.13,-2930.32 7768.17,-2924.57
8208.2,-3189.52 7769.8,-2936.41
7994.12,-2152.15 7951.56,-2152.15
7951.56,-2152.15 7764.33,-2260.25
7797.05,-2674.93 7768.17,-2658.25
7801.73,-2644.23 7767.53,-2624.48
8169.02,-2826.99 7767.53,-2595.19
7821.84,-2877.56 7767.53,-2846.2
7839.47,-2908.62 7839.47,-2964.39
7801.73,-2644.23 7813.82,-2658.21
7813.82,-2658.21 7814.73,-2672.48
7814.73,-2672.48 7807.75,-2677.94
7807.75,-2677.94 7797.05,-2674.93
7821.84,-2877.56 7839.47,-2908.62
8154.41,-3143.48 8155.38,-3146.78
8155.38,-3146.78 8157.95,-3149.6
8207.14,-3155.73 8208.2,-3155.57
8167.91,-3155.36 8169.46,-3155.73
7767.53,-2923.67 7768.17,-2924.57
7778.13,-2930.32 7780.76,-2930.49
7771.21,-2940.5 7769.8,-2936.41
8389.68,-3051.67 8393.62,-3048.07
8203.96,-3191.97 8209.62,-3188.71
8093.66,-3072.6 8154.41,-3107.68
8093.66,-3072.6 8093.66,-3111.15
7771.21,-2962.16 8169.26,-3191.97
9287.56,-3072.16 9685.61,-3301.97
5004.31,-4642.49 5004.31,-4459.51
5004.31,-4459.51 4891.43,-4551
4891.43,-4551 5004.31,-4642.49
5004.31,-4611 6427,-4611
6539.88,-4702.49 6539.88,-4519.51
6539.88,-4519.51 6427,-4611
6427,-4611 6539.88,-4702.49
6539.88,-4671 9618.1,-4671
9618.1,-3271 9618.1,-4671
8075.56,-3151 8075.56,-4551
6543.1,-3091 6543.1,-4491
3549.05,-4551 4891.43,-4551
3549.05,-4551 3549.05,-5351
5004.31,-4491 6543.1,-4491
6539.88,-4551 8075.56,-4551
