4742.49,-2946.35 4756.76,-2954.59
4104.29,-2576.87 4742.49,-2946.35
4116.25,-2541.2 4742.49,-2901.98
4104.29,-2576.87 4104.29,-1836.14
4116.25,-1843.04 4116.25,-2582.87
5071.18,-2740.48 5096.95,-2755.36
4718.18,-2018.01 5156.28,-1765.08
4742.49,-2946.35 4742.49,-2176.93
4805.41,-2926.5 4805.41,-2893.92
4863.05,-2218.79 5085.57,-2090.32
4077.64,-1820.76 4718.18,-2190.96
4863.05,-2342.24 5085.57,-2213.77
4863.05,-2465.7 5085.57,-2337.23
5097.45,-2757.89 5097.45,-2725.31
4863.05,-2589.16 5085.57,-2460.68
5130.22,-2738.97 5130.22,-1953.07
4863.05,-2712.61 5085.57,-2584.14
4808.38,-2867.63 5085.57,-2707.59
5097.45,-2725.31 4805.41,-2893.92
4756.76,-2954.59 4805.41,-2926.5
5097.45,-2757.89 5130.22,-2738.97
4718.18,-2190.96 5156.28,-1938.03
4116.25,-2155.5 4742.49,-2516.89
4077.64,-1647.81 4718.18,-2018.01
4718.18,-2018.01 4718.18,-2190.96
5156.28,-1765.08 5156.28,-1938.03
4077.64,-1647.81 4515.74,-1394.88
4515.74,-1394.88 5156.28,-1764.51
4077.64,-1647.81 4077.64,-1820.76
4863.05,-2836.07 4863.05,-2132.89
4949.05,-2786.41 4949.05,-2094.89
5036.05,-2736.18 5036.05,-2059.98
5097.45,-2725.31 5097.45,-1971.99
4180.15,-1618.46 4758.14,-1949.34
4504.16,-1845.58 4856.99,-1641.88
4317.34,-1534.45 4874.95,-1856.23
4459.57,-1452.17 5018.01,-1774.43
4415.07,-1783.73 4767.9,-1580.03
4324.16,-1720.08 4676.99,-1516.38
4224.07,-1660.73 4576.9,-1457.03
4614.64,-1908.84 4967.47,-1705.13
6272.85,-3065.73 6287.12,-3073.97
5822.13,-2805 6272.85,-3065.22
5834.08,-2769.34 6270.53,-3020.73
5822.13,-2805 5822.13,-2064.27
5834.08,-2071.17 5834.08,-2811
6601.53,-2859.86 6627.31,-2874.74
6248.54,-2137.39 6686.64,-1884.46
6272.85,-3065.73 6272.85,-2296.31
6335.77,-3045.88 6335.77,-3013.3
6393.41,-2338.17 6615.93,-2209.7
5795.48,-2048.89 6248.54,-2310.34
6393.41,-2461.63 6615.93,-2333.16
6393.41,-2585.08 6615.93,-2456.61
6627.81,-2877.27 6627.81,-2844.69
6393.41,-2708.54 6615.93,-2580.07
6660.58,-2858.35 6660.58,-2072.45
6393.41,-2831.99 6615.93,-2703.52
6338.74,-2987.01 6615.93,-2826.98
6627.81,-2844.69 6335.77,-3013.3
6287.12,-3073.97 6335.77,-3045.88
6627.81,-2877.27 6660.58,-2858.35
6248.54,-2310.34 6686.64,-2057.41
5834.08,-2383.63 6272.85,-2636.83
5795.48,-1875.94 6248.54,-2137.39
6248.54,-2137.39 6248.54,-2310.34
6686.64,-1884.46 6686.64,-2057.41
5795.48,-1875.94 6233.58,-1623.01
6233.58,-1623.01 6686.64,-1884.46
5795.48,-1875.94 5795.48,-2048.89
6393.41,-2955.45 6393.41,-2252.27
6479.41,-2905.79 6479.41,-2214.27
6566.41,-2855.57 6566.41,-2179.36
6627.81,-2844.69 6627.81,-2091.37
5897.98,-1846.59 6304.45,-2081.16
6222,-2073.71 6574.82,-1870.01
6035.18,-1762.58 6441.64,-1997.14
6177.41,-1680.3 6583.87,-1914.86
6132.91,-2011.86 6485.73,-1808.16
6042,-1948.21 6394.82,-1744.51
5941.91,-1888.86 6294.73,-1685.16
3148.06,-4468.99 3148.06,-4286.01
3148.06,-4286.01 3035.18,-4377.5
3035.18,-4377.5 3148.06,-4468.99
3148.06,-4437.5 6230.24,-4437.5
1948,-4377.5 3035.18,-4377.5
1948,-4377.5 1948,-5177.5
3148.06,-4317.5 4686.85,-4317.5
4686.85,-2917.5 4686.85,-4317.5
6230.24,-3037.5 6230.24,-4437.5
