21.09,-13.31 21.09,-19.26
21.09,-19.26 13.84,-19.26
24.26,-20.15 13.84,-20.15
31.68,-13.15 31.68,-19.65
13.84,-20.65 13.84,-18.76
12.67,-19.7 7.45,-19.7
13.84,-18.76 12.67,-19.7
12.67,-19.7 13.84,-20.65
42.25,-13.15 42.25,-20.65
25.42,-21.09 25.42,-19.2
25.42,-19.2 24.25,-20.14
24.25,-20.14 25.42,-21.09
25.42,-19.65 31.68,-19.65
25.42,-20.65 42.25,-20.65
17.34,-12.98 21.46,-13.5
22.32,-12.45 22.61,-12.48
21.64,-13.05 22.6,-12.2
17.35,-6.77 17.34,-6.94
18.48,-5.76 17.36,-6.76
22.73,-6.19 21.59,-6.05
21.85,-7.6 22.6,-6.94
17.34,-6.96 17.34,-12.98
17.59,-12.96 17.59,-12.73
21.64,-8.38 21.85,-7.6
21.64,-12.99 21.64,-8.38
21.24,-13.19 21.24,-13.42
22.71,-12.4 22.7,-6.21
17.47,-9.75 21.32,-10.23
17.46,-7 17.46,-9.74
17.46,-12.65 21.32,-13.14
17.46,-9.87 17.46,-12.65
21.64,-12.96 22.48,-12.18
20.51,-13.28 18.27,-13
20.51,-13.28 20.6,-13.35
20.6,-13.35 21.29,-13.43
21.29,-13.43 21.29,-13.47
17.49,-12.99 17.49,-12.96
17.49,-12.96 18.18,-13.04
18.26,-12.93 17.83,-12.88
21.18,-13.3 20.75,-13.25
22.73,-6.19 21.49,-7.29
21.49,-7.29 17.35,-6.82
21.48,-7.48 17.34,-6.96
21.86,-7.59 21.86,-7.16
22.7,-6.4 21.49,-7.47
21.49,-7.29 21.49,-13.47
21.64,-12.99 21.64,-13.12
21.64,-13.34 21.64,-13.12
21.64,-13.34 21.46,-13.5
22.61,-12.48 22.71,-12.4
22.61,-12.13 22.61,-12.48
22.61,-6.48 22.61,-12.13
22.48,-12.18 22.48,-7.05
21.32,-10.23 21.32,-7.49
17.47,-7.01 21.32,-7.49
21.34,-7.46 21.34,-7.46
21.32,-13.14 21.32,-10.36
17.47,-9.87 21.32,-10.36
19.81,-11.99 21.32,-12.18
19.81,-12.95 19.81,-11.99
21.32,-12.73 21.32,-12.72
17.59,-12.73 21.24,-13.19
19.86,-12.51 19.86,-12.89
20.16,-12.55 19.86,-12.51
20.16,-12.93 20.16,-12.55
19.86,-12.89 20.16,-12.93
20.77,-13 20.77,-12.63
20.21,-12.93 20.77,-13
20.21,-12.56 20.21,-12.93
20.77,-12.63 20.21,-12.56
21.64,-12.99 21.64,-12.99
21.34,-7.46 21.34,-7.46
18.18,-13.04 18.27,-13
17.83,-12.88 17.83,-12.76
18.26,-12.93 18.26,-12.81
20.75,-13.25 20.75,-13.13
21.18,-13.3 21.18,-13.18
21.74,-5.4 21.74,-5.29
18.36,-5.29 18.36,-5.4
21.6,-6.25 21.59,-5.79
18.5,-5.79 18.5,-6.25
18.4,-5.16 18.63,-4.98
18.63,-4.98 18.66,-4.97
18.66,-4.97 18.69,-4.95
18.69,-4.95 19.02,-4.84
19.02,-4.84 19.29,-4.78
19.29,-4.78 19.83,-4.73
19.83,-4.73 20.31,-4.73
20.31,-4.73 20.71,-4.77
20.71,-4.77 21.19,-4.87
21.19,-4.87 21.23,-4.88
21.23,-4.88 21.27,-4.9
21.27,-4.9 21.65,-5.1
21.65,-5.1 21.67,-5.12
21.67,-5.12 21.68,-5.14
21.68,-5.14 21.74,-5.26
21.74,-5.26 21.74,-5.29
21.74,-5.29 21.74,-5.31
21.74,-5.31 21.74,-5.33
21.74,-5.33 21.74,-5.34
21.74,-5.34 21.73,-5.36
21.73,-5.36 21.58,-5.53
21.58,-5.53 21.56,-5.54
21.56,-5.54 21.54,-5.56
21.54,-5.56 20.97,-5.76
20.97,-5.76 20.49,-5.83
20.49,-5.83 20.24,-5.85
20.24,-5.85 19.61,-5.83
19.61,-5.83 19.56,-5.83
19.56,-5.83 19.23,-5.78
19.23,-5.78 18.89,-5.7
18.89,-5.7 18.62,-5.59
18.62,-5.59 18.59,-5.58
18.59,-5.58 18.44,-5.47
18.44,-5.47 18.43,-5.45
18.43,-5.45 18.41,-5.43
18.41,-5.43 18.4,-5.42
18.4,-5.42 18.36,-5.33
18.36,-5.33 18.36,-5.31
18.36,-5.31 18.36,-5.29
18.36,-5.29 18.36,-5.28
18.36,-5.28 18.37,-5.22
18.37,-5.22 18.37,-5.21
18.37,-5.21 18.38,-5.19
18.38,-5.19 18.39,-5.17
18.39,-5.17 18.4,-5.16
18.36,-5.4 18.36,-5.41
18.36,-5.41 18.36,-5.42
21.5,-5.89 21.21,-6.03
21.21,-6.03 21.18,-6.05
21.18,-6.05 20.86,-6.13
20.86,-6.13 20.44,-6.19
20.44,-6.19 20.09,-6.2
20.09,-6.2 20.04,-6.2
20.04,-6.2 19.99,-6.2
19.99,-6.2 19.94,-6.2
19.94,-6.2 19.78,-6.19
19.78,-6.19 19.31,-6.14
19.31,-6.14 18.98,-6.06
18.98,-6.06 18.64,-5.95
21.6,-6.17 21.71,-6.25
21.71,-6.25 21.78,-6.34
21.78,-6.34 21.81,-6.44
21.81,-6.44 21.79,-6.53
21.79,-6.53 21.47,-6.79
21.47,-6.79 21.04,-6.93
21.04,-6.93 20.41,-7.02
20.41,-7.02 20.35,-7.02
20.35,-7.02 19.72,-7.02
19.72,-7.02 19.21,-6.96
19.74,-6.76 20.14,-6.77
20.14,-6.77 20.67,-6.73
20.67,-6.73 21.26,-6.57
21.26,-6.57 21.38,-6.52
21.38,-6.52 21.56,-6.36
21.56,-6.36 21.6,-6.28
21.6,-6.28 21.6,-6.25
18.5,-6.25 18.5,-6.26
18.5,-6.26 18.5,-6.28
18.5,-6.28 18.51,-6.29
18.51,-6.29 18.57,-6.41
18.57,-6.41 18.67,-6.49
18.67,-6.49 18.69,-6.5
18.69,-6.5 18.72,-6.52
18.72,-6.52 18.96,-6.62
18.96,-6.62 19.28,-6.7
19.28,-6.7 19.33,-6.71
19.33,-6.71 19.37,-6.72
19.37,-6.72 19.74,-6.76
19.21,-6.96 18.86,-6.88
18.86,-6.88 18.58,-6.77
18.58,-6.77 18.39,-6.64
18.39,-6.64 18.3,-6.52
18.3,-6.52 18.3,-6.5
18.3,-6.5 18.29,-6.48
18.29,-6.48 18.29,-6.45
18.29,-6.45 18.33,-6.32
18.33,-6.32 18.34,-6.31
18.34,-6.31 18.35,-6.29
18.35,-6.29 18.5,-6.17
18.5,-5.79 18.64,-5.95
21.5,-5.89 21.6,-5.79
18.36,-5.42 18.5,-5.79
21.74,-5.4 21.6,-5.79
27.91,-12.84 32.03,-13.36
32.89,-12.31 33.18,-12.34
32.21,-12.91 33.18,-12.06
27.92,-6.63 27.92,-6.8
29.05,-5.62 27.93,-6.62
33.3,-6.05 32.17,-5.91
32.42,-7.46 33.18,-6.8
27.91,-6.81 27.91,-12.84
28.17,-12.82 28.17,-12.59
32.21,-8.24 32.42,-7.46
32.21,-12.85 32.21,-8.24
31.81,-13.05 31.81,-13.28
33.28,-12.26 33.27,-6.07
28.05,-9.61 31.89,-10.09
28.04,-6.86 28.04,-9.6
28.04,-12.51 31.89,-13
28.04,-9.73 28.04,-12.51
32.21,-12.82 33.05,-12.04
31.08,-13.14 28.85,-12.86
31.08,-13.14 31.18,-13.21
31.18,-13.21 31.86,-13.29
31.86,-13.29 31.86,-13.33
28.07,-12.85 28.07,-12.82
28.07,-12.82 28.75,-12.9
28.83,-12.79 28.41,-12.74
31.75,-13.16 31.32,-13.11
33.3,-6.05 32.06,-7.15
32.06,-7.15 27.92,-6.68
32.06,-7.34 27.91,-6.81
32.43,-7.45 32.43,-7.02
33.27,-6.26 32.07,-7.33
32.06,-7.15 32.07,-13.33
32.21,-12.85 32.21,-12.98
32.21,-13.2 32.21,-12.98
32.21,-13.2 32.03,-13.36
33.18,-12.34 33.28,-12.26
33.18,-11.99 33.18,-12.34
33.18,-6.34 33.18,-11.99
33.05,-12.04 33.05,-6.91
31.89,-10.09 31.89,-7.35
28.04,-6.86 31.89,-7.35
31.91,-7.32 31.91,-7.32
31.89,-13 31.89,-10.22
28.04,-9.73 31.89,-10.22
30.38,-11.85 31.89,-12.04
30.38,-12.81 30.38,-11.85
31.89,-12.59 31.89,-12.58
28.17,-12.59 31.81,-13.05
30.43,-12.37 30.43,-12.75
30.74,-12.41 30.43,-12.37
30.74,-12.79 30.74,-12.41
30.43,-12.75 30.74,-12.79
31.34,-12.86 31.34,-12.49
30.78,-12.79 31.34,-12.86
30.78,-12.42 30.78,-12.79
31.34,-12.49 30.78,-12.42
32.21,-12.85 32.21,-12.85
31.91,-7.32 31.91,-7.32
28.75,-12.9 28.85,-12.86
28.41,-12.74 28.41,-12.62
28.83,-12.79 28.83,-12.67
31.32,-13.11 31.32,-12.99
31.75,-13.16 31.75,-13.04
32.32,-5.26 32.32,-5.15
28.93,-5.15 28.93,-5.26
32.17,-6.11 32.17,-5.65
29.08,-5.65 29.07,-6.11
28.98,-5.01 29.2,-4.84
29.2,-4.84 29.23,-4.82
29.23,-4.82 29.26,-4.81
29.26,-4.81 29.59,-4.7
29.59,-4.7 29.86,-4.64
29.86,-4.64 30.4,-4.59
30.4,-4.59 30.88,-4.59
30.88,-4.59 31.28,-4.63
31.28,-4.63 31.77,-4.73
31.77,-4.73 31.8,-4.74
31.8,-4.74 31.84,-4.76
31.84,-4.76 32.22,-4.96
32.22,-4.96 32.24,-4.98
32.24,-4.98 32.25,-5
32.25,-5 32.31,-5.12
32.31,-5.12 32.32,-5.15
32.32,-5.15 32.32,-5.17
32.32,-5.17 32.31,-5.19
32.31,-5.19 32.31,-5.2
32.31,-5.2 32.3,-5.22
32.3,-5.22 32.16,-5.39
32.16,-5.39 32.13,-5.4
32.13,-5.4 32.11,-5.42
32.11,-5.42 31.54,-5.62
31.54,-5.62 31.07,-5.69
31.07,-5.69 30.81,-5.71
30.81,-5.71 30.19,-5.69
30.19,-5.69 30.14,-5.69
30.14,-5.69 29.8,-5.64
29.8,-5.64 29.46,-5.56
29.46,-5.56 29.19,-5.45
29.19,-5.45 29.17,-5.44
29.17,-5.44 29.01,-5.33
29.01,-5.33 29,-5.31
29,-5.31 28.98,-5.29
28.98,-5.29 28.97,-5.27
28.97,-5.27 28.93,-5.19
28.93,-5.19 28.93,-5.17
28.93,-5.17 28.93,-5.15
28.93,-5.15 28.93,-5.14
28.93,-5.14 28.94,-5.08
28.94,-5.08 28.95,-5.07
28.95,-5.07 28.96,-5.05
28.96,-5.05 28.97,-5.03
28.97,-5.03 28.98,-5.01
28.93,-5.26 28.93,-5.27
28.93,-5.27 28.93,-5.28
32.08,-5.75 31.78,-5.89
31.78,-5.89 31.75,-5.9
31.75,-5.9 31.43,-5.99
31.43,-5.99 31.01,-6.05
31.01,-6.05 30.66,-6.06
30.66,-6.06 30.61,-6.06
30.61,-6.06 30.56,-6.06
30.56,-6.06 30.51,-6.06
30.51,-6.06 30.36,-6.05
30.36,-6.05 29.88,-6
29.88,-6 29.55,-5.92
29.55,-5.92 29.22,-5.81
32.17,-6.03 32.28,-6.11
32.28,-6.11 32.35,-6.2
32.35,-6.2 32.38,-6.3
32.38,-6.3 32.36,-6.39
32.36,-6.39 32.04,-6.65
32.04,-6.65 31.62,-6.79
31.62,-6.79 30.98,-6.88
30.98,-6.88 30.93,-6.88
30.93,-6.88 30.29,-6.88
30.29,-6.88 29.78,-6.82
30.31,-6.62 30.71,-6.63
30.71,-6.63 31.25,-6.59
31.25,-6.59 31.84,-6.43
31.84,-6.43 31.95,-6.38
31.95,-6.38 32.14,-6.22
32.14,-6.22 32.17,-6.14
32.17,-6.14 32.17,-6.11
29.07,-6.11 29.07,-6.12
29.07,-6.12 29.08,-6.14
29.08,-6.14 29.08,-6.15
29.08,-6.15 29.15,-6.27
29.15,-6.27 29.24,-6.34
29.24,-6.34 29.26,-6.36
29.26,-6.36 29.29,-6.37
29.29,-6.37 29.53,-6.48
29.53,-6.48 29.85,-6.56
29.85,-6.56 29.9,-6.57
29.9,-6.57 29.94,-6.58
29.94,-6.58 30.31,-6.62
29.78,-6.82 29.43,-6.74
29.43,-6.74 29.15,-6.63
29.15,-6.63 28.96,-6.5
28.96,-6.5 28.88,-6.38
28.88,-6.38 28.87,-6.36
28.87,-6.36 28.87,-6.34
28.87,-6.34 28.86,-6.31
28.86,-6.31 28.9,-6.18
28.9,-6.18 28.91,-6.17
28.91,-6.17 28.93,-6.15
28.93,-6.15 29.08,-6.03
29.08,-5.65 29.22,-5.81
32.08,-5.75 32.17,-5.65
28.93,-5.28 29.08,-5.65
32.32,-5.26 32.17,-5.65
38.5,-12.84 42.62,-13.36
43.48,-12.31 43.77,-12.35
42.79,-12.92 43.76,-12.06
38.5,-6.64 38.5,-6.81
39.64,-5.63 38.51,-6.62
43.88,-6.05 42.75,-5.91
43.01,-7.47 43.76,-6.81
38.5,-6.82 38.5,-12.84
38.75,-12.82 38.75,-12.59
42.79,-8.24 43.01,-7.47
42.79,-12.85 42.79,-8.24
42.4,-13.05 42.4,-13.28
43.87,-12.26 43.86,-6.08
38.63,-9.61 42.48,-10.1
38.62,-6.87 38.62,-9.6
38.62,-12.52 42.47,-13
38.62,-9.73 38.62,-12.52
42.79,-12.83 43.63,-12.05
41.67,-13.14 39.43,-12.86
41.67,-13.14 41.76,-13.21
41.76,-13.21 42.45,-13.3
42.45,-13.3 42.45,-13.33
38.65,-12.85 38.65,-12.82
38.65,-12.82 39.34,-12.91
39.42,-12.8 38.99,-12.74
42.33,-13.16 41.91,-13.11
43.88,-6.05 42.65,-7.15
42.65,-7.15 38.5,-6.69
42.64,-7.34 38.5,-6.82
43.01,-7.46 43.01,-7.02
43.86,-6.26 42.65,-7.34
42.65,-7.15 42.65,-13.33
42.79,-12.85 42.79,-12.98
42.79,-13.2 42.79,-12.98
42.79,-13.2 42.62,-13.36
43.77,-12.35 43.87,-12.26
43.77,-12 43.77,-12.35
43.77,-6.35 43.77,-12
43.63,-12.05 43.63,-6.92
42.47,-10.09 42.47,-7.35
38.63,-6.87 42.47,-7.35
42.49,-7.33 42.49,-7.33
42.47,-13 42.47,-10.22
38.63,-9.74 42.47,-10.22
40.96,-11.86 42.47,-12.05
40.96,-12.81 40.96,-11.86
42.47,-12.6 42.47,-12.59
38.75,-12.59 42.4,-13.05
41.01,-12.38 41.01,-12.75
41.32,-12.42 41.01,-12.38
41.32,-12.79 41.32,-12.42
41.01,-12.75 41.32,-12.79
41.92,-12.87 41.92,-12.49
41.37,-12.8 41.92,-12.87
41.37,-12.42 41.37,-12.8
41.92,-12.49 41.37,-12.42
42.79,-12.85 42.79,-12.85
42.49,-7.33 42.49,-7.33
39.34,-12.91 39.43,-12.86
38.99,-12.74 38.99,-12.63
39.42,-12.8 39.42,-12.68
41.91,-13.11 41.91,-12.99
42.33,-13.16 42.33,-13.05
42.9,-5.27 42.9,-5.15
39.51,-5.15 39.51,-5.27
42.76,-6.11 42.75,-5.66
39.66,-5.66 39.66,-6.11
39.56,-5.02 39.79,-4.84
39.79,-4.84 39.82,-4.83
39.82,-4.83 39.85,-4.82
39.85,-4.82 40.18,-4.7
40.18,-4.7 40.45,-4.65
40.45,-4.65 40.99,-4.59
40.99,-4.59 41.47,-4.59
41.47,-4.59 41.87,-4.63
41.87,-4.63 42.35,-4.74
42.35,-4.74 42.39,-4.75
42.39,-4.75 42.43,-4.76
42.43,-4.76 42.81,-4.97
42.81,-4.97 42.82,-4.98
42.82,-4.98 42.84,-5
42.84,-5 42.9,-5.12
42.9,-5.12 42.9,-5.16
42.9,-5.16 42.9,-5.17
42.9,-5.17 42.9,-5.19
42.9,-5.19 42.89,-5.21
42.89,-5.21 42.89,-5.23
42.89,-5.23 42.74,-5.39
42.74,-5.39 42.72,-5.41
42.72,-5.41 42.69,-5.42
42.69,-5.42 42.13,-5.63
42.13,-5.63 41.65,-5.7
41.65,-5.7 41.4,-5.71
41.4,-5.71 40.77,-5.7
40.77,-5.7 40.72,-5.69
40.72,-5.69 40.38,-5.65
40.38,-5.65 40.05,-5.56
40.05,-5.56 39.78,-5.46
39.78,-5.46 39.75,-5.44
39.75,-5.44 39.6,-5.33
39.6,-5.33 39.58,-5.31
39.58,-5.31 39.57,-5.3
39.57,-5.3 39.56,-5.28
39.56,-5.28 39.52,-5.19
39.52,-5.19 39.52,-5.18
39.52,-5.18 39.51,-5.16
39.51,-5.16 39.51,-5.14
39.51,-5.14 39.52,-5.09
39.52,-5.09 39.53,-5.07
39.53,-5.07 39.54,-5.05
39.54,-5.05 39.55,-5.04
39.55,-5.04 39.56,-5.02
39.51,-5.27 39.51,-5.27
39.51,-5.27 39.52,-5.29
42.66,-5.76 42.37,-5.9
42.37,-5.9 42.33,-5.91
42.33,-5.91 42.02,-5.99
42.02,-5.99 41.6,-6.05
41.6,-6.05 41.24,-6.07
41.24,-6.07 41.19,-6.07
41.19,-6.07 41.14,-6.07
41.14,-6.07 41.09,-6.07
41.09,-6.07 40.94,-6.06
40.94,-6.06 40.46,-6
40.46,-6 40.13,-5.93
40.13,-5.93 39.8,-5.81
42.76,-6.03 42.87,-6.11
42.87,-6.11 42.94,-6.2
42.94,-6.2 42.97,-6.31
42.97,-6.31 42.95,-6.4
42.95,-6.4 42.62,-6.66
42.62,-6.66 42.2,-6.79
42.2,-6.79 41.57,-6.88
41.57,-6.88 41.51,-6.89
41.51,-6.89 40.87,-6.89
40.87,-6.89 40.36,-6.82
40.9,-6.62 41.3,-6.63
41.3,-6.63 41.83,-6.59
41.83,-6.59 42.42,-6.44
42.42,-6.44 42.54,-6.38
42.54,-6.38 42.72,-6.23
42.72,-6.23 42.75,-6.14
42.75,-6.14 42.76,-6.11
39.66,-6.11 39.66,-6.12
39.66,-6.12 39.66,-6.14
39.66,-6.14 39.66,-6.16
39.66,-6.16 39.73,-6.27
39.73,-6.27 39.82,-6.35
39.82,-6.35 39.85,-6.36
39.85,-6.36 39.87,-6.38
39.87,-6.38 40.12,-6.48
40.12,-6.48 40.44,-6.57
40.44,-6.57 40.48,-6.57
40.48,-6.57 40.53,-6.58
40.53,-6.58 40.9,-6.62
40.36,-6.82 40.02,-6.74
40.02,-6.74 39.74,-6.63
39.74,-6.63 39.55,-6.51
39.55,-6.51 39.46,-6.38
39.46,-6.38 39.46,-6.37
39.46,-6.37 39.45,-6.35
39.45,-6.35 39.45,-6.31
39.45,-6.31 39.49,-6.19
39.49,-6.19 39.5,-6.17
39.5,-6.17 39.51,-6.15
39.51,-6.15 39.66,-6.03
39.66,-5.66 39.8,-5.81
42.66,-5.76 42.75,-5.65
39.52,-5.29 39.66,-5.66
42.9,-5.27 42.75,-5.65
