5113.49,-1987.74 5148.19,-1987.74
5308.04,-1895.45 5309.46,-1894.64
5153.99,-1967.25 5308.04,-1878.87
5151.37,-1951.49 5113.69,-1951.49
5152.43,-1951.33 5309.38,-1861.48
5312.64,-1397.87 4909.94,-1165.37
5312.64,-1437.38 5312.64,-1397.87
5309.46,-1860.99 5309.46,-1894.64
5308.04,-1862.29 5308.04,-1895.45
5111.45,-1529.2 4708.56,-1296.58
5153.85,-1984.47 5153.85,-1950.59
5152.43,-1985.29 5152.43,-1951.33
5151.37,-1529.17 5151.37,-1951.49
5113.69,-1529.19 5113.69,-1951.49
5098.64,-1521.8 5098.64,-1928.39
5098.64,-1939.25 5098.64,-1928.39
5312.64,-1437.38 5153.66,-1529.17
5153.66,-1529.17 5111.45,-1529.2
5307.24,-1876.31 5295.41,-1869.48
5293.64,-1887.13 5308.04,-1895.45
4725.9,-1689.48 4725.9,-1525.24
4725.9,-1486.17 4725.9,-1306.6
4715.44,-1736.26 4715.44,-1757.93
4714.03,-1721.28 4714.03,-1732.18
4711.76,-1719.44 4711.76,-1298.43
4708.56,-1257.07 4708.56,-1296.58
5153.85,-1967.17 5153.99,-1967.25
5099.61,-1942.55 4724.99,-1726.26
5112.14,-1951.12 5102.17,-1945.37
4722.36,-1726.09 4712.4,-1720.33
5152.43,-1985.29 4714.03,-1732.18
4715.44,-1757.93 5113.49,-1987.74
4909.94,-1165.37 4867.38,-1165.37
4867.38,-1165.37 4708.56,-1257.07
4740.34,-1533.58 4711.76,-1517.08
4746.6,-1498.12 4711.76,-1478.37
4754.06,-1705.74 4711.76,-1681.31
4764.38,-1728.67 4764.38,-1749.11
4746.6,-1498.12 4758.7,-1512.1
4758.7,-1512.1 4759.61,-1526.37
4759.61,-1526.37 4752.62,-1531.83
4752.62,-1531.83 4740.34,-1533.58
4754.06,-1705.74 4764.38,-1728.67
5098.64,-1939.25 5099.61,-1942.55
5099.61,-1942.55 5102.17,-1945.37
5151.37,-1951.49 5152.43,-1951.33
5112.14,-1951.12 5113.69,-1951.49
4711.76,-1719.44 4712.4,-1720.33
4722.36,-1726.09 4724.99,-1726.26
4715.44,-1736.26 4714.03,-1732.18
5148.19,-1987.74 5153.85,-1984.47
5309.38,-1861.48 5309.38,-1439.26
6659.49,-2108.24 6694.19,-2108.24
6854.04,-2015.95 6855.46,-2015.14
6699.99,-2087.75 6854.04,-1999.37
6697.37,-2071.99 6659.69,-2071.99
6698.43,-2071.83 6855.38,-1981.98
6858.64,-1518.37 6455.94,-1285.87
6858.64,-1557.88 6858.64,-1518.37
6855.46,-1981.49 6855.46,-2015.14
6854.04,-1982.79 6854.04,-2015.95
6657.45,-1649.7 6254.56,-1417.08
6699.85,-2104.97 6699.85,-2071.09
6698.43,-2105.79 6698.43,-2071.83
6697.37,-1649.67 6697.37,-2071.99
6659.69,-1649.69 6659.69,-2071.99
6644.64,-1642.3 6644.64,-2048.89
6644.64,-2059.75 6644.64,-2048.89
6858.64,-1557.88 6699.66,-1649.67
6699.66,-1649.67 6657.45,-1649.7
6853.24,-1996.81 6841.41,-1989.98
6839.64,-2007.63 6854.04,-2015.95
6271.9,-1809.98 6271.9,-1645.74
6271.9,-1606.67 6271.9,-1427.1
6261.44,-1856.76 6261.44,-1878.43
6260.03,-1841.78 6260.03,-1852.68
6257.76,-1839.94 6257.76,-1418.93
6254.56,-1377.57 6254.56,-1417.08
6699.85,-2087.67 6699.99,-2087.75
6645.61,-2063.05 6270.99,-1846.76
6658.14,-2071.62 6648.17,-2065.87
6268.36,-1846.59 6258.4,-1840.83
6698.43,-2105.79 6260.03,-1852.68
6261.44,-1878.43 6659.49,-2108.24
6455.94,-1285.87 6413.38,-1285.87
6413.38,-1285.87 6254.56,-1377.57
6286.34,-1654.08 6257.76,-1637.58
6292.6,-1618.62 6257.76,-1598.87
6300.06,-1826.24 6257.76,-1801.81
6310.38,-1849.17 6310.38,-1869.61
6292.6,-1618.62 6304.7,-1632.6
6304.7,-1632.6 6305.61,-1646.87
6305.61,-1646.87 6298.62,-1652.33
6298.62,-1652.33 6286.34,-1654.08
6300.06,-1826.24 6310.38,-1849.17
6644.64,-2059.75 6645.61,-2063.05
6645.61,-2063.05 6648.17,-2065.87
6697.37,-2071.99 6698.43,-2071.83
6658.14,-2071.62 6659.69,-2071.99
6257.76,-1839.94 6258.4,-1840.83
6268.36,-1846.59 6270.99,-1846.76
6261.44,-1856.76 6260.03,-1852.68
6694.19,-2108.24 6699.85,-2104.97
6855.38,-1981.98 6855.38,-1559.76
3505.77,-3508.17 3505.77,-3325.2
3505.77,-3325.2 3392.9,-3416.68
3392.9,-3416.68 3505.77,-3508.17
3505.77,-3476.68 6587.96,-3476.68
2305.71,-3416.68 3392.9,-3416.68
2305.71,-3416.68 2305.71,-4216.68
3505.77,-3356.68 5044.56,-3356.68
5044.56,-1956.68 5044.56,-3356.68
6587.96,-2076.68 6587.96,-3476.68
