2517.95,-2454.51 2552.65,-2454.51
2738.62,-2347.14 2740.03,-2346.32
2558.45,-2434.01 2738.48,-2330.07
2739.64,-2346.55 2739.3,-2346.77
2555.83,-2418.26 2518.15,-2418.26
2556.89,-2418.1 2738.37,-2314.2
2745.5,-1647.18 2342.81,-1414.68
2745.5,-1686.69 2745.5,-1647.18
2742.3,-2310.6 2742.3,-1688.54
2740.03,-2312.68 2740.03,-2346.32
2738.62,-2313.97 2738.62,-2347.14
2515.91,-1794.91 2113.01,-1562.3
2558.3,-2451.24 2558.3,-2417.36
2556.89,-2452.06 2556.89,-2418.1
2555.83,-1794.91 2555.83,-2418.26
2518.15,-1794.91 2518.15,-2418.26
2503.1,-1787.51 2503.1,-2395.15
2503.1,-2406.01 2503.1,-2395.15
2745.5,-1686.69 2558.12,-1794.88
2558.12,-1794.88 2515.91,-1794.91
2738.48,-2328.44 2726.1,-2321.29
2723.77,-2338.57 2738.62,-2347.14
2130.35,-2116.9 2130.35,-1928.58
2130.35,-1895.18 2130.35,-1572.31
2119.9,-2203.03 2119.9,-2224.69
2118.49,-2188.04 2118.49,-2198.95
2116.21,-2186.2 2116.21,-1564.14
2113.01,-1522.78 2113.01,-1562.3
2558.3,-2433.93 2558.45,-2434.01
2504.07,-2409.31 2129.45,-2193.03
2516.59,-2417.89 2506.63,-2412.14
2126.82,-2192.85 2116.86,-2187.1
2556.89,-2452.06 2118.49,-2198.95
2342.81,-1414.68 2300.25,-1414.68
2300.25,-1414.68 2113.01,-1522.78
2145.74,-1937.46 2116.86,-1920.78
2150.41,-1906.76 2116.21,-1887.01
2517.71,-2089.52 2116.21,-1857.72
2170.53,-2140.09 2116.21,-2108.73
2188.15,-2171.16 2188.15,-2226.92
2150.41,-1906.76 2162.51,-1920.74
2162.51,-1920.74 2163.42,-1935.01
2163.42,-1935.01 2156.43,-1940.47
2156.43,-1940.47 2145.74,-1937.46
2170.53,-2140.09 2188.15,-2171.16
2503.1,-2406.01 2504.07,-2409.31
2504.07,-2409.31 2506.63,-2412.14
2555.83,-2418.26 2556.89,-2418.1
2516.59,-2417.89 2518.15,-2418.26
2116.21,-2186.2 2116.86,-2187.1
2126.82,-2192.85 2129.45,-2193.03
2119.9,-2203.03 2118.49,-2198.95
2738.37,-2314.2 2742.3,-2310.6
2552.65,-2454.51 2558.3,-2451.24
2442.35,-2331.09 2503.1,-2366.16
2442.35,-2331.09 2442.35,-2373.68
2119.9,-2224.69 2517.95,-2454.51
