7329.58,-3047.71 7343.84,-3055.95
6691.38,-2678.23 7329.58,-3047.71
6703.34,-2642.57 7329.58,-3003.34
6691.38,-2678.23 6691.38,-1937.5
6703.34,-1944.4 6703.34,-2684.23
7658.26,-2841.84 7684.04,-2856.72
7305.27,-2119.37 7743.37,-1866.44
7329.58,-3047.71 7329.58,-2278.29
7392.5,-3027.86 7392.5,-2995.28
7450.14,-2320.15 7672.65,-2191.68
6664.73,-1922.12 7305.27,-2292.32
7450.14,-2443.61 7672.65,-2315.14
7450.14,-2567.06 7672.65,-2438.59
7684.53,-2859.25 7684.53,-2826.67
7450.14,-2690.52 7672.65,-2562.05
7717.31,-2840.33 7717.31,-2054.43
7450.14,-2813.97 7672.65,-2685.5
7395.47,-2968.99 7672.65,-2808.96
7684.53,-2826.67 7392.5,-2995.28
7343.84,-3055.95 7392.5,-3027.86
7684.53,-2859.25 7717.31,-2840.33
7305.27,-2292.32 7743.37,-2039.39
6703.34,-2256.86 7329.58,-2618.25
6664.73,-1749.17 7305.27,-2119.37
7305.27,-2119.37 7305.27,-2292.32
7743.37,-1866.44 7743.37,-2039.39
6664.73,-1749.17 7102.83,-1496.24
7102.83,-1496.24 7743.37,-1865.88
6664.73,-1749.17 6664.73,-1922.12
7450.14,-2937.43 7450.14,-2234.25
7536.14,-2887.77 7536.14,-2196.25
7623.14,-2837.55 7623.14,-2161.34
7684.53,-2826.67 7684.53,-2073.35
6767.24,-1719.82 7345.23,-2050.7
7091.25,-1946.94 7444.07,-1743.24
6904.43,-1635.81 7462.04,-1957.59
7046.66,-1553.53 7605.1,-1875.79
7002.16,-1885.09 7354.99,-1681.39
6911.25,-1821.44 7264.07,-1617.74
6811.16,-1762.09 7163.99,-1558.39
7201.73,-2010.2 7554.56,-1806.49
8834.3,-3172.3 8848.57,-3180.54
8196.1,-2802.82 8834.3,-3172.3
8208.06,-2767.16 8834.3,-3127.93
8196.1,-2802.82 8196.1,-2062.09
8208.06,-2068.99 8208.06,-2808.82
9162.98,-2966.43 9188.76,-2981.32
8809.99,-2243.97 9248.09,-1991.03
8834.3,-3172.3 8834.3,-2402.88
8897.22,-3152.45 8897.22,-3119.87
8954.86,-2444.74 9177.38,-2316.27
8169.45,-2046.71 8809.99,-2416.91
8954.86,-2568.2 9177.38,-2439.73
8954.86,-2691.65 9177.38,-2563.18
9189.26,-2983.84 9189.26,-2951.27
8954.86,-2815.11 9177.38,-2686.64
9100.99,-2978.32 9100.99,-2192.42
8954.86,-2938.56 9177.38,-2810.09
8900.19,-3093.58 9177.38,-2933.55
9189.26,-2951.27 8897.22,-3119.87
8848.57,-3180.54 8897.22,-3152.45
9068.22,-2997.24 9100.99,-2978.32
8809.99,-2416.91 9248.09,-2163.98
8208.06,-2381.45 8834.3,-2742.84
8169.45,-1873.76 8809.99,-2243.97
8809.99,-2243.97 8809.99,-2416.91
9248.09,-1991.03 9248.09,-2163.98
8169.45,-1873.76 8607.55,-1620.83
8607.55,-1620.83 9248.09,-1990.47
8169.45,-1873.76 8169.45,-2046.71
8954.86,-3062.02 8954.86,-2358.85
9040.86,-3012.37 9040.86,-2320.85
9127.86,-2962.14 9127.86,-2285.93
9189.26,-2951.27 9189.26,-2197.95
8271.96,-1844.41 8849.95,-2175.29
8595.97,-2071.53 8948.79,-1867.83
8409.15,-1760.4 8966.76,-2082.19
8551.38,-1678.12 9109.82,-2000.38
8506.88,-2009.68 8859.71,-1805.98
8415.97,-1946.03 8768.79,-1742.33
8315.88,-1886.68 8668.71,-1682.98
8706.45,-2134.79 9059.28,-1931.09
10511.08,-3152.04 10525.34,-3160.28
10060.36,-2891.31 10511.08,-3151.53
10072.31,-2855.65 10508.76,-3107.05
10060.36,-2891.31 10060.36,-2150.58
10072.31,-2157.48 10072.31,-2897.32
10839.76,-2946.18 10865.54,-2961.06
10486.77,-2223.71 10924.87,-1970.77
10511.08,-3152.04 10511.08,-2382.62
10574,-3132.19 10574,-3099.61
10631.64,-2424.48 10854.15,-2296.01
10033.71,-2135.21 10486.77,-2396.66
10631.64,-2547.94 10854.15,-2419.47
10631.64,-2671.39 10854.15,-2542.92
10866.03,-2963.59 10866.03,-2931.01
10631.64,-2794.85 10854.15,-2666.38
10898.81,-2944.66 10898.81,-2158.77
10631.64,-2918.3 10854.15,-2789.83
10576.97,-3073.32 10854.15,-2913.29
10866.03,-2931.01 10574,-3099.61
10525.34,-3160.28 10574,-3132.19
10866.03,-2963.59 10898.81,-2944.66
10486.77,-2396.66 10924.87,-2143.72
10072.31,-2469.95 10511.08,-2723.15
10033.71,-1962.26 10486.77,-2223.71
10486.77,-2223.71 10486.77,-2396.66
10924.87,-1970.77 10924.87,-2143.72
10033.71,-1962.26 10471.81,-1709.32
10471.81,-1709.32 10924.87,-1970.77
10033.71,-1962.26 10033.71,-2135.21
10631.64,-3041.76 10631.64,-2338.59
10717.64,-2992.11 10717.64,-2300.59
10804.64,-2941.88 10804.64,-2265.67
10866.03,-2931.01 10866.03,-2177.69
10136.21,-1932.91 10542.68,-2167.47
10460.22,-2160.03 10813.05,-1956.32
10273.4,-1848.89 10679.87,-2083.45
10415.64,-1766.61 10822.1,-2001.17
10371.14,-2098.17 10723.96,-1894.47
10280.22,-2034.53 10633.05,-1830.82
10180.14,-1975.17 10532.96,-1771.47
12072.59,-3193.31 12086.86,-3201.55
11621.87,-2932.58 12072.59,-3192.8
11633.82,-2896.92 12070.27,-3148.31
11621.87,-2932.58 11621.87,-2191.85
11633.82,-2198.75 11633.82,-2938.58
12401.27,-2987.44 12427.05,-3002.32
12048.28,-2264.97 12486.38,-2012.04
12072.59,-3193.31 12072.59,-2423.89
12135.51,-3173.46 12135.51,-3140.88
12193.15,-2465.75 12415.67,-2337.28
11595.22,-2176.47 12048.28,-2437.92
12193.15,-2589.21 12415.67,-2460.73
12193.15,-2712.66 12415.67,-2584.19
12427.55,-3004.85 12427.55,-2972.27
12193.15,-2836.12 12415.67,-2707.65
12460.32,-2985.93 12460.32,-2200.03
12193.15,-2959.57 12415.67,-2831.1
12138.48,-3114.59 12415.67,-2954.56
12427.55,-2972.27 12135.51,-3140.88
12086.86,-3201.55 12135.51,-3173.46
12427.55,-3004.85 12460.32,-2985.93
12048.28,-2437.92 12486.38,-2184.99
11633.82,-2511.21 12072.59,-2764.41
11595.22,-2003.52 12048.28,-2264.97
12048.28,-2264.97 12048.28,-2437.92
12486.38,-2012.04 12486.38,-2184.99
11595.22,-2003.52 12033.32,-1750.59
12033.32,-1750.59 12486.38,-2012.04
11595.22,-2003.52 11595.22,-2176.47
12193.15,-3083.03 12193.15,-2379.85
12279.15,-3033.37 12279.15,-2341.85
12366.15,-2983.15 12366.15,-2306.94
12427.55,-2972.27 12427.55,-2218.95
11697.72,-1974.17 12104.19,-2208.74
12021.73,-2201.29 12374.56,-1997.59
11834.91,-1890.16 12241.38,-2124.72
11977.15,-1807.88 12383.61,-2042.44
11932.65,-2139.44 12285.47,-1935.74
11841.73,-2075.79 12194.56,-1872.09
11741.65,-2016.44 12094.47,-1812.74
4257.76,-4637.27 4257.76,-4454.3
4257.76,-4454.3 4144.88,-4545.79
4144.88,-4545.79 4257.76,-4637.27
4257.76,-4605.79 8830.46,-4605.79
5713.02,-4577.27 5713.02,-4394.3
5713.02,-4394.3 5600.14,-4485.79
5600.14,-4485.79 5713.02,-4577.27
5713.02,-4540.77 8777.43,-4540.77
8943.34,-4697.27 8943.34,-4514.3
8943.34,-4514.3 8830.46,-4605.79
8830.46,-4605.79 8943.34,-4697.27
8943.34,-4665.79 12008.43,-4665.79
12008.43,-3145.79 12008.43,-4665.79
4257.76,-4485.79 5600.14,-4485.79
2802.5,-4545.79 2802.5,-5345.79
10465.93,-3145.79 10465.93,-4545.79
2802.5,-4545.79 4144.88,-4545.79
5713.02,-4420.77 7248.7,-4420.77
8943.34,-4545.79 10465.93,-4545.79
7248.7,-3020.77 7248.7,-4420.77
8777.43,-3140.77 8777.43,-4540.77
