21.09,-13.29 21.09,-19.26
21.09,-19.26 13.84,-19.26
24.26,-20.15 13.84,-20.15
31.68,-13.29 31.68,-19.65
13.84,-20.65 13.84,-18.76
12.67,-19.7 9.80,-19.7
13.84,-18.76 12.67,-19.7
12.67,-19.7 13.84,-20.65
42.25,-13.29 42.25,-20.65
25.42,-21.09 25.42,-19.2
25.42,-19.2 24.25,-20.14
24.25,-20.14 25.42,-21.09
25.42,-19.65 31.68,-19.65
25.42,-20.65 42.25,-20.65
15.68,-12.77 22,-13.56
16.29,-5.03 16.29,-5.14
16.33,-4.89 16.56,-4.72
16.43,-4.95 16.63,-4.79
16.52,-4.99 16.66,-4.89
16.56,-4.72 16.59,-4.7
16.59,-4.7 16.62,-4.69
16.66,-4.89 16.7,-4.87
16.62,-4.69 16.95,-4.58
16.63,-4.79 16.98,-4.67
16.7,-4.87 17,-4.77
16.95,-4.58 17.22,-4.52
16.98,-4.67 17.23,-4.62
17,-4.77 17.25,-4.72
17.22,-4.52 17.76,-4.47
17.23,-4.62 17.76,-4.57
17.25,-4.72 17.77,-4.67
17.76,-4.47 18.24,-4.47
17.76,-4.57 18.23,-4.57
17.77,-4.67 18.23,-4.67
18.24,-4.47 18.64,-4.51
18.23,-4.57 18.63,-4.6
18.23,-4.67 18.61,-4.7
18.64,-4.51 19.12,-4.61
18.63,-4.6 19.1,-4.71
18.61,-4.7 19.08,-4.8
19.12,-4.61 19.16,-4.62
19.16,-4.62 19.2,-4.63
19.1,-4.71 19.16,-4.72
19.08,-4.8 19.12,-4.82
19.2,-4.63 19.55,-4.87
19.16,-4.72 19.48,-4.94
19.12,-4.82 19.46,-5.07
19.55,-4.87 19.57,-4.9
19.57,-4.9 19.6,-4.92
19.6,-4.92 19.65,-4.99
19.65,-4.99 19.67,-5.02
19.67,-5.02 19.67,-5.05
19.67,-5.05 19.67,-5.06
19.67,-5.06 19.67,-5.06
19.39,-5.32 18.9,-5.5
18.9,-5.5 18.43,-5.57
18.43,-5.57 18.29,-5.58
16.68,-5.38 16.55,-5.33
16.68,-5.38 16.55,-5.25
16.68,-5.38 16.58,-5.21
16.55,-5.33 16.52,-5.31
16.52,-5.31 16.37,-5.2
16.55,-5.25 16.42,-5.12
16.58,-5.21 16.49,-5.05
16.37,-5.2 16.36,-5.19
16.36,-5.19 16.34,-5.17
16.34,-5.17 16.33,-5.15
16.33,-5.15 16.29,-5.07
16.42,-5.12 16.41,-5.03
16.29,-5.07 16.29,-5.05
16.29,-5.05 16.29,-5.03
16.29,-5.03 16.29,-5.01
16.29,-5.01 16.3,-4.96
16.41,-5.03 16.43,-4.95
16.49,-5.05 16.52,-4.99
16.3,-4.96 16.3,-4.94
16.3,-4.94 16.31,-4.93
16.31,-4.93 16.32,-4.91
16.32,-4.91 16.33,-4.89
16.29,-5.14 16.29,-5.14
16.29,-5.14 16.29,-5.16
16.29,-5.16 16.36,-5.34
19.39,-5.39 19.39,-5.5
19.7,-5.07 19.73,-5.05
19.73,-5.05 20.06,-4.94
19.75,-5.15 20.08,-5.04
19.81,-5.24 20.11,-5.13
20.06,-4.94 20.32,-4.89
20.08,-5.04 20.34,-4.98
20.11,-5.13 20.35,-5.08
20.32,-4.89 20.86,-4.83
20.34,-4.98 20.87,-4.93
20.35,-5.08 20.87,-5.03
20.86,-4.83 21.34,-4.83
20.87,-4.93 21.34,-4.93
20.87,-5.03 21.33,-5.03
21.34,-4.83 21.75,-4.87
21.34,-4.93 21.73,-4.97
21.33,-5.03 21.71,-5.07
21.75,-4.87 22.23,-4.97
21.73,-4.97 22.21,-5.07
21.71,-5.07 22.19,-5.17
22.23,-4.97 22.27,-4.99
22.27,-4.99 22.3,-5
22.23,-5.08 22.26,-5.09
22.21,-5.07 22.26,-5.09
22.19,-5.17 22.22,-5.18
22.3,-5 22.56,-5.12
22.26,-5.09 22.6,-5.3
22.22,-5.18 22.53,-5.35
22.56,-5.12 22.68,-5.23
22.68,-5.23 22.68,-5.28
22.68,-5.28 22.58,-5.51
22.6,-5.3 22.58,-5.51
22.53,-5.35 22.58,-5.51
22.31,-5.75 22.01,-5.86
22.01,-5.86 21.53,-5.94
21.53,-5.94 21.27,-5.95
19.94,-5.78 19.66,-5.69
19.94,-5.78 19.69,-5.6
19.94,-5.78 19.7,-5.54
19.66,-5.69 19.63,-5.68
19.63,-5.68 19.48,-5.57
19.69,-5.6 19.53,-5.48
19.7,-5.54 19.61,-5.42
19.48,-5.57 19.46,-5.55
19.46,-5.55 19.45,-5.53
19.45,-5.53 19.43,-5.52
19.43,-5.52 19.4,-5.43
19.53,-5.48 19.49,-5.4
19.61,-5.42 19.61,-5.42
19.4,-5.43 19.39,-5.41
19.39,-5.41 19.39,-5.4
19.39,-5.4 19.39,-5.38
19.39,-5.38 19.4,-5.33
19.49,-5.4 19.49,-5.39
19.39,-5.5 19.39,-5.51
19.39,-5.51 19.39,-5.53
19.39,-5.53 19.47,-5.73
19.67,-5.06 19.39,-5.32
19.55,-5.09 19.4,-5.31
19.46,-5.07 19.4,-5.31
19.7,-5.07 19.4,-5.33
19.75,-5.15 19.49,-5.39
19.81,-5.24 19.61,-5.42
19.67,-5.06 19.67,-5.09
15.68,-12.77 19.8,-13.28
15.68,-5.25 15.68,-12.77
15.94,-12.7 15.94,-12.46
21.81,-13.2 21.81,-13.44
15.68,-9.52 22.03,-10.32
15.68,-9.55 22.03,-10.35
15.68,-12.43 22.03,-13.23
21.86,-13.21 21.86,-13.54
15.84,-12.79 15.84,-12.45
15.94,-12.7 21.81,-13.44
17.61,-12.79 16.7,-12.67
20.73,-13.18 19.81,-13.06
22.03,-7.55 15.68,-6.74
15.68,-6.78 22.03,-7.58
19.68,-7.25 19.68,-7.25
19.68,-7.25 19.68,-7.25
17.61,-12.79 17.61,-12.67
19.81,-13.06 19.81,-12.95
16.9,-4.18 15.68,-5.25
16.91,-4.21 15.72,-5.26
22.03,-6.04 15.68,-5.26
23.24,-4.97 16.9,-4.18
23.17,-4.99 16.91,-4.21
22.03,-13.57 22.03,-13.23
16.7,-12.56 16.7,-12.67
20.73,-13.06 20.73,-13.18
15.84,-12.79 15.94,-12.7
21.86,-13.54 21.81,-13.44
23.1,-5.05 16.91,-4.28
16.4,-11.47 16.4,-9.64
16.4,-9.61 16.4,-6.87
16.4,-6.83 16.4,-6.24
22.17,-13.12 23.15,-12.26
22.39,-7.67 23.15,-7
22.39,-9 23.15,-8.33
22.39,-10.34 23.15,-9.67
22.39,-11.67 23.15,-11
23.25,-12.46 23.24,-4.97
22.39,-12.8 23.01,-12.25
22.03,-6.05 22.03,-7.55
22.03,-7.58 22.03,-10.32
22.03,-10.35 22.03,-13.23
22.06,-6.02 22.06,-13.51
22.17,-13.4 22.17,-13.12
23.25,-12.46 22,-13.56
23.15,-12.2 23.15,-12.55
23.15,-7 23.15,-12.2
23.01,-12.25 23.01,-7.12
22.81,-12.42 22.81,-7.29
22.61,-12.6 22.61,-7.47
23.24,-4.97 22.03,-6.04
23.17,-4.99 21.99,-6.04
22.39,-7.67 22.39,-12.8
22.17,-13.12 22.17,-8.14
23.15,-7 23.15,-5.5
23.05,-5.48 22.67,-6.08
22.06,-13.2 22.03,-13.23
21.22,-12.1 21.22,-10.25
21.22,-10.22 21.22,-7.48
21.22,-7.44 21.22,-6.87
22.28,-13.08 22.28,-13.24
22.28,-13.08 22.59,-12.81
22.59,-12.81 22.59,-12.97
22.59,-12.97 22.28,-13.24
19.48,-4.94 19.55,-5.09
26.27,-12.74 32.58,-13.54
26.87,-5 26.87,-5.12
26.92,-4.87 27.15,-4.69
27.01,-4.93 27.22,-4.77
27.1,-4.97 27.25,-4.87
27.15,-4.69 27.18,-4.68
27.18,-4.68 27.21,-4.67
27.25,-4.87 27.28,-4.85
27.21,-4.67 27.54,-4.55
27.22,-4.77 27.57,-4.65
27.28,-4.85 27.59,-4.75
27.54,-4.55 27.81,-4.5
27.57,-4.65 27.82,-4.6
27.59,-4.75 27.84,-4.7
27.81,-4.5 28.35,-4.44
27.82,-4.6 28.35,-4.54
27.84,-4.7 28.35,-4.64
28.35,-4.44 28.82,-4.44
28.35,-4.54 28.82,-4.54
28.35,-4.64 28.82,-4.64
28.82,-4.44 29.23,-4.48
28.82,-4.54 29.21,-4.58
28.82,-4.64 29.2,-4.68
29.23,-4.48 29.71,-4.59
29.21,-4.58 29.69,-4.68
29.2,-4.68 29.66,-4.78
29.71,-4.59 29.75,-4.6
29.75,-4.6 29.79,-4.61
29.69,-4.68 29.75,-4.7
29.66,-4.78 29.71,-4.79
29.79,-4.61 30.14,-4.85
29.75,-4.7 30.07,-4.92
29.71,-4.79 30.05,-5.04
30.14,-4.85 30.16,-4.87
30.16,-4.87 30.18,-4.9
30.18,-4.9 30.24,-4.97
30.24,-4.97 30.26,-5
30.26,-5 30.26,-5.02
30.26,-5.02 30.26,-5.04
30.26,-5.04 30.26,-5.04
29.98,-5.3 29.49,-5.48
29.49,-5.48 29.01,-5.55
29.01,-5.55 28.87,-5.56
27.27,-5.36 27.14,-5.31
27.27,-5.36 27.13,-5.23
27.27,-5.36 27.16,-5.19
27.14,-5.31 27.11,-5.29
27.11,-5.29 26.96,-5.18
27.13,-5.23 27.01,-5.09
27.16,-5.19 27.08,-5.03
26.96,-5.18 26.94,-5.16
26.94,-5.16 26.93,-5.15
26.93,-5.15 26.92,-5.13
26.92,-5.13 26.88,-5.04
27.01,-5.09 27,-5.01
26.88,-5.04 26.88,-5.03
26.88,-5.03 26.87,-5.01
26.87,-5.01 26.87,-4.99
26.87,-4.99 26.88,-4.94
27,-5.01 27.01,-4.93
27.08,-5.03 27.1,-4.97
26.88,-4.94 26.89,-4.92
26.89,-4.92 26.9,-4.9
26.9,-4.9 26.91,-4.89
26.91,-4.89 26.92,-4.87
26.87,-5.12 26.87,-5.12
26.87,-5.12 26.87,-5.14
26.87,-5.14 26.95,-5.32
29.98,-5.37 29.98,-5.48
30.28,-5.04 30.31,-5.03
30.31,-5.03 30.64,-4.92
30.34,-5.13 30.67,-5.02
30.39,-5.21 30.7,-5.11
30.64,-4.92 30.91,-4.86
30.67,-5.02 30.93,-4.96
30.7,-5.11 30.94,-5.06
30.91,-4.86 31.45,-4.81
30.93,-4.96 31.45,-4.91
30.94,-5.06 31.46,-5.01
31.45,-4.81 31.93,-4.81
31.45,-4.91 31.92,-4.91
31.46,-5.01 31.92,-5.01
31.93,-4.81 32.33,-4.85
31.92,-4.91 32.32,-4.95
31.92,-5.01 32.3,-5.05
32.33,-4.85 32.82,-4.95
32.32,-4.95 32.79,-5.05
32.3,-5.05 32.77,-5.15
32.82,-4.95 32.85,-4.96
32.85,-4.96 32.89,-4.98
32.82,-5.06 32.85,-5.07
32.79,-5.05 32.85,-5.07
32.77,-5.15 32.81,-5.16
32.89,-4.98 33.15,-5.1
32.85,-5.07 33.19,-5.28
32.81,-5.16 33.12,-5.33
33.15,-5.1 33.27,-5.21
33.27,-5.21 33.27,-5.26
33.27,-5.26 33.17,-5.49
33.19,-5.28 33.17,-5.49
33.12,-5.33 33.17,-5.49
32.9,-5.73 32.59,-5.84
32.59,-5.84 32.12,-5.91
32.12,-5.91 31.86,-5.93
30.53,-5.76 30.24,-5.67
30.53,-5.76 30.28,-5.58
30.53,-5.76 30.29,-5.52
30.24,-5.67 30.22,-5.66
30.22,-5.66 30.06,-5.55
30.28,-5.58 30.12,-5.46
30.29,-5.52 30.2,-5.39
30.06,-5.55 30.05,-5.53
30.05,-5.53 30.03,-5.51
30.03,-5.51 30.02,-5.49
30.02,-5.49 29.98,-5.41
30.12,-5.46 30.08,-5.37
30.2,-5.39 30.2,-5.39
29.98,-5.41 29.98,-5.39
29.98,-5.39 29.98,-5.37
29.98,-5.37 29.98,-5.36
29.98,-5.36 29.99,-5.31
30.08,-5.37 30.08,-5.36
29.98,-5.48 29.98,-5.49
29.98,-5.49 29.98,-5.5
29.98,-5.5 30.06,-5.7
30.26,-5.04 29.98,-5.3
30.13,-5.07 29.99,-5.29
30.05,-5.04 29.99,-5.29
30.28,-5.04 29.99,-5.31
30.34,-5.13 30.08,-5.36
30.39,-5.21 30.2,-5.39
30.26,-5.04 30.26,-5.07
26.27,-12.74 30.39,-13.26
26.27,-5.23 26.27,-12.74
26.52,-12.68 26.52,-12.44
32.4,-13.18 32.4,-13.42
26.27,-9.5 32.62,-10.3
26.26,-9.53 32.62,-10.33
26.27,-12.4 32.62,-13.2
32.45,-13.18 32.45,-13.52
26.42,-12.76 26.42,-12.42
26.52,-12.68 32.4,-13.42
28.2,-12.77 27.29,-12.65
31.32,-13.16 30.4,-13.04
32.61,-7.52 26.27,-6.72
26.27,-6.75 32.61,-7.55
30.26,-7.23 30.26,-7.23
30.26,-7.23 30.26,-7.23
28.2,-12.77 28.2,-12.65
30.4,-13.04 30.4,-12.93
27.48,-4.16 26.27,-5.23
27.49,-4.19 26.31,-5.24
32.62,-6.02 26.27,-5.23
33.83,-4.95 27.48,-4.16
33.76,-4.97 27.49,-4.19
32.62,-13.54 32.62,-13.2
27.29,-12.53 27.29,-12.65
31.32,-13.04 31.32,-13.16
26.42,-12.76 26.52,-12.68
32.45,-13.52 32.4,-13.42
33.69,-5.03 27.5,-4.26
26.99,-11.45 26.99,-9.62
26.99,-9.59 26.99,-6.85
26.99,-6.81 26.99,-6.22
32.76,-13.09 33.73,-12.24
32.98,-7.65 33.73,-6.98
32.98,-8.98 33.73,-8.31
32.98,-10.31 33.73,-9.65
32.98,-11.65 33.73,-10.98
33.83,-12.44 33.83,-4.95
32.98,-12.78 33.6,-12.22
32.61,-6.02 32.61,-7.52
32.61,-7.55 32.62,-10.3
32.62,-10.33 32.62,-13.2
32.64,-6 32.65,-13.48
32.76,-13.38 32.76,-13.09
33.83,-12.44 32.58,-13.54
33.73,-12.18 33.73,-12.52
33.73,-6.98 33.73,-12.18
33.6,-12.22 33.6,-7.1
33.4,-12.4 33.4,-7.27
33.2,-12.58 33.2,-7.45
33.83,-4.95 32.62,-6.02
33.76,-4.97 32.58,-6.02
32.98,-7.65 32.98,-12.78
32.76,-13.09 32.76,-8.12
33.73,-6.98 33.73,-5.48
33.64,-5.45 33.25,-6.05
32.65,-13.18 32.62,-13.2
31.81,-12.08 31.81,-10.23
31.81,-10.19 31.81,-7.45
31.81,-7.42 31.81,-6.84
32.87,-13.05 32.87,-13.22
32.87,-13.05 33.18,-12.78
33.18,-12.78 33.18,-12.95
33.18,-12.95 32.87,-13.22
30.07,-4.92 30.13,-5.07
36.85,-12.76 43.16,-13.55
37.45,-5.02 37.45,-5.13
37.5,-4.88 37.73,-4.71
37.59,-4.94 37.8,-4.78
37.68,-4.98 37.83,-4.88
37.73,-4.71 37.76,-4.69
37.76,-4.69 37.79,-4.68
37.83,-4.88 37.86,-4.87
37.79,-4.68 38.12,-4.57
37.8,-4.78 38.14,-4.67
37.86,-4.87 38.17,-4.76
38.12,-4.57 38.38,-4.51
38.14,-4.67 38.4,-4.61
38.17,-4.76 38.42,-4.71
38.38,-4.51 38.92,-4.46
38.4,-4.61 38.93,-4.56
38.42,-4.71 38.93,-4.66
38.92,-4.46 39.4,-4.46
38.93,-4.56 39.4,-4.56
38.93,-4.66 39.39,-4.66
39.4,-4.46 39.81,-4.5
39.4,-4.56 39.79,-4.6
39.39,-4.66 39.78,-4.7
39.81,-4.5 40.29,-4.6
39.79,-4.6 40.27,-4.7
39.78,-4.7 40.24,-4.8
40.29,-4.6 40.33,-4.61
40.33,-4.61 40.36,-4.63
40.27,-4.7 40.32,-4.72
40.24,-4.8 40.29,-4.81
40.36,-4.63 40.72,-4.87
40.32,-4.72 40.65,-4.93
40.29,-4.81 40.62,-5.06
40.72,-4.87 40.74,-4.89
40.74,-4.89 40.76,-4.91
40.76,-4.91 40.82,-4.98
40.82,-4.98 40.84,-5.01
40.84,-5.01 40.84,-5.04
40.84,-5.04 40.84,-5.06
40.84,-5.06 40.84,-5.06
40.56,-5.32 40.07,-5.49
40.07,-5.49 39.59,-5.56
39.59,-5.56 39.45,-5.57
37.85,-5.37 37.72,-5.32
37.85,-5.37 37.71,-5.25
37.85,-5.37 37.74,-5.2
37.72,-5.32 37.69,-5.31
37.69,-5.31 37.54,-5.2
37.71,-5.25 37.59,-5.11
37.74,-5.2 37.66,-5.04
37.54,-5.2 37.52,-5.18
37.52,-5.18 37.51,-5.16
37.51,-5.16 37.5,-5.14
37.5,-5.14 37.46,-5.06
37.59,-5.11 37.58,-5.02
37.46,-5.06 37.45,-5.04
37.45,-5.04 37.45,-5.02
37.45,-5.02 37.45,-5.01
37.45,-5.01 37.46,-4.95
37.58,-5.02 37.59,-4.94
37.66,-5.04 37.68,-4.98
37.46,-4.95 37.47,-4.94
37.47,-4.94 37.48,-4.92
37.48,-4.92 37.49,-4.9
37.49,-4.9 37.5,-4.88
37.45,-5.13 37.45,-5.14
37.45,-5.14 37.45,-5.15
37.45,-5.15 37.53,-5.33
40.56,-5.38 40.56,-5.5
40.86,-5.06 40.89,-5.05
40.89,-5.05 41.22,-4.93
40.92,-5.14 41.25,-5.03
40.97,-5.23 41.28,-5.13
41.22,-4.93 41.49,-4.88
41.25,-5.03 41.5,-4.98
41.28,-5.13 41.52,-5.08
41.49,-4.88 42.03,-4.82
41.5,-4.98 42.03,-4.92
41.52,-5.08 42.04,-5.02
42.03,-4.82 42.51,-4.82
42.03,-4.92 42.5,-4.92
42.04,-5.02 42.5,-5.02
42.51,-4.82 42.91,-4.86
42.5,-4.92 42.9,-4.96
42.5,-5.02 42.88,-5.06
42.91,-4.86 43.39,-4.97
42.9,-4.96 43.37,-5.06
42.88,-5.06 43.35,-5.16
43.39,-4.97 43.43,-4.98
43.43,-4.98 43.47,-4.99
43.4,-5.07 43.43,-5.08
43.37,-5.06 43.43,-5.08
43.35,-5.16 43.39,-5.17
43.47,-4.99 43.73,-5.11
43.43,-5.08 43.77,-5.29
43.39,-5.17 43.7,-5.34
43.73,-5.11 43.85,-5.23
43.85,-5.23 43.85,-5.28
43.85,-5.28 43.75,-5.51
43.77,-5.29 43.75,-5.51
43.7,-5.34 43.75,-5.51
43.48,-5.75 43.17,-5.86
43.17,-5.86 42.7,-5.93
42.7,-5.93 42.44,-5.94
41.11,-5.78 40.82,-5.69
41.11,-5.78 40.86,-5.59
41.11,-5.78 40.87,-5.53
40.82,-5.69 40.8,-5.67
40.8,-5.67 40.64,-5.56
40.86,-5.59 40.69,-5.47
40.87,-5.53 40.77,-5.41
40.64,-5.56 40.63,-5.54
40.63,-5.54 40.61,-5.53
40.61,-5.53 40.6,-5.51
40.6,-5.51 40.56,-5.42
40.69,-5.47 40.66,-5.39
40.77,-5.41 40.77,-5.41
40.56,-5.42 40.56,-5.41
40.56,-5.41 40.56,-5.39
40.56,-5.39 40.56,-5.37
40.56,-5.37 40.57,-5.33
40.66,-5.39 40.66,-5.38
40.56,-5.5 40.56,-5.5
40.56,-5.5 40.56,-5.52
40.56,-5.52 40.64,-5.72
40.84,-5.06 40.56,-5.32
40.71,-5.08 40.57,-5.31
40.62,-5.06 40.57,-5.31
40.86,-5.06 40.57,-5.33
40.92,-5.14 40.66,-5.38
40.97,-5.23 40.77,-5.41
40.84,-5.06 40.84,-5.08
36.85,-12.76 40.97,-13.28
36.85,-5.25 36.85,-12.76
37.1,-12.69 37.1,-12.45
42.98,-13.19 42.98,-13.43
36.85,-9.51 43.19,-10.31
36.84,-9.54 43.19,-10.34
36.85,-12.42 43.2,-13.22
43.03,-13.2 43.03,-13.54
37,-12.78 37,-12.44
37.1,-12.69 42.98,-13.43
38.78,-12.78 37.87,-12.67
41.9,-13.17 40.98,-13.06
43.19,-7.54 36.85,-6.74
36.85,-6.77 43.19,-7.57
40.84,-7.24 40.84,-7.24
40.84,-7.24 40.84,-7.24
38.78,-12.78 38.78,-12.66
40.98,-13.06 40.98,-12.94
38.06,-4.18 36.85,-5.25
38.07,-4.21 36.89,-5.25
43.2,-6.04 36.85,-5.25
44.41,-4.96 38.06,-4.18
44.34,-4.98 38.07,-4.21
43.2,-13.56 43.2,-13.22
37.87,-12.55 37.87,-12.67
41.9,-13.06 41.9,-13.17
37,-12.78 37.1,-12.69
43.03,-13.54 42.98,-13.43
44.27,-5.04 38.07,-4.28
37.57,-11.46 37.57,-9.63
37.57,-9.6 37.57,-6.86
37.57,-6.83 37.57,-6.24
43.34,-13.11 44.31,-12.25
43.55,-7.66 44.31,-6.99
43.55,-9 44.31,-8.33
43.55,-10.33 44.31,-9.66
43.55,-11.66 44.31,-10.99
44.41,-12.45 44.4,-4.97
43.55,-12.79 44.18,-12.24
43.19,-6.04 43.19,-7.54
43.19,-7.57 43.19,-10.31
43.19,-10.34 43.2,-13.22
43.22,-6.01 43.23,-13.5
43.34,-13.4 43.34,-13.11
44.41,-12.45 43.16,-13.55
44.31,-12.19 44.31,-12.54
44.31,-6.99 44.31,-12.19
44.18,-12.24 44.18,-7.11
43.98,-12.42 43.98,-7.29
43.78,-12.59 43.78,-7.46
44.41,-4.96 43.2,-6.04
44.34,-4.98 43.16,-6.03
43.55,-7.66 43.55,-12.79
43.34,-13.11 43.34,-8.14
44.31,-6.99 44.31,-5.5
44.22,-5.47 43.83,-6.07
43.23,-13.19 43.2,-13.22
42.39,-12.1 42.39,-10.24
42.39,-10.21 42.39,-7.47
42.39,-7.44 42.39,-6.86
43.45,-13.07 43.45,-13.23
43.45,-13.07 43.76,-12.8
43.76,-12.8 43.76,-12.96
43.76,-12.96 43.45,-13.23
40.65,-4.93 40.71,-5.08
