21.09,-13.3 21.09,-19.26
21.09,-19.26 13.84,-19.26
24.26,-20.15 13.84,-20.15
31.68,-13.3 31.68,-19.65
13.84,-20.65 13.84,-18.76
12.67,-19.7 10.0,-19.7
13.84,-18.76 12.67,-19.7
12.67,-19.7 13.84,-20.65
42.25,-13.3 42.25,-20.65
25.42,-21.09 25.42,-19.2
25.42,-19.2 24.25,-20.14
24.25,-20.14 25.42,-21.09
25.42,-19.65 31.68,-19.65
25.42,-20.65 42.25,-20.65
23.23,-12.47 23.22,-6.28
19.19,-5.05 19.19,-4.95
15.8,-4.95 15.8,-5.07
19.04,-5.68 19.04,-5.46
15.85,-4.82 16.08,-4.65
15.91,-4.9 16.13,-4.73
16.01,-4.95 16.19,-4.82
16.08,-4.65 16.11,-4.63
16.13,-4.73 16.15,-4.72
16.11,-4.63 16.14,-4.62
16.15,-4.72 16.18,-4.71
16.19,-4.82 16.21,-4.8
16.14,-4.62 16.47,-4.51
16.18,-4.71 16.5,-4.6
16.21,-4.8 16.52,-4.7
16.47,-4.51 16.74,-4.45
16.5,-4.6 16.75,-4.55
16.52,-4.7 16.77,-4.65
16.74,-4.45 17.27,-4.39
16.75,-4.55 17.28,-4.49
16.77,-4.65 17.28,-4.59
17.27,-4.39 17.75,-4.4
17.28,-4.49 17.75,-4.5
17.28,-4.59 17.74,-4.6
17.75,-4.4 18.16,-4.43
17.75,-4.5 18.14,-4.53
17.74,-4.6 18.13,-4.63
18.16,-4.43 18.64,-4.54
18.14,-4.53 18.61,-4.63
18.13,-4.63 18.62,-4.74
18.64,-4.54 18.68,-4.55
18.61,-4.63 18.65,-4.64
18.68,-4.55 18.72,-4.56
18.65,-4.64 18.68,-4.65
18.72,-4.56 19.1,-4.77
18.68,-4.65 19.04,-4.85
18.68,-4.65 19.04,-4.85
18.62,-4.74 18.99,-4.94
19.1,-4.77 19.11,-4.78
19.11,-4.78 19.13,-4.8
19.13,-4.8 19.19,-4.92
19.04,-4.85 19.1,-4.96
19.19,-4.92 19.19,-4.96
19.19,-4.96 19.19,-4.97
19.19,-4.97 19.19,-4.99
19.19,-4.99 19.18,-5.01
19.18,-5.01 19.18,-5.03
19.18,-5.03 19.03,-5.19
19.1,-4.96 19.07,-5.15
18.99,-4.94 19.07,-5.15
19.18,-5.03 19.03,-5.19
19.03,-5.19 19.01,-5.21
19.01,-5.21 18.98,-5.22
18.98,-5.22 18.42,-5.43
18.42,-5.43 17.94,-5.5
17.94,-5.5 17.68,-5.52
16.15,-5.32 15.89,-5.13
16.15,-5.32 15.96,-5.06
16.15,-5.32 16,-4.97
15.89,-5.13 15.87,-5.11
15.96,-5.06 15.94,-5.03
15.87,-5.11 15.86,-5.1
15.86,-5.1 15.85,-5.08
15.85,-5.08 15.81,-4.99
15.94,-5.03 15.9,-4.96
15.81,-4.99 15.8,-4.98
15.8,-4.98 15.8,-4.96
15.8,-4.96 15.8,-4.94
15.8,-4.94 15.81,-4.89
15.9,-4.96 15.91,-4.9
16,-4.97 16.01,-4.95
15.81,-4.89 15.82,-4.87
15.82,-4.87 15.83,-4.86
15.83,-4.86 15.84,-4.84
15.84,-4.84 15.85,-4.82
15.8,-5.07 15.8,-5.07
15.8,-5.07 15.8,-5.09
18.95,-5.56 18.76,-5.65
18.95,-5.56 19.04,-5.46
15.8,-5.09 15.89,-5.29
19.11,-5.27 19.04,-5.46
19.17,-5.38 19.17,-5.49
19.22,-5.24 19.45,-5.07
19.45,-5.07 19.48,-5.05
19.48,-5.05 19.51,-5.04
19.51,-5.04 19.84,-4.93
19.84,-4.93 20.1,-4.87
20.1,-4.87 20.64,-4.82
20.64,-4.82 21.12,-4.82
21.12,-4.82 21.53,-4.86
21.53,-4.86 22.01,-4.96
22.01,-4.96 22.05,-4.97
22.05,-4.97 22.08,-4.98
22.08,-4.98 22.47,-5.19
22.47,-5.19 22.48,-5.21
22.48,-5.21 22.5,-5.22
22.5,-5.22 22.56,-5.34
22.56,-5.34 22.56,-5.38
22.56,-5.38 22.56,-5.4
22.56,-5.4 22.56,-5.41
22.56,-5.41 22.55,-5.43
22.55,-5.43 22.55,-5.45
22.55,-5.45 22.4,-5.62
22.4,-5.62 22.38,-5.63
22.38,-5.63 22.35,-5.65
22.35,-5.65 21.79,-5.85
21.79,-5.85 21.31,-5.92
21.31,-5.92 21.09,-5.94
19.62,-5.75 19.44,-5.68
19.44,-5.68 19.41,-5.67
19.41,-5.67 19.26,-5.55
19.26,-5.55 19.24,-5.54
19.24,-5.54 19.23,-5.52
19.23,-5.52 19.22,-5.5
19.22,-5.5 19.18,-5.42
19.18,-5.42 19.17,-5.4
19.17,-5.4 19.17,-5.38
19.17,-5.38 19.17,-5.37
19.17,-5.37 19.18,-5.31
19.18,-5.31 19.19,-5.3
19.19,-5.3 19.2,-5.28
19.2,-5.28 19.21,-5.26
19.21,-5.26 19.22,-5.24
19.17,-5.49 19.17,-5.5
19.17,-5.5 19.17,-5.51
19.17,-5.51 19.25,-5.71
15.03,-12.69 21.98,-13.57
15.03,-12.69 19.15,-13.21
15.03,-5.18 15.03,-12.69
15.28,-12.63 15.28,-12.39
15.89,-9.56 21.16,-10.22
15.89,-9.59 21.16,-10.25
15.03,-12.36 22.02,-13.24
15.19,-12.71 15.19,-12.38
15.28,-12.63 21.8,-13.45
16.96,-12.72 16.05,-12.6
21.16,-7.45 15.89,-6.78
15.89,-6.81 21.16,-7.48
19.02,-7.18 19.02,-7.18
19.02,-7.18 19.02,-7.18
16.96,-12.72 16.96,-12.6
16.24,-4.11 15.03,-5.18
16.25,-4.14 15.07,-5.19
22.01,-6.05 15.03,-5.19
23.23,-4.98 16.24,-4.11
23.16,-5 16.25,-4.14
16.05,-12.48 16.05,-12.6
15.19,-12.71 15.28,-12.63
23.09,-5.06 19.83,-4.66
19.67,-4.64 16.26,-4.21
22.15,-13.13 23.13,-12.27
22.37,-7.68 23.13,-7.01
22.37,-9.01 23.13,-8.34
22.37,-10.35 23.13,-9.68
22.37,-11.68 23.13,-11.01
23.23,-12.47 23.22,-4.98
22.37,-12.81 22.99,-12.26
22.15,-13.42 22.15,-13.13
23.23,-12.47 21.98,-13.57
23.13,-12.21 23.13,-12.56
23.13,-7.01 23.13,-12.21
22.99,-12.26 22.99,-7.13
22.79,-12.43 22.79,-7.3
22.59,-12.61 22.59,-7.48
23.23,-4.98 22.01,-6.05
23.16,-5 21.97,-6.05
22.37,-7.68 22.37,-12.81
22.15,-13.13 22.15,-8.16
23.13,-7.01 23.13,-5.51
23.03,-5.49 22.65,-6.09
22.02,-13.53 22.02,-13.23
22.01,-6.05 22.02,-7.56
22.02,-7.59 22.02,-10.33
22.02,-10.36 22.02,-13.23
22.04,-6.02 22.05,-13.51
22.05,-13.2 22.02,-13.23
21.8,-13.21 21.8,-13.45
21.85,-13.22 21.85,-13.55
21.85,-13.55 21.8,-13.45
20.72,-13.19 19.8,-13.07
19.8,-13.07 19.8,-12.96
20.72,-13.07 20.72,-13.19
16.26,-4.21 15.14,-5.2
16.61,-11.51 16.61,-9.67
16.61,-9.64 16.61,-6.9
16.61,-6.87 16.61,-6.28
20.35,-12 20.35,-10.14
20.35,-10.11 20.35,-7.37
20.35,-7.34 20.35,-6.76
15.89,-5.29 15.89,-6.78
15.89,-6.81 15.89,-9.56
15.89,-9.59 15.89,-12.46
15.86,-5.29 15.86,-12.46
21.16,-5.94 21.16,-7.45
21.16,-7.48 21.16,-10.22
21.16,-10.25 21.16,-13.13
21.19,-5.94 21.19,-13.13
18.52,-5.62 19.68,-4.63
18.56,-5.62 19.78,-4.58
18.68,-5.64 19.87,-4.63
18.62,-5.63 19.84,-4.59
19.84,-4.63 19.87,-4.63
19.73,-4.63 19.68,-4.63
19.84,-4.59 19.84,-4.63
19.35,-5.3 19.6,-5.12
19.47,-5.37 19.65,-5.23
19.63,-5.11 19.69,-5.08
19.65,-5.23 19.68,-5.22
19.69,-5.08 19.96,-5.01
19.68,-5.22 19.99,-5.13
19.96,-5.01 20.21,-4.96
19.99,-5.13 20.23,-5.08
20.21,-4.96 20.75,-4.91
20.23,-5.08 20.75,-5.02
20.75,-4.91 21.22,-4.92
20.75,-5.02 21.21,-5.02
21.22,-4.92 21.61,-4.96
21.21,-5.02 21.59,-5.06
21.61,-4.96 22.08,-5.06
21.59,-5.06 22.09,-5.17
22.08,-5.06 22.11,-5.07
22.11,-5.07 22.14,-5.08
22.14,-5.08 22.47,-5.28
22.14,-5.08 22.47,-5.28
22.09,-5.17 22.43,-5.35
22.47,-5.28 22.5,-5.39
22.5,-5.39 22.5,-5.5
22.43,-5.35 22.5,-5.5
19.62,-5.75 19.39,-5.53
19.62,-5.75 19.47,-5.49
19.39,-5.53 19.35,-5.47
19.35,-5.47 19.33,-5.39
19.33,-5.39 19.35,-5.3
19.47,-5.49 19.47,-5.37
19.6,-5.12 19.63,-5.11
22.56,-5.39 22.54,-5.54
22.25,-13.1 22.25,-13.26
22.25,-13.1 22.55,-12.83
22.55,-12.83 22.55,-12.99
22.55,-12.99 22.25,-13.26
33.83,-12.44 33.82,-6.25
29.79,-5.02 29.79,-4.92
26.4,-4.92 26.4,-5.03
29.64,-5.65 29.64,-5.43
26.45,-4.79 26.68,-4.61
26.52,-4.87 26.73,-4.7
26.61,-4.92 26.79,-4.78
26.68,-4.61 26.71,-4.6
26.73,-4.7 26.75,-4.69
26.71,-4.6 26.74,-4.58
26.75,-4.69 26.78,-4.68
26.79,-4.78 26.81,-4.77
26.74,-4.58 27.07,-4.47
26.78,-4.68 27.1,-4.57
26.81,-4.77 27.12,-4.67
27.07,-4.47 27.34,-4.42
27.1,-4.57 27.35,-4.52
27.12,-4.67 27.37,-4.61
27.34,-4.42 27.88,-4.36
27.35,-4.52 27.88,-4.46
27.37,-4.61 27.89,-4.56
27.88,-4.36 28.36,-4.36
27.88,-4.46 28.35,-4.46
27.89,-4.56 28.35,-4.56
28.36,-4.36 28.76,-4.4
28.35,-4.46 28.74,-4.5
28.35,-4.56 28.73,-4.6
28.76,-4.4 29.24,-4.5
28.74,-4.5 29.22,-4.6
28.73,-4.6 29.22,-4.7
29.24,-4.5 29.28,-4.52
29.22,-4.6 29.25,-4.61
29.28,-4.52 29.32,-4.53
29.25,-4.61 29.28,-4.62
29.32,-4.53 29.7,-4.74
29.28,-4.62 29.64,-4.82
29.28,-4.62 29.64,-4.82
29.22,-4.7 29.59,-4.9
29.7,-4.74 29.71,-4.75
29.71,-4.75 29.73,-4.77
29.73,-4.77 29.79,-4.89
29.64,-4.82 29.7,-4.93
29.79,-4.89 29.79,-4.92
29.79,-4.92 29.79,-4.94
29.79,-4.94 29.79,-4.96
29.79,-4.96 29.78,-4.98
29.78,-4.98 29.78,-4.99
29.78,-4.99 29.63,-5.16
29.7,-4.93 29.67,-5.12
29.59,-4.9 29.67,-5.12
29.78,-4.99 29.63,-5.16
29.63,-5.16 29.61,-5.18
29.61,-5.18 29.58,-5.19
29.58,-5.19 29.02,-5.4
29.02,-5.4 28.54,-5.47
28.54,-5.47 28.29,-5.48
26.75,-5.29 26.49,-5.1
26.75,-5.29 26.56,-5.02
26.75,-5.29 26.6,-4.93
26.49,-5.1 26.47,-5.08
26.56,-5.02 26.54,-5
26.47,-5.08 26.46,-5.07
26.46,-5.07 26.45,-5.05
26.45,-5.05 26.41,-4.96
26.54,-5 26.5,-4.93
26.41,-4.96 26.41,-4.94
26.41,-4.94 26.4,-4.93
26.4,-4.93 26.4,-4.91
26.4,-4.91 26.42,-4.86
26.5,-4.93 26.52,-4.87
26.6,-4.93 26.61,-4.92
26.42,-4.86 26.42,-4.84
26.42,-4.84 26.43,-4.82
26.43,-4.82 26.44,-4.81
26.44,-4.81 26.45,-4.79
26.4,-5.03 26.4,-5.04
26.4,-5.04 26.41,-5.06
29.55,-5.52 29.36,-5.61
29.55,-5.52 29.64,-5.42
26.41,-5.06 26.49,-5.26
29.71,-5.24 29.64,-5.42
29.77,-5.34 29.77,-5.46
29.82,-5.21 30.05,-5.04
30.05,-5.04 30.08,-5.02
30.08,-5.02 30.11,-5.01
30.11,-5.01 30.44,-4.9
30.44,-4.9 30.7,-4.84
30.7,-4.84 31.24,-4.78
31.24,-4.78 31.72,-4.79
31.72,-4.79 32.13,-4.82
32.13,-4.82 32.61,-4.93
32.61,-4.93 32.65,-4.94
32.65,-4.94 32.68,-4.95
32.68,-4.95 33.07,-5.16
33.07,-5.16 33.08,-5.18
33.08,-5.18 33.1,-5.19
33.1,-5.19 33.16,-5.31
33.16,-5.31 33.16,-5.35
33.16,-5.35 33.16,-5.36
33.16,-5.36 33.16,-5.38
33.16,-5.38 33.15,-5.4
33.15,-5.4 33.15,-5.42
33.15,-5.42 33,-5.58
33,-5.58 32.98,-5.6
32.98,-5.6 32.95,-5.62
32.95,-5.62 32.39,-5.82
32.39,-5.82 31.91,-5.89
31.91,-5.89 31.69,-5.9
30.22,-5.72 30.04,-5.65
30.04,-5.65 30.01,-5.63
30.01,-5.63 29.86,-5.52
29.86,-5.52 29.84,-5.5
29.84,-5.5 29.83,-5.49
29.83,-5.49 29.82,-5.47
29.82,-5.47 29.78,-5.38
29.78,-5.38 29.77,-5.37
29.77,-5.37 29.77,-5.35
29.77,-5.35 29.77,-5.33
29.77,-5.33 29.78,-5.28
29.78,-5.28 29.79,-5.26
29.79,-5.26 29.8,-5.25
29.8,-5.25 29.81,-5.23
29.81,-5.23 29.82,-5.21
29.77,-5.46 29.77,-5.46
29.77,-5.46 29.77,-5.48
29.77,-5.48 29.85,-5.68
25.63,-12.66 32.58,-13.54
25.63,-12.66 29.75,-13.18
25.63,-5.15 25.63,-12.66
25.88,-12.59 25.88,-12.36
26.49,-9.52 31.76,-10.19
26.49,-9.55 31.76,-10.22
25.63,-12.32 32.62,-13.2
25.79,-12.68 25.79,-12.34
25.88,-12.59 32.4,-13.42
27.56,-12.69 26.65,-12.57
31.76,-7.41 26.49,-6.75
26.49,-6.78 31.76,-7.45
29.63,-7.15 29.63,-7.14
29.63,-7.15 29.63,-7.14
27.56,-12.69 27.56,-12.57
26.84,-4.08 25.63,-5.15
26.85,-4.11 25.67,-5.16
32.61,-6.02 25.63,-5.15
33.83,-4.94 26.84,-4.08
33.76,-4.97 26.85,-4.11
26.65,-12.45 26.65,-12.57
25.79,-12.68 25.88,-12.59
33.69,-5.03 30.43,-4.62
30.27,-4.6 26.86,-4.18
32.75,-13.09 33.73,-12.24
32.97,-7.65 33.73,-6.98
32.97,-8.98 33.73,-8.31
32.97,-10.31 33.73,-9.65
32.97,-11.65 33.73,-10.98
33.83,-12.44 33.82,-4.95
32.97,-12.78 33.59,-12.22
32.75,-13.38 32.75,-13.09
33.83,-12.44 32.58,-13.54
33.73,-12.18 33.73,-12.52
33.73,-6.98 33.73,-12.18
33.59,-12.22 33.59,-7.1
33.39,-12.4 33.39,-7.27
33.19,-12.58 33.19,-7.45
33.83,-4.94 32.61,-6.02
33.76,-4.97 32.58,-6.01
32.97,-7.65 32.97,-12.78
32.75,-13.09 32.75,-8.12
33.73,-6.98 33.73,-5.48
33.64,-5.45 33.25,-6.05
32.62,-13.5 32.62,-13.2
32.61,-6.02 32.62,-7.52
32.62,-7.55 32.62,-10.3
32.62,-10.33 32.62,-13.2
32.64,-5.99 32.65,-13.48
32.65,-13.17 32.62,-13.2
32.4,-13.18 32.4,-13.42
32.45,-13.18 32.45,-13.52
32.45,-13.52 32.4,-13.42
31.32,-13.15 30.4,-13.04
30.4,-13.04 30.4,-12.92
31.32,-13.04 31.32,-13.15
26.86,-4.18 25.74,-5.17
27.21,-11.47 27.21,-9.64
27.21,-9.61 27.21,-6.87
27.21,-6.84 27.21,-6.25
30.95,-11.97 30.95,-10.11
30.95,-10.08 30.95,-7.34
30.95,-7.31 30.95,-6.73
26.49,-5.26 26.49,-6.75
26.49,-6.78 26.49,-9.52
26.49,-9.55 26.49,-12.43
26.46,-5.26 26.46,-12.43
31.76,-5.91 31.76,-7.41
31.76,-7.45 31.76,-10.19
31.76,-10.22 31.76,-13.1
31.79,-5.91 31.79,-13.1
29.12,-5.58 30.28,-4.6
29.16,-5.59 30.38,-4.55
29.28,-5.6 30.47,-4.6
29.22,-5.6 30.44,-4.55
30.44,-4.6 30.47,-4.6
30.33,-4.6 30.28,-4.6
30.44,-4.55 30.44,-4.6
29.95,-5.27 30.2,-5.09
30.07,-5.33 30.25,-5.2
30.23,-5.08 30.29,-5.05
30.25,-5.2 30.28,-5.19
30.29,-5.05 30.56,-4.98
30.28,-5.19 30.59,-5.09
30.56,-4.98 30.81,-4.93
30.59,-5.09 30.83,-5.04
30.81,-4.93 31.35,-4.87
30.83,-5.04 31.35,-4.99
31.35,-4.87 31.82,-4.89
31.35,-4.99 31.81,-4.99
31.82,-4.89 32.21,-4.93
31.81,-4.99 32.19,-5.03
32.21,-4.93 32.68,-5.03
32.19,-5.03 32.69,-5.13
32.68,-5.03 32.71,-5.04
32.71,-5.04 32.74,-5.05
32.74,-5.05 33.07,-5.25
32.74,-5.05 33.07,-5.25
32.69,-5.13 33.03,-5.32
33.07,-5.25 33.1,-5.36
33.1,-5.36 33.1,-5.47
33.03,-5.32 33.1,-5.47
30.22,-5.72 29.99,-5.5
30.22,-5.72 30.07,-5.46
29.99,-5.5 29.95,-5.44
29.95,-5.44 29.93,-5.36
29.93,-5.36 29.95,-5.27
30.07,-5.46 30.07,-5.33
30.2,-5.09 30.23,-5.08
33.16,-5.36 33.14,-5.51
32.85,-13.07 32.85,-13.23
32.85,-13.07 33.15,-12.8
33.15,-12.8 33.15,-12.96
33.15,-12.96 32.85,-13.23
36.84,-12.75 43.16,-13.55
37.45,-5.01 37.45,-5.13
37.49,-4.88 37.72,-4.71
37.59,-4.94 37.79,-4.78
37.67,-4.98 37.82,-4.88
37.72,-4.71 37.75,-4.69
37.75,-4.69 37.78,-4.68
37.82,-4.88 37.85,-4.86
37.78,-4.68 38.11,-4.57
37.79,-4.78 38.14,-4.66
37.85,-4.86 38.16,-4.76
38.11,-4.57 38.38,-4.51
38.14,-4.66 38.39,-4.61
38.16,-4.76 38.41,-4.71
38.38,-4.51 38.92,-4.45
38.39,-4.61 38.92,-4.55
38.41,-4.71 38.93,-4.65
38.92,-4.45 39.4,-4.46
38.92,-4.55 39.39,-4.56
38.93,-4.65 39.39,-4.66
39.4,-4.46 39.8,-4.49
39.39,-4.56 39.78,-4.59
39.39,-4.66 39.77,-4.69
39.8,-4.49 40.28,-4.6
39.78,-4.59 40.26,-4.7
39.77,-4.69 40.24,-4.79
40.28,-4.6 40.32,-4.61
40.32,-4.61 40.36,-4.62
40.26,-4.7 40.32,-4.71
40.24,-4.79 40.28,-4.81
40.36,-4.62 40.71,-4.86
40.32,-4.71 40.64,-4.93
40.28,-4.81 40.62,-5.05
40.71,-4.86 40.73,-4.88
40.73,-4.88 40.75,-4.91
40.75,-4.91 40.81,-4.98
40.81,-4.98 40.83,-5.01
40.83,-5.01 40.83,-5.03
40.83,-5.03 40.83,-5.05
40.83,-5.05 40.83,-5.05
40.55,-5.31 40.06,-5.49
40.06,-5.49 39.58,-5.56
39.58,-5.56 39.44,-5.57
37.84,-5.37 37.71,-5.32
37.84,-5.37 37.71,-5.24
37.84,-5.37 37.74,-5.2
37.71,-5.32 37.68,-5.3
37.68,-5.3 37.53,-5.19
37.71,-5.24 37.58,-5.1
37.74,-5.2 37.65,-5.04
37.53,-5.19 37.52,-5.17
37.52,-5.17 37.5,-5.16
37.5,-5.16 37.49,-5.14
37.49,-5.14 37.45,-5.05
37.58,-5.1 37.57,-5.02
37.45,-5.05 37.45,-5.04
37.45,-5.04 37.45,-5.02
37.45,-5.02 37.45,-5
37.45,-5 37.46,-4.95
37.57,-5.02 37.59,-4.94
37.65,-5.04 37.67,-4.98
37.46,-4.95 37.46,-4.93
37.46,-4.93 37.47,-4.92
37.47,-4.92 37.48,-4.9
37.48,-4.9 37.49,-4.88
37.45,-5.13 37.45,-5.13
37.45,-5.13 37.45,-5.15
37.45,-5.15 37.52,-5.33
40.55,-5.38 40.55,-5.49
40.85,-5.06 40.89,-5.04
40.89,-5.04 41.22,-4.93
40.91,-5.14 41.24,-5.03
40.96,-5.23 41.27,-5.12
41.22,-4.93 41.48,-4.87
41.24,-5.03 41.5,-4.97
41.27,-5.12 41.51,-5.07
41.48,-4.87 42.02,-4.82
41.5,-4.97 42.03,-4.92
41.51,-5.07 42.03,-5.02
42.02,-4.82 42.5,-4.82
42.03,-4.92 42.5,-4.92
42.03,-5.02 42.49,-5.02
42.5,-4.82 42.9,-4.86
42.5,-4.92 42.89,-4.96
42.49,-5.02 42.87,-5.06
42.9,-4.86 43.39,-4.96
42.89,-4.96 43.37,-5.06
42.87,-5.06 43.35,-5.16
43.39,-4.96 43.43,-4.97
43.43,-4.97 43.46,-4.99
43.39,-5.07 43.42,-5.08
43.37,-5.06 43.42,-5.08
43.35,-5.16 43.38,-5.17
43.46,-4.99 43.72,-5.11
43.42,-5.08 43.76,-5.29
43.38,-5.17 43.69,-5.34
43.72,-5.11 43.84,-5.22
43.84,-5.22 43.84,-5.27
43.84,-5.27 43.74,-5.5
43.76,-5.29 43.74,-5.5
43.69,-5.34 43.74,-5.5
43.47,-5.74 43.17,-5.85
43.17,-5.85 42.69,-5.92
42.69,-5.92 42.43,-5.94
41.1,-5.77 40.82,-5.68
41.1,-5.77 40.85,-5.59
41.1,-5.77 40.86,-5.53
40.82,-5.68 40.79,-5.67
40.79,-5.67 40.64,-5.56
40.85,-5.59 40.69,-5.47
40.86,-5.53 40.77,-5.4
40.64,-5.56 40.62,-5.54
40.62,-5.54 40.61,-5.52
40.61,-5.52 40.59,-5.51
40.59,-5.51 40.55,-5.42
40.69,-5.47 40.65,-5.39
40.77,-5.4 40.77,-5.4
40.55,-5.42 40.55,-5.4
40.55,-5.4 40.55,-5.38
40.55,-5.38 40.55,-5.37
40.55,-5.37 40.56,-5.32
40.65,-5.39 40.65,-5.37
40.55,-5.49 40.55,-5.5
40.55,-5.5 40.55,-5.51
40.55,-5.51 40.63,-5.71
40.83,-5.05 40.55,-5.31
40.71,-5.08 40.56,-5.3
40.62,-5.05 40.56,-5.3
40.85,-5.06 40.56,-5.32
40.91,-5.14 40.65,-5.37
40.96,-5.23 40.77,-5.4
40.83,-5.05 40.83,-5.08
36.84,-12.75 40.96,-13.27
36.84,-5.24 36.84,-12.75
37.09,-12.69 37.09,-12.45
42.97,-13.19 42.97,-13.43
36.84,-9.51 43.19,-10.31
36.84,-9.54 43.19,-10.34
36.84,-12.42 43.19,-13.22
43.02,-13.19 43.02,-13.53
37,-12.77 37,-12.44
37.09,-12.69 42.97,-13.43
38.77,-12.78 37.86,-12.66
41.89,-13.17 40.97,-13.05
43.19,-7.53 36.84,-6.73
36.84,-6.77 43.19,-7.57
40.84,-7.24 40.84,-7.24
40.84,-7.24 40.84,-7.24
38.77,-12.78 38.77,-12.66
40.97,-13.05 40.97,-12.94
38.05,-4.17 36.84,-5.24
38.06,-4.2 36.88,-5.25
43.19,-6.03 36.84,-5.25
44.4,-4.96 38.05,-4.17
44.33,-4.98 38.06,-4.2
43.19,-13.55 43.19,-13.22
37.86,-12.54 37.86,-12.66
41.89,-13.05 41.89,-13.17
37,-12.77 37.09,-12.69
43.02,-13.53 42.97,-13.43
44.26,-5.04 38.07,-4.27
37.56,-11.46 37.56,-9.63
37.56,-9.6 37.56,-6.86
37.56,-6.82 37.56,-6.23
43.33,-13.1 44.31,-12.25
43.55,-7.66 44.31,-6.99
43.55,-8.99 44.31,-8.32
43.55,-10.32 44.31,-9.66
43.55,-11.66 44.31,-10.99
44.41,-12.45 44.4,-4.96
43.55,-12.79 44.17,-12.24
43.18,-6.04 43.19,-7.53
43.19,-7.57 43.19,-10.31
43.19,-10.34 43.19,-13.22
43.21,-6.01 43.22,-13.49
43.33,-13.39 43.33,-13.1
44.41,-12.45 43.16,-13.55
44.31,-12.19 44.31,-12.54
44.31,-6.99 44.31,-12.19
44.17,-12.24 44.17,-7.11
43.97,-12.41 43.97,-7.28
43.77,-12.59 43.77,-7.46
44.4,-4.96 43.19,-6.03
44.33,-4.98 43.15,-6.03
43.55,-7.66 43.55,-12.79
43.33,-13.1 43.33,-8.13
44.31,-6.99 44.31,-5.49
44.21,-5.47 43.83,-6.06
43.22,-13.19 43.19,-13.22
42.38,-12.09 42.38,-10.24
42.38,-10.21 42.38,-7.46
42.38,-7.43 42.38,-6.86
43.44,-13.07 43.44,-13.23
43.44,-13.07 43.75,-12.79
43.75,-12.79 43.75,-12.96
43.75,-12.96 43.44,-13.23
40.64,-4.93 40.71,-5.08
