3.73,-10.59 10.04,-11.38
4.33,-2.85 4.33,-2.96
4.38,-2.71 4.61,-2.54
4.47,-2.77 4.67,-2.61
4.56,-2.81 4.71,-2.71
4.61,-2.54 4.64,-2.52
4.64,-2.52 4.67,-2.51
4.71,-2.71 4.74,-2.7
4.67,-2.51 5,-2.4
4.67,-2.61 5.02,-2.49
4.74,-2.7 5.05,-2.59
5,-2.4 5.26,-2.34
5.02,-2.49 5.28,-2.44
5.05,-2.59 5.29,-2.54
5.26,-2.34 5.8,-2.29
5.28,-2.44 5.81,-2.39
5.29,-2.54 5.81,-2.49
5.8,-2.29 6.28,-2.29
5.81,-2.39 6.28,-2.39
5.81,-2.49 6.27,-2.49
6.28,-2.29 6.69,-2.33
6.28,-2.39 6.67,-2.43
6.27,-2.49 6.66,-2.52
6.69,-2.33 7.17,-2.43
6.67,-2.43 7.15,-2.53
6.66,-2.52 7.12,-2.62
7.17,-2.43 7.21,-2.44
7.21,-2.44 7.24,-2.45
7.15,-2.53 7.2,-2.55
7.12,-2.62 7.16,-2.64
7.24,-2.45 7.59,-2.7
7.2,-2.55 7.53,-2.76
7.16,-2.64 7.5,-2.89
7.59,-2.7 7.62,-2.72
7.62,-2.72 7.64,-2.74
7.64,-2.74 7.7,-2.81
7.7,-2.81 7.72,-2.84
7.72,-2.84 7.72,-2.87
7.72,-2.87 7.72,-2.88
7.72,-2.88 7.72,-2.89
7.43,-3.15 6.95,-3.32
6.95,-3.32 6.47,-3.39
6.47,-3.39 6.33,-3.4
4.73,-3.2 4.6,-3.15
4.73,-3.2 4.59,-3.08
4.73,-3.2 4.62,-3.03
4.6,-3.15 4.57,-3.14
4.57,-3.14 4.42,-3.02
4.59,-3.08 4.47,-2.94
4.62,-3.03 4.54,-2.87
4.42,-3.02 4.4,-3.01
4.4,-3.01 4.39,-2.99
4.39,-2.99 4.38,-2.97
4.38,-2.97 4.34,-2.89
4.47,-2.94 4.46,-2.85
4.34,-2.89 4.33,-2.87
4.33,-2.87 4.33,-2.85
4.33,-2.85 4.33,-2.84
4.33,-2.84 4.34,-2.78
4.46,-2.85 4.47,-2.77
4.54,-2.87 4.56,-2.81
4.34,-2.78 4.35,-2.77
4.35,-2.77 4.36,-2.75
4.36,-2.75 4.37,-2.73
4.37,-2.73 4.38,-2.71
4.33,-2.96 4.33,-2.97
4.33,-2.97 4.33,-2.98
4.33,-2.98 4.41,-3.16
7.44,-3.21 7.44,-3.32
7.74,-2.89 7.77,-2.87
7.77,-2.87 8.1,-2.76
7.8,-2.97 8.13,-2.86
7.85,-3.06 8.15,-2.96
8.1,-2.76 8.37,-2.71
8.13,-2.86 8.38,-2.81
8.15,-2.96 8.4,-2.91
8.37,-2.71 8.91,-2.65
8.38,-2.81 8.91,-2.75
8.4,-2.91 8.92,-2.85
8.91,-2.65 9.39,-2.65
8.91,-2.75 9.38,-2.75
8.92,-2.85 9.38,-2.85
9.39,-2.65 9.79,-2.69
9.38,-2.75 9.78,-2.79
9.38,-2.85 9.76,-2.89
9.79,-2.69 10.27,-2.79
9.78,-2.79 10.25,-2.89
9.76,-2.89 10.23,-2.99
10.27,-2.79 10.31,-2.81
10.31,-2.81 10.35,-2.82
10.28,-2.9 10.31,-2.91
10.25,-2.89 10.31,-2.91
10.23,-2.99 10.27,-3
10.35,-2.82 10.6,-2.94
10.31,-2.91 10.65,-3.12
10.27,-3 10.58,-3.17
10.6,-2.94 10.73,-3.06
10.73,-3.06 10.73,-3.11
10.73,-3.11 10.63,-3.34
10.65,-3.12 10.63,-3.34
10.58,-3.17 10.63,-3.34
10.36,-3.58 10.05,-3.69
10.05,-3.69 9.57,-3.76
9.57,-3.76 9.32,-3.77
7.99,-3.61 7.7,-3.52
7.99,-3.61 7.74,-3.42
7.99,-3.61 7.75,-3.36
7.7,-3.52 7.67,-3.5
7.67,-3.5 7.52,-3.39
7.74,-3.42 7.57,-3.3
7.75,-3.36 7.65,-3.24
7.52,-3.39 7.51,-3.37
7.51,-3.37 7.49,-3.36
7.49,-3.36 7.48,-3.34
7.48,-3.34 7.44,-3.25
7.57,-3.3 7.54,-3.22
7.65,-3.24 7.65,-3.24
7.44,-3.25 7.44,-3.23
7.44,-3.23 7.44,-3.22
7.44,-3.22 7.44,-3.2
7.44,-3.2 7.45,-3.16
7.54,-3.22 7.54,-3.21
7.44,-3.32 7.44,-3.33
7.44,-3.33 7.44,-3.35
7.44,-3.35 7.52,-3.55
7.72,-2.89 7.43,-3.15
7.59,-2.91 7.45,-3.14
7.5,-2.89 7.45,-3.14
7.74,-2.89 7.45,-3.16
7.8,-2.97 7.54,-3.21
7.85,-3.06 7.65,-3.24
7.72,-2.89 7.72,-2.91
3.73,-10.59 7.85,-11.11
3.73,-3.08 3.73,-10.59
3.98,-10.52 3.98,-10.28
9.86,-11.02 9.86,-11.26
3.73,-7.34 10.07,-8.14
3.72,-7.37 10.07,-8.17
3.73,-10.25 10.08,-11.05
9.91,-11.03 9.91,-11.37
3.88,-10.61 3.88,-10.27
3.98,-10.52 9.86,-11.26
5.66,-10.61 4.74,-10.49
8.78,-11 7.86,-10.89
10.07,-5.37 3.73,-4.57
3.73,-4.6 10.07,-5.4
7.72,-5.07 7.72,-5.07
7.72,-5.07 7.72,-5.07
5.66,-10.61 5.66,-10.49
7.86,-10.89 7.86,-10.77
4.94,-2.01 3.73,-3.08
4.95,-2.04 3.76,-3.08
10.08,-3.86 3.73,-3.08
11.29,-2.79 4.94,-2.01
11.22,-2.81 4.95,-2.04
10.08,-11.39 10.08,-11.05
4.74,-10.38 4.74,-10.49
8.78,-10.88 8.78,-11
3.88,-10.61 3.98,-10.52
9.91,-11.37 9.86,-11.26
11.15,-2.87 4.95,-2.11
4.44,-9.29 4.44,-7.46
4.44,-7.43 4.44,-4.69
4.44,-4.66 4.44,-4.07
10.22,-10.94 11.19,-10.08
10.43,-5.49 11.19,-4.82
10.43,-6.82 11.19,-6.16
10.43,-8.16 11.19,-7.49
10.43,-9.49 11.19,-8.82
11.29,-10.28 11.28,-2.8
10.43,-10.62 11.06,-10.07
10.07,-3.87 10.07,-5.37
10.07,-5.4 10.07,-8.14
10.07,-8.17 10.08,-11.05
10.1,-3.84 10.11,-11.33
10.22,-11.23 10.22,-10.94
11.29,-10.28 10.04,-11.38
11.19,-10.02 11.19,-10.37
11.19,-4.82 11.19,-10.02
11.06,-10.07 11.06,-4.94
10.86,-10.24 10.86,-5.12
10.66,-10.42 10.66,-5.29
11.29,-2.79 10.08,-3.86
11.22,-2.81 10.04,-3.86
10.43,-5.49 10.43,-10.62
10.22,-10.94 10.22,-5.97
11.19,-4.82 11.19,-3.33
11.1,-3.3 10.71,-3.9
10.11,-11.02 10.08,-11.05
9.27,-9.93 9.27,-8.07
9.27,-8.04 9.27,-5.3
9.27,-5.26 9.27,-4.69
10.33,-10.9 10.33,-11.06
10.33,-10.9 10.64,-10.63
10.64,-10.63 10.64,-10.79
10.64,-10.79 10.33,-11.06
7.53,-2.76 7.59,-2.91
