19.49,-10.92 19.49,-15.77
19.49,-15.77 12.24,-15.77
30.08,-16.66 12.24,-16.66
30.08,-10.92 30.08,-16.66
12.24,-17.16 12.24,-15.27
11.07,-16.21 7.38,-16.21
12.24,-15.27 11.07,-16.21
11.07,-16.21 12.24,-17.16
21.65,-10.09 21.64,-3.91
17.61,-2.67 17.61,-2.58
14.23,-2.58 14.23,-2.69
17.47,-3.3 17.46,-3.08
14.27,-2.44 14.5,-2.27
14.34,-2.52 14.55,-2.35
14.43,-2.58 14.61,-2.44
14.5,-2.27 14.53,-2.25
14.55,-2.35 14.57,-2.34
14.53,-2.25 14.56,-2.24
14.57,-2.34 14.6,-2.33
14.61,-2.44 14.63,-2.43
14.56,-2.24 14.89,-2.13
14.6,-2.33 14.92,-2.22
14.63,-2.43 14.94,-2.32
14.89,-2.13 15.16,-2.07
14.92,-2.22 15.17,-2.17
14.94,-2.32 15.19,-2.27
15.16,-2.07 15.7,-2.02
15.17,-2.17 15.7,-2.12
15.19,-2.27 15.71,-2.22
15.7,-2.02 16.18,-2.02
15.7,-2.12 16.17,-2.12
15.71,-2.22 16.17,-2.22
16.18,-2.02 16.58,-2.06
16.17,-2.12 16.56,-2.16
16.17,-2.22 16.55,-2.25
16.58,-2.06 17.06,-2.16
16.56,-2.16 17.04,-2.26
16.55,-2.25 17.04,-2.36
17.06,-2.16 17.1,-2.17
17.04,-2.26 17.07,-2.27
17.1,-2.17 17.14,-2.18
17.07,-2.27 17.1,-2.28
17.14,-2.18 17.52,-2.39
17.1,-2.28 17.46,-2.47
17.1,-2.28 17.46,-2.47
17.04,-2.36 17.41,-2.56
17.52,-2.39 17.54,-2.41
17.54,-2.41 17.55,-2.42
17.55,-2.42 17.61,-2.54
17.46,-2.47 17.52,-2.59
17.61,-2.54 17.61,-2.58
17.61,-2.58 17.61,-2.6
17.61,-2.6 17.61,-2.61
17.61,-2.61 17.61,-2.63
17.61,-2.63 17.6,-2.65
17.6,-2.65 17.45,-2.82
17.52,-2.59 17.49,-2.77
17.41,-2.56 17.49,-2.77
17.6,-2.65 17.45,-2.82
17.45,-2.82 17.43,-2.83
17.43,-2.83 17.41,-2.85
17.41,-2.85 16.84,-3.05
16.84,-3.05 16.36,-3.12
16.36,-3.12 16.11,-3.14
14.58,-2.95 14.31,-2.75
14.58,-2.95 14.38,-2.68
14.58,-2.95 14.43,-2.59
14.31,-2.75 14.3,-2.74
14.38,-2.68 14.36,-2.66
14.3,-2.74 14.28,-2.72
14.28,-2.72 14.27,-2.7
14.27,-2.7 14.23,-2.62
14.36,-2.66 14.32,-2.58
14.23,-2.62 14.23,-2.6
14.23,-2.6 14.23,-2.58
14.23,-2.58 14.23,-2.56
14.23,-2.56 14.24,-2.51
14.32,-2.58 14.34,-2.52
14.43,-2.59 14.43,-2.58
14.24,-2.51 14.24,-2.5
14.24,-2.5 14.25,-2.48
14.25,-2.48 14.26,-2.46
14.26,-2.46 14.27,-2.44
14.23,-2.69 14.23,-2.7
14.23,-2.7 14.23,-2.71
17.37,-3.18 17.19,-3.27
17.37,-3.18 17.47,-3.08
14.23,-2.71 14.31,-2.91
17.54,-2.89 17.47,-3.08
17.59,-3 17.59,-3.11
17.64,-2.87 17.87,-2.69
17.87,-2.69 17.9,-2.68
17.9,-2.68 17.93,-2.66
17.93,-2.66 18.26,-2.55
18.26,-2.55 18.53,-2.5
18.53,-2.5 19.07,-2.44
19.07,-2.44 19.55,-2.44
19.55,-2.44 19.95,-2.48
19.95,-2.48 20.43,-2.58
20.43,-2.58 20.47,-2.59
20.47,-2.59 20.51,-2.61
20.51,-2.61 20.89,-2.81
20.89,-2.81 20.9,-2.83
20.9,-2.83 20.92,-2.85
20.92,-2.85 20.98,-2.97
20.98,-2.97 20.98,-3
20.98,-3 20.98,-3.02
20.98,-3.02 20.98,-3.04
20.98,-3.04 20.97,-3.05
20.97,-3.05 20.97,-3.07
20.97,-3.07 20.82,-3.24
20.82,-3.24 20.8,-3.25
20.8,-3.25 20.77,-3.27
20.77,-3.27 20.21,-3.47
20.21,-3.47 19.73,-3.54
19.73,-3.54 19.51,-3.56
18.04,-3.38 17.86,-3.3
17.86,-3.3 17.83,-3.29
17.83,-3.29 17.68,-3.18
17.68,-3.18 17.66,-3.16
17.66,-3.16 17.65,-3.14
17.65,-3.14 17.64,-3.13
17.64,-3.13 17.6,-3.04
17.6,-3.04 17.6,-3.02
17.6,-3.02 17.59,-3.01
17.59,-3.01 17.59,-2.99
17.59,-2.99 17.61,-2.94
17.61,-2.94 17.61,-2.92
17.61,-2.92 17.62,-2.9
17.62,-2.9 17.63,-2.88
17.63,-2.88 17.64,-2.87
17.59,-3.11 17.59,-3.12
17.59,-3.12 17.6,-3.13
17.6,-3.13 17.67,-3.33
13.45,-10.32 20.4,-11.19
13.45,-10.32 17.57,-10.84
13.45,-2.81 13.45,-10.32
13.71,-10.25 13.71,-10.01
14.31,-7.18 19.58,-7.84
14.31,-7.21 19.58,-7.87
13.45,-9.98 20.44,-10.86
13.61,-10.34 13.61,-10
13.71,-10.25 20.22,-11.07
15.38,-10.34 14.47,-10.22
19.58,-5.07 14.31,-4.4
14.31,-4.44 19.58,-5.1
17.45,-4.8 17.45,-4.8
17.45,-4.8 17.45,-4.8
15.38,-10.34 15.38,-10.22
14.67,-1.73 13.45,-2.81
14.68,-1.77 13.49,-2.81
20.44,-3.67 13.45,-2.81
21.65,-2.6 14.67,-1.73
21.58,-2.62 14.68,-1.77
14.47,-10.11 14.47,-10.22
13.61,-10.34 13.71,-10.25
21.51,-2.68 18.26,-2.28
18.09,-2.26 14.68,-1.84
20.58,-10.75 21.55,-9.89
20.79,-5.3 21.55,-4.63
20.79,-6.64 21.55,-5.97
20.79,-7.97 21.55,-7.3
20.79,-9.3 21.55,-8.63
21.65,-10.09 21.64,-2.61
20.79,-10.43 21.42,-9.88
20.58,-11.04 20.58,-10.75
21.65,-10.09 20.4,-11.19
21.55,-9.83 21.55,-10.18
21.55,-4.63 21.55,-9.83
21.42,-9.88 21.42,-4.75
21.22,-10.06 21.22,-4.93
21.02,-10.23 21.02,-5.1
21.65,-2.6 20.44,-3.67
21.58,-2.62 20.4,-3.67
20.79,-5.3 20.79,-10.43
20.58,-10.75 20.58,-5.78
21.55,-4.63 21.55,-3.14
21.46,-3.11 21.07,-3.71
20.44,-11.16 20.44,-10.85
20.44,-3.67 20.44,-5.18
20.44,-5.21 20.44,-7.95
20.44,-7.98 20.44,-10.85
20.47,-3.65 20.47,-11.13
20.47,-10.83 20.44,-10.85
20.22,-10.83 20.22,-11.07
20.27,-10.84 20.27,-11.18
20.27,-11.18 20.22,-11.07
19.14,-10.81 18.22,-10.7
18.22,-10.7 18.22,-10.58
19.14,-10.69 19.14,-10.81
14.68,-1.84 13.56,-2.82
15.03,-9.13 15.03,-7.3
15.03,-7.27 15.03,-4.52
15.03,-4.49 15.03,-3.9
18.78,-9.62 18.78,-7.77
18.78,-7.74 18.78,-4.99
18.78,-4.96 18.78,-4.39
14.31,-2.91 14.31,-4.4
14.31,-4.44 14.31,-7.18
14.31,-7.21 14.31,-10.09
14.28,-2.91 14.28,-10.08
19.58,-3.57 19.58,-5.07
19.58,-5.1 19.58,-7.84
19.58,-7.87 19.58,-10.75
19.61,-3.57 19.61,-10.75
16.94,-3.24 18.1,-2.25
16.98,-3.25 18.21,-2.2
17.11,-3.26 18.29,-2.25
17.04,-3.25 18.26,-2.21
18.26,-2.25 18.29,-2.25
18.15,-2.25 18.1,-2.25
18.26,-2.21 18.26,-2.25
17.77,-2.92 18.02,-2.75
17.89,-2.99 18.07,-2.86
18.05,-2.73 18.11,-2.71
18.07,-2.86 18.1,-2.84
18.11,-2.71 18.38,-2.63
18.1,-2.84 18.41,-2.75
18.38,-2.63 18.64,-2.58
18.41,-2.75 18.65,-2.7
18.64,-2.58 19.17,-2.53
18.65,-2.7 19.17,-2.65
19.17,-2.53 19.64,-2.55
19.17,-2.65 19.63,-2.65
19.64,-2.55 20.03,-2.58
19.63,-2.65 20.01,-2.68
20.03,-2.58 20.5,-2.69
20.01,-2.68 20.51,-2.79
20.5,-2.69 20.54,-2.7
20.54,-2.7 20.56,-2.71
20.56,-2.71 20.89,-2.91
20.56,-2.71 20.89,-2.91
20.51,-2.79 20.85,-2.97
20.89,-2.91 20.92,-3.01
20.92,-3.01 20.93,-3.12
20.85,-2.97 20.93,-3.12
18.04,-3.38 17.82,-3.15
18.04,-3.38 17.89,-3.11
17.82,-3.15 17.77,-3.09
17.77,-3.09 17.75,-3.01
17.75,-3.01 17.77,-2.92
17.89,-3.11 17.89,-2.99
18.02,-2.75 18.05,-2.73
20.98,-3.01 20.97,-3.16
20.67,-10.73 20.67,-10.89
20.67,-10.73 20.97,-10.45
20.97,-10.45 20.97,-10.62
20.97,-10.62 20.67,-10.89
32.23,-10.09 32.22,-3.9
28.19,-2.67 28.19,-2.58
24.81,-2.58 24.81,-2.69
28.05,-3.3 28.04,-3.08
24.85,-2.44 25.08,-2.27
24.92,-2.52 25.13,-2.35
25.01,-2.58 25.19,-2.44
25.08,-2.27 25.11,-2.25
25.13,-2.35 25.15,-2.34
25.11,-2.25 25.14,-2.24
25.15,-2.34 25.18,-2.33
25.19,-2.44 25.21,-2.42
25.14,-2.24 25.47,-2.13
25.18,-2.33 25.5,-2.22
25.21,-2.42 25.52,-2.32
25.47,-2.13 25.74,-2.07
25.5,-2.22 25.75,-2.17
25.52,-2.32 25.77,-2.27
25.74,-2.07 26.28,-2.02
25.75,-2.17 26.28,-2.12
25.77,-2.27 26.29,-2.22
26.28,-2.02 26.76,-2.02
26.28,-2.12 26.75,-2.12
26.29,-2.22 26.75,-2.22
26.76,-2.02 27.16,-2.06
26.75,-2.12 27.14,-2.15
26.75,-2.22 27.13,-2.25
27.16,-2.06 27.64,-2.16
27.14,-2.15 27.62,-2.26
27.13,-2.25 27.62,-2.36
27.64,-2.16 27.68,-2.17
27.62,-2.26 27.65,-2.27
27.68,-2.17 27.72,-2.18
27.65,-2.27 27.68,-2.27
27.72,-2.18 28.1,-2.39
27.68,-2.27 28.04,-2.47
27.68,-2.27 28.04,-2.47
27.62,-2.36 27.99,-2.56
28.1,-2.39 28.12,-2.41
28.12,-2.41 28.13,-2.42
28.13,-2.42 28.19,-2.54
28.04,-2.47 28.1,-2.59
28.19,-2.54 28.19,-2.58
28.19,-2.58 28.19,-2.6
28.19,-2.6 28.19,-2.61
28.19,-2.61 28.19,-2.63
28.19,-2.63 28.18,-2.65
28.18,-2.65 28.03,-2.82
28.1,-2.59 28.07,-2.77
27.99,-2.56 28.07,-2.77
28.18,-2.65 28.03,-2.82
28.03,-2.82 28.01,-2.83
28.01,-2.83 27.99,-2.85
27.99,-2.85 27.42,-3.05
27.42,-3.05 26.94,-3.12
26.94,-3.12 26.69,-3.14
25.16,-2.95 24.89,-2.75
25.16,-2.95 24.96,-2.68
25.16,-2.95 25,-2.59
24.89,-2.75 24.88,-2.74
24.96,-2.68 24.94,-2.66
24.88,-2.74 24.86,-2.72
24.86,-2.72 24.85,-2.7
24.85,-2.7 24.81,-2.62
24.94,-2.66 24.9,-2.58
24.81,-2.62 24.81,-2.6
24.81,-2.6 24.81,-2.58
24.81,-2.58 24.81,-2.56
24.81,-2.56 24.82,-2.51
24.9,-2.58 24.92,-2.52
25,-2.59 25.01,-2.58
24.82,-2.51 24.82,-2.49
24.82,-2.49 24.83,-2.48
24.83,-2.48 24.84,-2.46
24.84,-2.46 24.85,-2.44
24.81,-2.69 24.81,-2.69
24.81,-2.69 24.81,-2.71
27.95,-3.18 27.77,-3.27
27.95,-3.18 28.05,-3.08
24.81,-2.71 24.89,-2.91
28.12,-2.89 28.05,-3.08
28.17,-3 28.17,-3.11
28.22,-2.87 28.45,-2.69
28.45,-2.69 28.48,-2.68
28.48,-2.68 28.51,-2.66
28.51,-2.66 28.84,-2.55
28.84,-2.55 29.11,-2.49
29.11,-2.49 29.65,-2.44
29.65,-2.44 30.13,-2.44
30.13,-2.44 30.53,-2.48
30.53,-2.48 31.01,-2.58
31.01,-2.58 31.05,-2.59
31.05,-2.59 31.09,-2.61
31.09,-2.61 31.47,-2.81
31.47,-2.81 31.48,-2.83
31.48,-2.83 31.5,-2.85
31.5,-2.85 31.56,-2.97
31.56,-2.97 31.56,-3
31.56,-3 31.56,-3.02
31.56,-3.02 31.56,-3.04
31.56,-3.04 31.55,-3.05
31.55,-3.05 31.55,-3.07
31.55,-3.07 31.4,-3.24
31.4,-3.24 31.38,-3.25
31.38,-3.25 31.35,-3.27
31.35,-3.27 30.79,-3.47
30.79,-3.47 30.31,-3.54
30.31,-3.54 30.09,-3.56
28.62,-3.37 28.44,-3.3
28.44,-3.3 28.41,-3.29
28.41,-3.29 28.26,-3.18
28.26,-3.18 28.24,-3.16
28.24,-3.16 28.23,-3.14
28.23,-3.14 28.22,-3.13
28.22,-3.13 28.18,-3.04
28.18,-3.04 28.18,-3.02
28.18,-3.02 28.17,-3
28.17,-3 28.17,-2.99
28.17,-2.99 28.18,-2.93
28.18,-2.93 28.19,-2.92
28.19,-2.92 28.2,-2.9
28.2,-2.9 28.21,-2.88
28.21,-2.88 28.22,-2.87
28.17,-3.11 28.17,-3.12
28.17,-3.12 28.18,-3.13
28.18,-3.13 28.25,-3.33
24.03,-10.32 30.98,-11.19
24.03,-10.32 28.15,-10.83
24.03,-2.8 24.03,-10.32
24.29,-10.25 24.29,-10.01
24.89,-7.18 30.16,-7.84
24.89,-7.21 30.16,-7.87
24.03,-9.98 31.02,-10.86
24.19,-10.34 24.19,-10
24.29,-10.25 30.8,-11.07
25.96,-10.34 25.05,-10.22
30.16,-5.07 24.89,-4.4
24.89,-4.44 30.16,-5.1
28.03,-4.8 28.03,-4.8
28.03,-4.8 28.03,-4.8
25.96,-10.34 25.96,-10.22
25.25,-1.73 24.03,-2.8
25.25,-1.76 24.07,-2.81
31.02,-3.67 24.03,-2.81
32.23,-2.6 25.25,-1.73
32.16,-2.62 25.25,-1.76
25.05,-10.11 25.05,-10.22
24.19,-10.34 24.29,-10.25
32.09,-2.68 28.84,-2.28
28.67,-2.26 25.26,-1.83
31.16,-10.75 32.13,-9.89
31.37,-5.3 32.13,-4.63
31.37,-6.63 32.13,-5.97
31.37,-7.97 32.13,-7.3
31.37,-9.3 32.13,-8.63
32.23,-10.09 32.22,-2.61
31.37,-10.43 32,-9.88
31.16,-11.04 31.16,-10.75
32.23,-10.09 30.98,-11.19
32.13,-9.83 32.13,-10.18
32.13,-4.63 32.13,-9.83
32,-9.88 32,-4.75
31.8,-10.05 31.8,-4.93
31.6,-10.23 31.6,-5.1
32.23,-2.6 31.02,-3.67
32.16,-2.62 30.98,-3.67
31.37,-5.3 31.37,-10.43
31.16,-10.75 31.16,-5.78
32.13,-4.63 32.13,-3.14
32.04,-3.11 31.65,-3.71
31.02,-11.16 31.02,-10.85
31.02,-3.67 31.02,-5.18
31.02,-5.21 31.02,-7.95
31.02,-7.98 31.02,-10.85
31.05,-3.65 31.05,-11.13
31.05,-10.82 31.02,-10.85
30.8,-10.83 30.8,-11.07
30.85,-10.84 30.85,-11.18
30.85,-11.18 30.8,-11.07
29.72,-10.81 28.8,-10.69
28.8,-10.69 28.8,-10.58
29.72,-10.69 29.72,-10.81
25.26,-1.83 24.14,-2.82
25.61,-9.13 25.61,-7.3
25.61,-7.27 25.61,-4.52
25.61,-4.49 25.61,-3.9
29.36,-9.62 29.36,-7.77
29.36,-7.74 29.36,-4.99
29.36,-4.96 29.36,-4.39
24.89,-2.91 24.89,-4.4
24.89,-4.44 24.89,-7.18
24.89,-7.21 24.89,-10.08
24.86,-2.91 24.86,-10.08
30.16,-3.57 30.16,-5.07
30.16,-5.1 30.16,-7.84
30.16,-7.87 30.16,-10.75
30.19,-3.57 30.19,-10.75
27.52,-3.24 28.68,-2.25
27.56,-3.24 28.79,-2.2
27.69,-3.26 28.87,-2.25
27.62,-3.25 28.84,-2.21
28.84,-2.25 28.87,-2.25
28.73,-2.25 28.68,-2.25
28.84,-2.21 28.84,-2.25
28.35,-2.92 28.6,-2.75
28.47,-2.99 28.65,-2.85
28.63,-2.73 28.69,-2.71
28.65,-2.85 28.68,-2.84
28.69,-2.71 28.96,-2.63
28.68,-2.84 28.99,-2.75
28.96,-2.63 29.21,-2.58
28.99,-2.75 29.23,-2.7
29.21,-2.58 29.75,-2.53
29.23,-2.7 29.75,-2.64
29.75,-2.53 30.22,-2.55
29.75,-2.64 30.21,-2.65
30.22,-2.55 30.61,-2.58
30.21,-2.65 30.59,-2.68
30.61,-2.58 31.08,-2.68
30.59,-2.68 31.09,-2.79
31.08,-2.68 31.12,-2.69
31.12,-2.69 31.14,-2.7
31.14,-2.7 31.47,-2.91
31.14,-2.7 31.47,-2.91
31.09,-2.79 31.43,-2.97
31.47,-2.91 31.5,-3.01
31.5,-3.01 31.51,-3.12
31.43,-2.97 31.51,-3.12
28.62,-3.37 28.4,-3.15
28.62,-3.37 28.47,-3.11
28.4,-3.15 28.35,-3.09
28.35,-3.09 28.33,-3.01
28.33,-3.01 28.35,-2.92
28.47,-3.11 28.47,-2.99
28.6,-2.75 28.63,-2.73
31.56,-3.01 31.55,-3.16
31.25,-10.72 31.25,-10.89
31.25,-10.72 31.55,-10.45
31.55,-10.45 31.55,-10.62
31.55,-10.62 31.25,-10.89
