23.24,-12.47 23.23,-6.29
19.2,-5.06 19.2,-4.96
15.82,-4.96 15.82,-5.07
19.06,-5.69 19.05,-5.46
15.86,-4.83 16.09,-4.65
15.93,-4.9 16.14,-4.74
16.02,-4.96 16.2,-4.82
16.09,-4.65 16.12,-4.64
16.14,-4.74 16.16,-4.73
16.12,-4.64 16.15,-4.62
16.16,-4.73 16.19,-4.72
16.2,-4.82 16.22,-4.81
16.15,-4.62 16.48,-4.51
16.19,-4.72 16.51,-4.61
16.22,-4.81 16.53,-4.7
16.48,-4.51 16.75,-4.46
16.51,-4.61 16.76,-4.55
16.53,-4.7 16.78,-4.65
16.75,-4.46 17.29,-4.4
16.76,-4.55 17.29,-4.5
16.78,-4.65 17.3,-4.6
17.29,-4.4 17.77,-4.4
17.29,-4.5 17.76,-4.5
17.3,-4.6 17.76,-4.6
17.77,-4.4 18.17,-4.44
17.76,-4.5 18.15,-4.54
17.76,-4.6 18.14,-4.64
18.17,-4.44 18.65,-4.54
18.15,-4.54 18.63,-4.64
18.14,-4.64 18.63,-4.74
18.65,-4.54 18.69,-4.55
18.63,-4.64 18.66,-4.65
18.69,-4.55 18.73,-4.57
18.66,-4.65 18.69,-4.66
18.73,-4.57 19.11,-4.77
18.69,-4.66 19.05,-4.86
18.69,-4.66 19.05,-4.86
18.63,-4.74 19,-4.94
19.11,-4.77 19.13,-4.79
19.13,-4.79 19.14,-4.81
19.14,-4.81 19.2,-4.93
19.05,-4.86 19.11,-4.97
19.2,-4.93 19.2,-4.96
19.2,-4.96 19.2,-4.98
19.2,-4.98 19.2,-5
19.2,-5 19.2,-5.01
19.2,-5.01 19.19,-5.03
19.19,-5.03 19.04,-5.2
19.11,-4.97 19.08,-5.16
19,-4.94 19.08,-5.16
19.19,-5.03 19.04,-5.2
19.04,-5.2 19.02,-5.22
19.02,-5.22 19,-5.23
19,-5.23 18.43,-5.43
18.43,-5.43 17.95,-5.5
17.95,-5.5 17.7,-5.52
16.17,-5.33 15.9,-5.14
16.17,-5.33 15.97,-5.06
16.17,-5.33 16.01,-4.97
15.9,-5.14 15.89,-5.12
15.97,-5.06 15.95,-5.04
15.89,-5.12 15.87,-5.1
15.87,-5.1 15.86,-5.09
15.86,-5.09 15.82,-5
15.95,-5.04 15.91,-4.97
15.82,-5 15.82,-4.98
15.82,-4.98 15.82,-4.97
15.82,-4.97 15.82,-4.95
15.82,-4.95 15.83,-4.9
15.91,-4.97 15.93,-4.9
16.01,-4.97 16.02,-4.96
15.83,-4.9 15.83,-4.88
15.83,-4.88 15.84,-4.86
15.84,-4.86 15.85,-4.84
15.85,-4.84 15.86,-4.83
15.82,-5.07 15.82,-5.08
15.82,-5.08 15.82,-5.09
18.96,-5.56 18.78,-5.65
18.96,-5.56 19.06,-5.46
15.82,-5.09 15.9,-5.3
19.13,-5.28 19.06,-5.46
19.18,-5.38 19.18,-5.5
19.23,-5.25 19.46,-5.07
19.46,-5.07 19.49,-5.06
19.49,-5.06 19.52,-5.05
19.52,-5.05 19.85,-4.93
19.85,-4.93 20.12,-4.88
20.12,-4.88 20.66,-4.82
20.66,-4.82 21.14,-4.82
21.14,-4.82 21.54,-4.86
21.54,-4.86 22.02,-4.97
22.02,-4.97 22.06,-4.98
22.06,-4.98 22.1,-4.99
22.1,-4.99 22.48,-5.2
22.48,-5.2 22.49,-5.21
22.49,-5.21 22.51,-5.23
22.51,-5.23 22.57,-5.35
22.57,-5.35 22.57,-5.39
22.57,-5.39 22.57,-5.4
22.57,-5.4 22.57,-5.42
22.57,-5.42 22.56,-5.44
22.56,-5.44 22.56,-5.46
22.56,-5.46 22.41,-5.62
22.41,-5.62 22.39,-5.64
22.39,-5.64 22.36,-5.65
22.36,-5.65 21.8,-5.86
21.8,-5.86 21.32,-5.93
21.32,-5.93 21.1,-5.94
19.63,-5.76 19.45,-5.69
19.45,-5.69 19.42,-5.67
19.42,-5.67 19.27,-5.56
19.27,-5.56 19.25,-5.54
19.25,-5.54 19.24,-5.53
19.24,-5.53 19.23,-5.51
19.23,-5.51 19.19,-5.42
19.19,-5.42 19.19,-5.41
19.19,-5.41 19.18,-5.39
19.18,-5.39 19.18,-5.37
19.18,-5.37 19.19,-5.32
19.19,-5.32 19.2,-5.3
19.2,-5.3 19.21,-5.28
19.21,-5.28 19.22,-5.27
19.22,-5.27 19.23,-5.25
19.18,-5.5 19.18,-5.5
19.18,-5.5 19.19,-5.52
19.19,-5.52 19.26,-5.71
15.04,-12.7 21.99,-13.58
15.04,-12.7 19.16,-13.22
15.04,-5.19 15.04,-12.7
15.3,-12.63 15.3,-12.39
15.9,-9.56 21.17,-10.23
15.9,-9.59 21.17,-10.26
15.04,-12.36 22.03,-13.24
15.2,-12.72 15.2,-12.38
15.3,-12.63 21.81,-13.45
16.97,-12.72 16.06,-12.61
21.17,-7.45 15.9,-6.79
15.9,-6.82 21.17,-7.48
19.04,-7.18 19.04,-7.18
19.04,-7.18 19.04,-7.18
16.97,-12.72 16.97,-12.6
16.26,-4.12 15.04,-5.19
16.27,-4.15 15.08,-5.2
22.03,-6.06 15.04,-5.19
23.24,-4.98 16.26,-4.12
23.17,-5 16.27,-4.15
16.06,-12.49 16.06,-12.61
15.2,-12.72 15.3,-12.63
23.1,-5.06 19.85,-4.66
19.68,-4.64 16.27,-4.22
22.17,-13.13 23.14,-12.27
22.38,-7.69 23.14,-7.02
22.38,-9.02 23.14,-8.35
22.38,-10.35 23.14,-9.68
22.38,-11.69 23.14,-11.02
23.24,-12.47 23.23,-4.99
22.38,-12.81 23.01,-12.26
22.17,-13.42 22.17,-13.13
23.24,-12.47 21.99,-13.58
23.14,-12.21 23.14,-12.56
23.14,-7.02 23.14,-12.21
23.01,-12.26 23.01,-7.13
22.81,-12.44 22.81,-7.31
22.61,-12.62 22.61,-7.49
23.24,-4.98 22.03,-6.06
23.17,-5 21.99,-6.05
22.38,-7.69 22.38,-12.81
22.17,-13.13 22.17,-8.16
23.14,-7.02 23.14,-5.52
22.03,-13.54 22.03,-13.24
22.03,-6.06 22.03,-13.24
22.06,-6.03 22.06,-13.51
22.06,-13.21 22.03,-13.24
21.81,-13.21 21.81,-13.45
21.86,-13.22 21.86,-13.56
21.86,-13.56 21.81,-13.45
20.73,-13.19 19.81,-13.08
19.81,-13.08 19.81,-12.96
20.73,-13.08 20.73,-13.19
16.27,-4.22 15.15,-5.2
15.9,-5.3 15.9,-6.79
15.9,-6.82 15.9,-9.56
15.9,-9.59 15.9,-12.47
15.87,-5.3 15.87,-12.47
21.17,-5.95 21.17,-7.45
21.17,-7.48 21.17,-10.23
21.17,-10.26 21.17,-13.13
21.2,-5.95 21.2,-13.14
18.53,-5.62 19.69,-4.63
18.57,-5.63 19.8,-4.59
18.7,-5.64 19.88,-4.63
18.63,-5.63 19.85,-4.59
19.85,-4.63 19.88,-4.63
19.74,-4.63 19.69,-4.63
19.85,-4.59 19.85,-4.63
19.36,-5.31 19.61,-5.13
19.48,-5.37 19.66,-5.24
19.64,-5.11 19.7,-5.09
19.66,-5.24 19.69,-5.23
19.7,-5.09 19.97,-5.01
19.69,-5.23 20,-5.13
19.97,-5.01 20.23,-4.96
20,-5.13 20.24,-5.08
20.23,-4.96 20.76,-4.91
20.24,-5.08 20.76,-5.03
20.76,-4.91 21.23,-4.93
20.76,-5.03 21.22,-5.03
21.23,-4.93 21.62,-4.97
21.22,-5.03 21.6,-5.07
21.62,-4.97 22.09,-5.07
21.6,-5.07 22.1,-5.17
22.09,-5.07 22.13,-5.08
22.13,-5.08 22.15,-5.09
22.15,-5.09 22.48,-5.29
22.15,-5.09 22.48,-5.29
22.1,-5.17 22.44,-5.36
22.48,-5.29 22.51,-5.4
22.51,-5.4 22.52,-5.5
22.44,-5.36 22.52,-5.5
19.63,-5.76 19.41,-5.53
19.63,-5.76 19.48,-5.49
19.41,-5.53 19.36,-5.48
19.36,-5.48 19.34,-5.4
19.34,-5.4 19.36,-5.31
19.48,-5.49 19.48,-5.37
19.61,-5.13 19.64,-5.11
22.57,-5.39 22.56,-5.55
22.26,-13.11 22.26,-13.27
22.26,-13.11 22.56,-12.84
22.56,-12.84 22.56,-13
22.56,-13 22.26,-13.27
33.82,-12.47 33.81,-6.28
29.78,-5.05 29.79,-4.95
26.4,-4.95 26.4,-5.06
29.64,-5.68 29.63,-5.46
26.44,-4.82 26.67,-4.64
26.51,-4.89 26.73,-4.73
26.6,-4.95 26.78,-4.81
26.67,-4.64 26.7,-4.63
26.73,-4.73 26.74,-4.72
26.7,-4.63 26.73,-4.61
26.74,-4.72 26.77,-4.71
26.78,-4.81 26.81,-4.8
26.73,-4.61 27.06,-4.5
26.77,-4.71 27.09,-4.6
26.81,-4.8 27.12,-4.69
27.06,-4.5 27.33,-4.45
27.09,-4.6 27.34,-4.54
27.12,-4.69 27.36,-4.64
27.33,-4.45 27.87,-4.39
27.34,-4.54 27.87,-4.49
27.36,-4.64 27.88,-4.59
27.87,-4.39 28.35,-4.39
27.87,-4.49 28.34,-4.49
27.88,-4.59 28.34,-4.59
28.35,-4.39 28.75,-4.43
28.34,-4.49 28.74,-4.53
28.34,-4.59 28.72,-4.63
28.75,-4.43 29.23,-4.53
28.74,-4.53 29.21,-4.63
28.72,-4.63 29.21,-4.73
29.23,-4.53 29.27,-4.55
29.21,-4.63 29.24,-4.64
29.27,-4.55 29.31,-4.56
29.24,-4.64 29.27,-4.65
29.31,-4.56 29.69,-4.76
29.27,-4.65 29.64,-4.85
29.27,-4.65 29.64,-4.85
29.21,-4.73 29.58,-4.93
29.69,-4.76 29.71,-4.78
29.71,-4.78 29.72,-4.8
29.72,-4.8 29.78,-4.92
29.64,-4.85 29.69,-4.96
29.78,-4.92 29.79,-4.95
29.79,-4.95 29.78,-4.97
29.78,-4.97 29.78,-4.99
29.78,-4.99 29.78,-5.01
29.78,-5.01 29.77,-5.02
29.77,-5.02 29.62,-5.19
29.69,-4.96 29.66,-5.15
29.58,-4.93 29.66,-5.15
29.77,-5.02 29.62,-5.19
29.62,-5.19 29.6,-5.21
29.6,-5.21 29.58,-5.22
29.58,-5.22 29.01,-5.42
29.01,-5.42 28.54,-5.49
28.54,-5.49 28.28,-5.51
26.75,-5.32 26.48,-5.13
26.75,-5.32 26.55,-5.05
26.75,-5.32 26.6,-4.96
26.48,-5.13 26.47,-5.11
26.55,-5.05 26.53,-5.03
26.47,-5.11 26.45,-5.09
26.45,-5.09 26.44,-5.08
26.44,-5.08 26.4,-4.99
26.53,-5.03 26.5,-4.96
26.4,-4.99 26.4,-4.97
26.4,-4.97 26.4,-4.96
26.4,-4.96 26.4,-4.94
26.4,-4.94 26.41,-4.89
26.5,-4.96 26.51,-4.89
26.6,-4.96 26.6,-4.95
26.41,-4.89 26.41,-4.87
26.41,-4.87 26.42,-4.85
26.42,-4.85 26.43,-4.83
26.43,-4.83 26.44,-4.82
26.4,-5.06 26.4,-5.07
26.4,-5.07 26.4,-5.08
29.54,-5.55 29.36,-5.64
29.54,-5.55 29.64,-5.45
26.4,-5.08 26.48,-5.29
29.71,-5.27 29.64,-5.45
29.77,-5.37 29.77,-5.49
29.81,-5.24 30.04,-5.06
30.04,-5.06 30.07,-5.05
30.07,-5.05 30.1,-5.04
30.1,-5.04 30.43,-4.92
30.43,-4.92 30.7,-4.87
30.7,-4.87 31.24,-4.81
31.24,-4.81 31.72,-4.81
31.72,-4.81 32.12,-4.85
32.12,-4.85 32.6,-4.96
32.6,-4.96 32.64,-4.97
32.64,-4.97 32.68,-4.98
32.68,-4.98 33.06,-5.19
33.06,-5.19 33.08,-5.2
33.08,-5.2 33.09,-5.22
33.09,-5.22 33.15,-5.34
33.15,-5.34 33.15,-5.38
33.15,-5.38 33.15,-5.39
33.15,-5.39 33.15,-5.41
33.15,-5.41 33.15,-5.43
33.15,-5.43 33.14,-5.45
33.14,-5.45 32.99,-5.61
32.99,-5.61 32.97,-5.63
32.97,-5.63 32.95,-5.64
32.95,-5.64 32.38,-5.85
32.38,-5.85 31.9,-5.92
31.9,-5.92 31.68,-5.93
30.21,-5.75 30.03,-5.68
30.03,-5.68 30,-5.66
30,-5.66 29.85,-5.55
29.85,-5.55 29.84,-5.53
29.84,-5.53 29.82,-5.52
29.82,-5.52 29.81,-5.5
29.81,-5.5 29.77,-5.41
29.77,-5.41 29.77,-5.4
29.77,-5.4 29.77,-5.38
29.77,-5.38 29.77,-5.36
29.77,-5.36 29.78,-5.31
29.78,-5.31 29.78,-5.29
29.78,-5.29 29.79,-5.27
29.79,-5.27 29.8,-5.26
29.8,-5.26 29.81,-5.24
29.77,-5.49 29.77,-5.49
29.77,-5.49 29.77,-5.51
29.77,-5.51 29.85,-5.7
25.62,-12.69 32.57,-13.57
25.62,-12.69 29.74,-13.21
25.62,-5.18 25.62,-12.69
25.88,-12.62 25.88,-12.38
26.48,-9.55 31.75,-10.22
26.48,-9.58 31.75,-10.25
25.62,-12.35 32.61,-13.23
25.78,-12.71 25.78,-12.37
25.88,-12.62 32.39,-13.44
27.55,-12.71 26.64,-12.6
31.75,-7.44 26.48,-6.78
26.48,-6.81 31.75,-7.47
29.62,-7.17 29.62,-7.17
29.62,-7.17 29.62,-7.17
27.55,-12.71 27.55,-12.59
26.84,-4.11 25.62,-5.18
26.85,-4.14 25.66,-5.19
32.61,-6.05 25.62,-5.18
33.82,-4.97 26.84,-4.11
33.75,-4.99 26.85,-4.14
26.64,-12.48 26.64,-12.6
25.78,-12.71 25.88,-12.62
33.68,-5.06 30.43,-4.65
30.27,-4.63 26.85,-4.21
32.75,-13.12 33.72,-12.27
32.96,-7.68 33.72,-7.01
32.96,-9.01 33.72,-8.34
32.96,-10.34 33.72,-9.67
32.96,-11.68 33.72,-11.01
33.82,-12.47 33.81,-4.98
32.96,-12.81 33.59,-12.25
32.75,-13.41 32.75,-13.12
33.82,-12.47 32.57,-13.57
33.72,-12.21 33.72,-12.55
33.72,-7.01 33.72,-12.21
33.59,-12.25 33.59,-7.12
33.39,-12.43 33.39,-7.3
33.19,-12.61 33.19,-7.48
33.82,-4.97 32.61,-6.05
33.75,-4.99 32.57,-6.04
32.96,-7.68 32.96,-12.81
32.75,-13.12 32.75,-8.15
33.72,-7.01 33.72,-5.51
32.61,-13.53 32.61,-13.23
32.61,-6.05 32.61,-13.23
32.64,-6.02 32.64,-13.5
32.64,-13.2 32.61,-13.23
32.39,-13.2 32.39,-13.44
32.44,-13.21 32.44,-13.55
32.44,-13.55 32.39,-13.44
31.31,-13.18 30.4,-13.07
30.4,-13.07 30.4,-12.95
31.31,-13.07 31.31,-13.18
26.85,-4.21 25.73,-5.19
26.48,-5.29 26.48,-6.78
26.48,-6.81 26.48,-9.55
26.48,-9.58 26.48,-12.46
26.45,-5.29 26.45,-12.46
31.75,-5.94 31.75,-7.44
31.75,-7.47 31.75,-10.22
31.75,-10.25 31.75,-13.12
31.78,-5.94 31.78,-13.13
29.12,-5.61 30.28,-4.62
29.16,-5.62 30.38,-4.58
29.28,-5.63 30.46,-4.62
29.21,-5.63 30.43,-4.58
30.43,-4.62 30.46,-4.62
30.32,-4.62 30.28,-4.62
30.43,-4.58 30.43,-4.62
29.94,-5.3 30.19,-5.12
30.06,-5.36 30.25,-5.23
30.22,-5.1 30.29,-5.08
30.25,-5.23 30.28,-5.22
30.29,-5.08 30.55,-5
30.28,-5.22 30.58,-5.12
30.55,-5 30.81,-4.95
30.58,-5.12 30.83,-5.07
30.81,-4.95 31.34,-4.9
30.83,-5.07 31.34,-5.02
31.34,-4.9 31.81,-4.92
31.34,-5.02 31.8,-5.02
31.81,-4.92 32.2,-4.96
31.8,-5.02 32.19,-5.06
32.2,-4.96 32.67,-5.06
32.19,-5.06 32.68,-5.16
32.67,-5.06 32.71,-5.07
32.71,-5.07 32.74,-5.08
32.74,-5.08 33.06,-5.28
32.74,-5.08 33.06,-5.28
32.68,-5.16 33.02,-5.35
33.06,-5.28 33.09,-5.39
33.09,-5.39 33.1,-5.49
33.02,-5.35 33.1,-5.49
30.21,-5.75 29.99,-5.53
30.21,-5.75 30.06,-5.48
29.99,-5.53 29.95,-5.47
29.95,-5.47 29.93,-5.39
29.93,-5.39 29.94,-5.3
30.06,-5.48 30.06,-5.36
30.19,-5.12 30.22,-5.1
33.15,-5.38 33.14,-5.54
32.84,-13.1 32.84,-13.26
32.84,-13.1 33.15,-12.83
33.15,-12.83 33.15,-12.99
33.15,-12.99 32.84,-13.26
44.4,-12.44 44.39,-6.26
40.36,-5.03 40.36,-4.93
36.98,-4.93 36.98,-5.04
40.22,-5.66 40.21,-5.43
37.02,-4.8 37.25,-4.62
37.09,-4.87 37.3,-4.71
37.18,-4.93 37.36,-4.79
37.25,-4.62 37.28,-4.61
37.3,-4.71 37.32,-4.7
37.28,-4.61 37.31,-4.59
37.32,-4.7 37.35,-4.69
37.36,-4.79 37.39,-4.78
37.31,-4.59 37.64,-4.48
37.35,-4.69 37.67,-4.58
37.39,-4.78 37.69,-4.67
37.64,-4.48 37.91,-4.43
37.67,-4.58 37.92,-4.52
37.69,-4.67 37.94,-4.62
37.91,-4.43 38.45,-4.37
37.92,-4.52 38.45,-4.47
37.94,-4.62 38.46,-4.57
38.45,-4.37 38.93,-4.37
38.45,-4.47 38.92,-4.47
38.46,-4.57 38.92,-4.57
38.93,-4.37 39.33,-4.41
38.92,-4.47 39.31,-4.51
38.92,-4.57 39.3,-4.61
39.33,-4.41 39.81,-4.51
39.31,-4.51 39.79,-4.61
39.3,-4.61 39.79,-4.71
39.81,-4.51 39.85,-4.52
39.79,-4.61 39.82,-4.62
39.85,-4.52 39.89,-4.54
39.82,-4.62 39.85,-4.63
39.89,-4.54 40.27,-4.74
39.85,-4.63 40.21,-4.83
39.85,-4.63 40.21,-4.83
39.79,-4.71 40.16,-4.91
40.27,-4.74 40.29,-4.76
40.29,-4.76 40.3,-4.78
40.3,-4.78 40.36,-4.9
40.21,-4.83 40.27,-4.94
40.36,-4.9 40.36,-4.93
40.36,-4.93 40.36,-4.95
40.36,-4.95 40.36,-4.97
40.36,-4.97 40.36,-4.98
40.36,-4.98 40.35,-5
40.35,-5 40.2,-5.17
40.27,-4.94 40.24,-5.13
40.16,-4.91 40.24,-5.13
40.35,-5 40.2,-5.17
40.2,-5.17 40.18,-5.18
40.18,-5.18 40.16,-5.2
40.16,-5.2 39.59,-5.4
39.59,-5.4 39.11,-5.47
39.11,-5.47 38.86,-5.49
37.33,-5.3 37.06,-5.11
37.33,-5.3 37.13,-5.03
37.33,-5.3 37.18,-4.94
37.06,-5.11 37.05,-5.09
37.13,-5.03 37.11,-5.01
37.05,-5.09 37.03,-5.07
37.03,-5.07 37.02,-5.06
37.02,-5.06 36.98,-4.97
37.11,-5.01 37.07,-4.94
36.98,-4.97 36.98,-4.95
36.98,-4.95 36.98,-4.94
36.98,-4.94 36.98,-4.92
36.98,-4.92 36.99,-4.87
37.07,-4.94 37.09,-4.87
37.18,-4.94 37.18,-4.93
36.99,-4.87 36.99,-4.85
36.99,-4.85 37,-4.83
37,-4.83 37.01,-4.81
37.01,-4.81 37.02,-4.8
36.98,-5.04 36.98,-5.05
36.98,-5.05 36.98,-5.06
40.12,-5.53 39.94,-5.62
40.12,-5.53 40.22,-5.43
36.98,-5.06 37.06,-5.27
40.29,-5.25 40.22,-5.43
40.34,-5.35 40.34,-5.47
40.39,-5.22 40.62,-5.04
40.62,-5.04 40.65,-5.03
40.65,-5.03 40.68,-5.02
40.68,-5.02 41.01,-4.9
41.01,-4.9 41.28,-4.85
41.28,-4.85 41.82,-4.79
41.82,-4.79 42.3,-4.79
42.3,-4.79 42.7,-4.83
42.7,-4.83 43.18,-4.94
43.18,-4.94 43.22,-4.95
43.22,-4.95 43.26,-4.96
43.26,-4.96 43.64,-5.17
43.64,-5.17 43.65,-5.18
43.65,-5.18 43.67,-5.2
43.67,-5.2 43.73,-5.32
43.73,-5.32 43.73,-5.36
43.73,-5.36 43.73,-5.37
43.73,-5.37 43.73,-5.39
43.73,-5.39 43.72,-5.41
43.72,-5.41 43.72,-5.43
43.72,-5.43 43.57,-5.59
43.57,-5.59 43.55,-5.61
43.55,-5.61 43.52,-5.62
43.52,-5.62 42.96,-5.83
42.96,-5.83 42.48,-5.9
42.48,-5.9 42.26,-5.91
40.79,-5.73 40.61,-5.66
40.61,-5.66 40.58,-5.64
40.58,-5.64 40.43,-5.53
40.43,-5.53 40.41,-5.51
40.41,-5.51 40.4,-5.5
40.4,-5.5 40.39,-5.48
40.39,-5.48 40.35,-5.39
40.35,-5.39 40.35,-5.38
40.35,-5.38 40.34,-5.36
40.34,-5.36 40.34,-5.34
40.34,-5.34 40.36,-5.29
40.36,-5.29 40.36,-5.27
40.36,-5.27 40.37,-5.25
40.37,-5.25 40.38,-5.24
40.38,-5.24 40.39,-5.22
40.34,-5.47 40.34,-5.47
40.34,-5.47 40.35,-5.49
40.35,-5.49 40.42,-5.68
36.2,-12.67 43.15,-13.55
36.2,-12.67 40.32,-13.19
36.2,-5.16 36.2,-12.67
36.46,-12.6 36.46,-12.36
37.06,-9.53 42.33,-10.2
37.06,-9.56 42.33,-10.23
36.2,-12.33 43.19,-13.21
36.36,-12.69 36.36,-12.35
36.46,-12.6 42.97,-13.42
38.13,-12.69 37.22,-12.58
42.33,-7.42 37.06,-6.76
37.06,-6.79 42.33,-7.45
40.2,-7.15 40.2,-7.15
40.2,-7.15 40.2,-7.15
38.13,-12.69 38.13,-12.57
37.42,-4.09 36.2,-5.16
37.43,-4.12 36.24,-5.17
43.19,-6.03 36.2,-5.16
44.4,-4.95 37.42,-4.09
44.33,-4.97 37.43,-4.12
37.22,-12.46 37.22,-12.58
36.36,-12.69 36.46,-12.6
44.26,-5.03 41.01,-4.63
40.84,-4.61 37.43,-4.19
43.33,-13.1 44.3,-12.24
43.54,-7.66 44.3,-6.99
43.54,-8.99 44.3,-8.32
43.54,-10.32 44.3,-9.65
43.54,-11.66 44.3,-10.99
44.4,-12.44 44.39,-4.96
43.54,-12.78 44.17,-12.23
43.33,-13.39 43.33,-13.1
44.4,-12.44 43.15,-13.55
44.3,-12.18 44.3,-12.53
44.3,-6.99 44.3,-12.18
44.17,-12.23 44.17,-7.1
43.97,-12.41 43.97,-7.28
43.77,-12.59 43.77,-7.46
44.4,-4.95 43.19,-6.03
44.33,-4.97 43.15,-6.02
43.54,-7.66 43.54,-12.78
43.33,-13.1 43.33,-8.13
44.3,-6.99 44.3,-5.49
43.19,-13.51 43.19,-13.21
43.19,-6.03 43.19,-13.21
43.22,-6 43.22,-13.48
43.22,-13.18 43.19,-13.21
42.97,-13.18 42.97,-13.42
43.02,-13.19 43.02,-13.53
43.02,-13.53 42.97,-13.42
41.89,-13.16 40.98,-13.05
40.98,-13.05 40.98,-12.93
41.89,-13.05 41.89,-13.16
37.43,-4.19 36.31,-5.17
37.78,-11.48 37.78,-9.65
37.78,-9.62 37.78,-6.88
37.78,-6.84 37.78,-6.25
41.53,-11.98 41.53,-10.12
41.53,-10.09 41.53,-7.35
41.53,-7.32 41.53,-6.74
37.06,-5.27 37.06,-6.76
37.06,-6.79 37.06,-9.53
37.06,-9.56 37.06,-12.44
37.03,-5.27 37.03,-12.44
42.33,-5.92 42.33,-7.42
42.33,-7.45 42.33,-10.2
42.33,-10.23 42.33,-13.1
42.36,-5.92 42.36,-13.11
39.69,-5.59 40.85,-4.6
39.73,-5.6 40.96,-4.56
39.86,-5.61 41.04,-4.6
39.79,-5.6 41.01,-4.56
41.01,-4.6 41.04,-4.6
40.9,-4.6 40.85,-4.6
41.01,-4.56 41.01,-4.6
40.52,-5.28 40.77,-5.1
40.64,-5.34 40.82,-5.21
40.8,-5.08 40.86,-5.06
40.82,-5.21 40.85,-5.2
40.86,-5.06 41.13,-4.98
40.85,-5.2 41.16,-5.1
41.13,-4.98 41.39,-4.93
41.16,-5.1 41.4,-5.05
41.39,-4.93 41.92,-4.88
41.4,-5.05 41.92,-5
41.92,-4.88 42.39,-4.9
41.92,-5 42.38,-5
42.39,-4.9 42.78,-4.94
42.38,-5 42.76,-5.04
42.78,-4.94 43.25,-5.04
42.76,-5.04 43.26,-5.14
43.25,-5.04 43.29,-5.05
43.29,-5.05 43.31,-5.06
43.31,-5.06 43.64,-5.26
43.31,-5.06 43.64,-5.26
43.26,-5.14 43.6,-5.33
43.64,-5.26 43.67,-5.37
43.67,-5.37 43.68,-5.47
43.6,-5.33 43.68,-5.47
40.79,-5.73 40.57,-5.5
40.79,-5.73 40.64,-5.46
40.57,-5.5 40.52,-5.45
40.52,-5.45 40.5,-5.37
40.5,-5.37 40.52,-5.28
40.64,-5.46 40.64,-5.34
40.77,-5.1 40.8,-5.08
43.73,-5.36 43.72,-5.52
43.42,-13.08 43.42,-13.24
43.42,-13.08 43.72,-12.81
43.72,-12.81 43.72,-12.97
43.72,-12.97 43.42,-13.24
17.08,-4.96 17.1,-4.94
17.1,-4.94 17.12,-4.92
17.12,-4.92 17.14,-4.9
17.14,-4.9 17.2,-4.88
17.2,-4.88 17.23,-4.87
17.23,-4.87 17.28,-4.85
17.28,-4.85 17.34,-4.84
17.34,-4.84 17.41,-4.83
17.41,-4.83 17.49,-4.83
17.49,-4.83 17.56,-4.84
17.56,-4.84 17.6,-4.84
17.6,-4.84 17.64,-4.85
17.64,-4.85 17.73,-4.88
17.73,-4.88 17.77,-4.9
17.77,-4.9 17.8,-4.92
17.8,-4.92 17.83,-4.95
17.83,-4.95 17.86,-5
17.86,-5 17.86,-5.05
17.86,-5.05 17.84,-5.09
17.84,-5.09 17.81,-5.12
17.81,-5.12 17.78,-5.14
17.78,-5.14 17.74,-5.16
17.74,-5.16 17.7,-5.18
17.7,-5.18 17.64,-5.2
17.64,-5.2 17.58,-5.21
17.58,-5.21 17.52,-5.22
17.52,-5.22 17.47,-5.22
17.47,-5.22 17.44,-5.22
17.44,-5.22 17.41,-5.22
17.41,-5.22 17.35,-5.21
17.35,-5.21 17.3,-5.2
17.3,-5.2 17.27,-5.19
17.27,-5.19 17.22,-5.18
17.22,-5.18 17.18,-5.16
17.18,-5.16 17.14,-5.14
17.14,-5.14 17.11,-5.12
17.11,-5.12 17.09,-5.09
17.09,-5.09 17.07,-5.06
17.07,-5.06 17.07,-5.04
17.07,-5.04 17.06,-5.02
17.06,-5.02 17.07,-5.01
17.07,-5.01 17.08,-4.96
20.57,-5.38 20.59,-5.35
20.59,-5.35 20.61,-5.34
20.61,-5.34 20.63,-5.32
20.63,-5.32 20.69,-5.29
20.69,-5.29 20.72,-5.28
20.72,-5.28 20.76,-5.27
20.76,-5.27 20.83,-5.25
20.83,-5.25 20.9,-5.25
20.9,-5.25 20.98,-5.25
20.98,-5.25 21.04,-5.25
21.04,-5.25 21.09,-5.26
21.09,-5.26 21.13,-5.27
21.13,-5.27 21.22,-5.3
21.22,-5.3 21.26,-5.32
21.26,-5.32 21.29,-5.34
21.29,-5.34 21.32,-5.37
21.32,-5.37 21.35,-5.42
21.35,-5.42 21.35,-5.46
21.35,-5.46 21.33,-5.5
21.33,-5.5 21.3,-5.54
21.3,-5.54 21.27,-5.56
21.27,-5.56 21.23,-5.58
21.23,-5.58 21.19,-5.6
21.19,-5.6 21.13,-5.62
21.13,-5.62 21.07,-5.63
21.07,-5.63 21,-5.63
21,-5.63 20.96,-5.64
20.96,-5.64 20.93,-5.63
20.93,-5.63 20.9,-5.63
20.9,-5.63 20.84,-5.63
20.84,-5.63 20.79,-5.62
20.79,-5.62 20.76,-5.61
20.76,-5.61 20.71,-5.59
20.71,-5.59 20.67,-5.58
20.67,-5.58 20.63,-5.56
20.63,-5.56 20.6,-5.53
20.6,-5.53 20.58,-5.5
20.58,-5.5 20.56,-5.48
20.56,-5.48 20.56,-5.46
20.56,-5.46 20.55,-5.44
20.55,-5.44 20.55,-5.42
20.55,-5.42 20.57,-5.38
27.7,-4.97 27.72,-4.94
27.72,-4.94 27.74,-4.92
27.74,-4.92 27.76,-4.91
27.76,-4.91 27.82,-4.88
27.82,-4.88 27.84,-4.87
27.84,-4.87 27.89,-4.85
27.89,-4.85 27.96,-4.84
27.96,-4.84 28.02,-4.83
28.02,-4.83 28.11,-4.83
28.11,-4.83 28.17,-4.84
28.17,-4.84 28.21,-4.84
28.21,-4.84 28.26,-4.85
28.26,-4.85 28.34,-4.88
28.34,-4.88 28.38,-4.9
28.38,-4.9 28.42,-4.92
28.42,-4.92 28.44,-4.95
28.44,-4.95 28.47,-5
28.47,-5 28.47,-5.05
28.47,-5.05 28.46,-5.09
28.46,-5.09 28.43,-5.12
28.43,-5.12 28.4,-5.14
28.4,-5.14 28.36,-5.17
28.36,-5.17 28.32,-5.18
28.32,-5.18 28.26,-5.2
28.26,-5.2 28.2,-5.21
28.2,-5.21 28.13,-5.22
28.13,-5.22 28.09,-5.22
28.09,-5.22 28.06,-5.22
28.06,-5.22 28.03,-5.22
28.03,-5.22 27.97,-5.21
27.97,-5.21 27.92,-5.2
27.92,-5.2 27.89,-5.2
27.89,-5.2 27.83,-5.18
27.83,-5.18 27.79,-5.16
27.79,-5.16 27.76,-5.14
27.76,-5.14 27.73,-5.12
27.73,-5.12 27.7,-5.09
27.7,-5.09 27.69,-5.06
27.69,-5.06 27.68,-5.05
27.68,-5.05 27.68,-5.02
27.68,-5.02 27.68,-5.01
27.68,-5.01 27.7,-4.97
31.08,-5.36 31.1,-5.33
31.1,-5.33 31.12,-5.31
31.12,-5.31 31.15,-5.3
31.15,-5.3 31.2,-5.27
31.2,-5.27 31.23,-5.26
31.23,-5.26 31.28,-5.24
31.28,-5.24 31.34,-5.23
31.34,-5.23 31.41,-5.22
31.41,-5.22 31.49,-5.22
31.49,-5.22 31.56,-5.23
31.56,-5.23 31.6,-5.23
31.6,-5.23 31.64,-5.24
31.64,-5.24 31.73,-5.27
31.73,-5.27 31.77,-5.29
31.77,-5.29 31.8,-5.31
31.8,-5.31 31.83,-5.34
31.83,-5.34 31.86,-5.39
31.86,-5.39 31.86,-5.44
31.86,-5.44 31.84,-5.48
31.84,-5.48 31.81,-5.51
31.81,-5.51 31.78,-5.53
31.78,-5.53 31.74,-5.56
31.74,-5.56 31.7,-5.57
31.7,-5.57 31.64,-5.59
31.64,-5.59 31.58,-5.6
31.58,-5.6 31.52,-5.61
31.52,-5.61 31.47,-5.61
31.47,-5.61 31.44,-5.61
31.44,-5.61 31.41,-5.61
31.41,-5.61 31.35,-5.6
31.35,-5.6 31.3,-5.59
31.3,-5.59 31.27,-5.59
31.27,-5.59 31.22,-5.57
31.22,-5.57 31.18,-5.55
31.18,-5.55 31.15,-5.53
31.15,-5.53 31.11,-5.51
31.11,-5.51 31.09,-5.48
31.09,-5.48 31.07,-5.45
31.07,-5.45 31.07,-5.44
31.07,-5.44 31.07,-5.41
31.07,-5.41 31.07,-5.4
31.07,-5.4 31.08,-5.36
38.24,-4.92 38.26,-4.9
38.26,-4.9 38.28,-4.88
38.28,-4.88 38.3,-4.86
38.3,-4.86 38.35,-4.83
38.35,-4.83 38.38,-4.82
38.38,-4.82 38.43,-4.81
38.43,-4.81 38.5,-4.8
38.5,-4.8 38.56,-4.79
38.56,-4.79 38.64,-4.79
38.64,-4.79 38.71,-4.79
38.71,-4.79 38.75,-4.8
38.75,-4.8 38.8,-4.81
38.8,-4.81 38.88,-4.84
38.88,-4.84 38.92,-4.86
38.92,-4.86 38.95,-4.88
38.95,-4.88 38.98,-4.91
38.98,-4.91 39.01,-4.96
39.01,-4.96 39.01,-5.01
39.01,-5.01 38.99,-5.05
38.99,-5.05 38.96,-5.08
38.96,-5.08 38.94,-5.1
38.94,-5.1 38.9,-5.12
38.9,-5.12 38.85,-5.14
38.85,-5.14 38.79,-5.16
38.79,-5.16 38.73,-5.17
38.73,-5.17 38.67,-5.18
38.67,-5.18 38.63,-5.18
38.63,-5.18 38.6,-5.18
38.6,-5.18 38.57,-5.18
38.57,-5.18 38.51,-5.17
38.51,-5.17 38.45,-5.16
38.45,-5.16 38.43,-5.15
38.43,-5.15 38.37,-5.14
38.37,-5.14 38.33,-5.12
38.33,-5.12 38.3,-5.1
38.3,-5.1 38.27,-5.07
38.27,-5.07 38.24,-5.05
38.24,-5.05 38.22,-5.02
38.22,-5.02 38.22,-5
38.22,-5 38.22,-4.98
38.22,-4.98 38.22,-4.97
38.22,-4.97 38.24,-4.92
41.74,-5.35 41.76,-5.33
41.76,-5.33 41.78,-5.31
41.78,-5.31 41.81,-5.29
41.81,-5.29 41.86,-5.26
41.86,-5.26 41.89,-5.25
41.89,-5.25 41.94,-5.24
41.94,-5.24 42.01,-5.23
42.01,-5.23 42.07,-5.22
42.07,-5.22 42.15,-5.22
42.15,-5.22 42.22,-5.22
42.22,-5.22 42.26,-5.23
42.26,-5.23 42.3,-5.24
42.3,-5.24 42.39,-5.27
42.39,-5.27 42.43,-5.29
42.43,-5.29 42.46,-5.31
42.46,-5.31 42.49,-5.34
42.49,-5.34 42.52,-5.39
42.52,-5.39 42.52,-5.44
42.52,-5.44 42.5,-5.48
42.5,-5.48 42.47,-5.51
42.47,-5.51 42.45,-5.53
42.45,-5.53 42.4,-5.55
42.4,-5.55 42.36,-5.57
42.36,-5.57 42.3,-5.59
42.3,-5.59 42.24,-5.6
42.24,-5.6 42.18,-5.61
42.18,-5.61 42.14,-5.61
42.14,-5.61 42.1,-5.61
42.1,-5.61 42.07,-5.61
42.07,-5.61 42.02,-5.6
42.02,-5.6 41.96,-5.59
41.96,-5.59 41.93,-5.58
41.93,-5.58 41.88,-5.57
41.88,-5.57 41.84,-5.55
41.84,-5.55 41.81,-5.53
41.81,-5.53 41.77,-5.5
41.77,-5.5 41.75,-5.48
41.75,-5.48 41.73,-5.45
41.73,-5.45 41.73,-5.43
41.73,-5.43 41.73,-5.41
41.73,-5.41 41.73,-5.4
41.73,-5.4 41.74,-5.35
42.33,-5.92 42.02,-5.99
42.02,-5.99 41.76,-6.17
41.76,-6.17 41.59,-6.43
41.59,-6.43 41.54,-6.62
41.54,-6.62 41.53,-6.74
42.33,-13.1 42.01,-12.92
42.01,-12.92 41.75,-12.66
41.75,-12.66 41.59,-12.33
41.59,-12.33 41.54,-12.12
41.54,-12.12 41.53,-11.98
37.06,-5.27 37.24,-5.35
37.24,-5.35 37.36,-5.4
37.36,-5.4 37.49,-5.52
37.49,-5.52 37.59,-5.63
37.59,-5.63 37.69,-5.8
37.69,-5.8 37.74,-5.93
37.74,-5.93 37.77,-6.11
37.77,-6.11 37.78,-6.25
37.06,-12.44 37.23,-12.35
37.23,-12.35 37.33,-12.28
37.33,-12.28 37.45,-12.17
37.45,-12.17 37.55,-12.06
37.55,-12.06 37.63,-11.94
37.63,-11.94 37.7,-11.78
37.7,-11.78 37.77,-11.6
37.77,-11.6 37.78,-11.48
27.2,-11.5 27.2,-9.67
27.2,-9.64 27.2,-6.9
27.2,-6.87 27.2,-6.27
30.95,-12 30.95,-10.14
30.95,-10.11 30.95,-7.37
30.95,-7.34 30.95,-6.76
31.75,-5.94 31.45,-6.01
31.45,-6.01 31.18,-6.19
31.18,-6.19 31.01,-6.45
31.01,-6.45 30.96,-6.64
30.96,-6.64 30.95,-6.76
31.75,-13.12 31.43,-12.95
31.43,-12.95 31.18,-12.68
31.18,-12.68 31.01,-12.35
31.01,-12.35 30.96,-12.14
30.96,-12.14 30.95,-12
26.48,-5.29 26.66,-5.37
26.78,-5.42 26.91,-5.54
26.91,-5.54 27.02,-5.65
27.02,-5.65 27.11,-5.83
27.11,-5.83 27.16,-5.95
27.16,-5.95 27.2,-6.13
27.2,-6.13 27.2,-6.27
26.48,-12.46 26.65,-12.38
26.65,-12.38 26.75,-12.3
26.75,-12.3 26.87,-12.19
26.87,-12.19 26.97,-12.08
26.97,-12.08 27.05,-11.96
27.05,-11.96 27.12,-11.8
27.12,-11.8 27.19,-11.62
27.19,-11.62 27.2,-11.5
16.62,-11.51 16.62,-9.68
16.62,-9.65 16.62,-6.91
16.62,-6.87 16.62,-6.28
20.37,-12.01 20.37,-10.15
20.37,-10.12 20.37,-7.38
20.37,-7.35 20.37,-6.77
21.17,-5.95 20.86,-6.02
20.86,-6.02 20.6,-6.2
20.6,-6.2 20.43,-6.46
20.43,-6.46 20.37,-6.65
20.37,-6.65 20.37,-6.77
21.17,-13.13 20.85,-12.96
20.85,-12.96 20.59,-12.69
20.59,-12.69 20.43,-12.36
20.43,-12.36 20.38,-12.15
20.38,-12.15 20.37,-12.01
15.9,-5.3 16.08,-5.38
16.2,-5.43 16.33,-5.55
16.33,-5.55 16.43,-5.66
16.43,-5.66 16.53,-5.83
16.53,-5.83 16.58,-5.96
16.58,-5.96 16.61,-6.14
16.61,-6.14 16.62,-6.28
15.9,-12.47 16.07,-12.39
16.07,-12.39 16.17,-12.31
16.17,-12.31 16.29,-12.2
16.29,-12.2 16.39,-12.09
16.39,-12.09 16.47,-11.97
16.47,-11.97 16.54,-11.81
16.54,-11.81 16.61,-11.63
16.61,-11.63 16.62,-11.51
16.08,-5.38 16.2,-5.43
26.66,-5.37 26.78,-5.42
44.21,-5.46 44.23,-5.45
44.23,-5.45 44.24,-5.44
44.24,-5.44 44.26,-5.44
44.26,-5.44 44.28,-5.45
44.28,-5.45 44.29,-5.47
44.29,-5.47 44.3,-5.49
33.63,-5.48 33.65,-5.47
33.65,-5.47 33.66,-5.46
33.66,-5.46 33.69,-5.47
33.69,-5.47 33.7,-5.47
33.7,-5.47 33.72,-5.49
33.72,-5.49 33.72,-5.51
23.05,-5.49 23.07,-5.48
23.07,-5.48 23.08,-5.47
23.08,-5.47 23.1,-5.48
23.1,-5.48 23.12,-5.48
23.12,-5.48 23.13,-5.5
23.13,-5.5 23.14,-5.52
23.05,-5.49 22.66,-6.09
22.17,-8.16 22.17,-7.91
22.17,-7.91 22.18,-7.8
22.18,-7.8 22.2,-7.56
22.2,-7.56 22.22,-7.45
22.22,-7.45 22.25,-7.27
22.25,-7.27 22.29,-7.1
22.29,-7.1 22.35,-6.87
22.35,-6.87 22.39,-6.75
22.39,-6.75 22.45,-6.58
22.45,-6.58 22.51,-6.42
22.51,-6.42 22.59,-6.24
22.59,-6.24 22.66,-6.09
33.63,-5.48 33.24,-6.08
32.75,-8.15 32.75,-7.9
32.75,-7.9 32.76,-7.79
32.76,-7.79 32.79,-7.55
32.79,-7.55 32.8,-7.44
32.8,-7.44 32.84,-7.26
32.84,-7.26 32.87,-7.09
32.87,-7.09 32.93,-6.86
32.93,-6.86 32.97,-6.74
32.97,-6.74 33.03,-6.57
33.03,-6.57 33.09,-6.41
33.09,-6.41 33.17,-6.23
33.17,-6.23 33.24,-6.08
44.21,-5.46 43.82,-6.06
43.33,-8.13 43.33,-7.88
43.33,-7.88 43.34,-7.77
43.34,-7.77 43.36,-7.53
43.36,-7.53 43.38,-7.42
43.38,-7.42 43.41,-7.24
43.41,-7.24 43.45,-7.07
43.45,-7.07 43.51,-6.84
43.51,-6.84 43.55,-6.72
43.55,-6.72 43.61,-6.55
43.61,-6.55 43.67,-6.39
43.67,-6.39 43.75,-6.21
43.75,-6.21 43.82,-6.06
15.81,-12.46 15.79,-12.48
15.79,-12.48 15.78,-12.49
15.78,-12.49 15.77,-12.52
15.77,-12.52 15.77,-12.54
15.77,-12.54 15.78,-12.57
15.78,-12.57 15.79,-12.59
15.79,-12.59 15.81,-12.61
15.81,-12.61 15.82,-12.62
15.82,-12.62 15.85,-12.62
15.85,-12.62 15.87,-12.62
15.87,-12.62 15.9,-12.61
15.9,-12.61 15.92,-12.6
15.92,-12.6 15.93,-12.58
15.93,-12.58 15.94,-12.56
15.94,-12.56 15.95,-12.54
15.95,-12.54 15.95,-12.52
15.95,-12.52 15.93,-12.49
15.93,-12.49 15.92,-12.47
21.06,-13.12 21.04,-13.14
21.04,-13.14 21.03,-13.15
21.03,-13.15 21.02,-13.18
21.02,-13.18 21.02,-13.2
21.02,-13.2 21.02,-13.23
21.02,-13.23 21.03,-13.25
21.03,-13.25 21.05,-13.27
21.05,-13.27 21.07,-13.28
21.07,-13.28 21.1,-13.28
21.1,-13.28 21.12,-13.28
21.12,-13.28 21.15,-13.28
21.15,-13.28 21.16,-13.26
21.16,-13.26 21.18,-13.24
21.18,-13.24 21.19,-13.22
21.19,-13.22 21.19,-13.2
21.19,-13.2 21.19,-13.18
21.19,-13.18 21.18,-13.15
21.18,-13.15 21.17,-13.13
26.38,-12.45 26.36,-12.47
26.36,-12.47 26.35,-12.48
26.35,-12.48 26.34,-12.51
26.34,-12.51 26.34,-12.53
26.34,-12.53 26.35,-12.56
26.35,-12.56 26.36,-12.58
26.36,-12.58 26.38,-12.6
26.38,-12.6 26.39,-12.61
26.39,-12.61 26.42,-12.61
26.42,-12.61 26.44,-12.61
26.44,-12.61 26.47,-12.6
26.47,-12.6 26.49,-12.59
26.49,-12.59 26.5,-12.57
26.5,-12.57 26.51,-12.55
26.51,-12.55 26.52,-12.53
26.52,-12.53 26.52,-12.5
26.52,-12.5 26.51,-12.48
26.51,-12.48 26.49,-12.46
31.64,-13.11 31.62,-13.13
31.62,-13.13 31.61,-13.15
31.61,-13.15 31.6,-13.17
31.6,-13.17 31.6,-13.19
31.6,-13.19 31.6,-13.22
31.6,-13.22 31.61,-13.24
31.61,-13.24 31.63,-13.26
31.63,-13.26 31.65,-13.27
31.65,-13.27 31.68,-13.27
31.68,-13.27 31.7,-13.27
31.7,-13.27 31.73,-13.27
31.73,-13.27 31.74,-13.25
31.74,-13.25 31.76,-13.23
31.76,-13.23 31.77,-13.21
31.77,-13.21 31.78,-13.19
31.78,-13.19 31.77,-13.17
31.77,-13.17 31.76,-13.14
31.76,-13.14 31.75,-13.12
36.96,-12.43 36.94,-12.45
36.94,-12.45 36.93,-12.46
36.93,-12.46 36.92,-12.49
36.92,-12.49 36.92,-12.51
36.92,-12.51 36.93,-12.54
36.93,-12.54 36.94,-12.55
36.94,-12.55 36.96,-12.57
36.96,-12.57 36.97,-12.58
36.97,-12.58 37,-12.59
37,-12.59 37.02,-12.59
37.02,-12.59 37.05,-12.58
37.05,-12.58 37.07,-12.57
37.07,-12.57 37.08,-12.55
37.08,-12.55 37.09,-12.53
37.09,-12.53 37.1,-12.5
37.1,-12.5 37.1,-12.48
37.1,-12.48 37.09,-12.46
37.09,-12.46 37.07,-12.44
42.22,-13.09 42.2,-13.11
42.2,-13.11 42.19,-13.12
42.19,-13.12 42.18,-13.15
42.18,-13.15 42.18,-13.17
42.18,-13.17 42.18,-13.2
42.18,-13.2 42.19,-13.22
42.19,-13.22 42.21,-13.24
42.21,-13.24 42.23,-13.25
42.23,-13.25 42.26,-13.25
42.26,-13.25 42.28,-13.25
42.28,-13.25 42.31,-13.25
42.31,-13.25 42.32,-13.23
42.32,-13.23 42.34,-13.21
42.34,-13.21 42.35,-13.19
42.35,-13.19 42.36,-13.17
42.36,-13.17 42.35,-13.15
42.35,-13.15 42.34,-13.12
42.34,-13.12 42.33,-13.1
54.4,-12.45 54.39,-6.26
50.36,-5.03 50.36,-4.94
46.98,-4.94 46.98,-5.05
50.22,-5.66 50.21,-5.44
47.02,-4.8 47.25,-4.63
47.09,-4.88 47.3,-4.71
47.18,-4.94 47.36,-4.8
47.25,-4.63 47.28,-4.61
47.3,-4.71 47.32,-4.7
47.28,-4.61 47.31,-4.6
47.32,-4.7 47.35,-4.69
47.36,-4.8 47.39,-4.78
47.31,-4.6 47.64,-4.49
47.35,-4.69 47.67,-4.58
47.39,-4.78 47.69,-4.68
47.64,-4.49 47.91,-4.43
47.67,-4.58 47.92,-4.53
47.69,-4.68 47.94,-4.63
47.91,-4.43 48.45,-4.38
47.92,-4.53 48.45,-4.48
47.94,-4.63 48.46,-4.58
48.45,-4.38 48.93,-4.38
48.45,-4.48 48.92,-4.48
48.46,-4.58 48.92,-4.58
48.93,-4.38 49.33,-4.42
48.92,-4.48 49.31,-4.51
48.92,-4.58 49.3,-4.61
49.33,-4.42 49.81,-4.52
49.31,-4.51 49.79,-4.62
49.3,-4.61 49.79,-4.72
49.81,-4.52 49.85,-4.53
49.79,-4.62 49.82,-4.63
49.85,-4.53 49.89,-4.54
49.82,-4.63 49.85,-4.64
49.89,-4.54 50.27,-4.75
49.85,-4.64 50.21,-4.83
49.85,-4.64 50.21,-4.83
49.79,-4.72 50.16,-4.92
50.27,-4.75 50.29,-4.77
50.29,-4.77 50.3,-4.78
50.3,-4.78 50.36,-4.9
50.21,-4.83 50.27,-4.95
50.36,-4.9 50.36,-4.94
50.36,-4.94 50.36,-4.96
50.36,-4.96 50.36,-4.97
50.36,-4.97 50.36,-4.99
50.36,-4.99 50.35,-5.01
50.35,-5.01 50.2,-5.18
50.27,-4.95 50.24,-5.13
50.16,-4.92 50.24,-5.13
50.35,-5.01 50.2,-5.18
50.2,-5.18 50.18,-5.19
50.18,-5.19 50.16,-5.21
50.16,-5.21 49.59,-5.41
49.59,-5.41 49.11,-5.48
49.11,-5.48 48.86,-5.5
47.33,-5.31 47.06,-5.11
47.33,-5.31 47.13,-5.04
47.33,-5.31 47.18,-4.95
47.06,-5.11 47.05,-5.1
47.13,-5.04 47.11,-5.02
47.05,-5.1 47.03,-5.08
47.03,-5.08 47.02,-5.06
47.02,-5.06 46.98,-4.98
47.11,-5.02 47.07,-4.94
46.98,-4.98 46.98,-4.96
46.98,-4.96 46.98,-4.94
46.98,-4.94 46.98,-4.92
46.98,-4.92 46.99,-4.87
47.07,-4.94 47.09,-4.88
47.18,-4.95 47.18,-4.94
46.99,-4.87 46.99,-4.85
46.99,-4.85 47,-4.84
47,-4.84 47.01,-4.82
47.01,-4.82 47.02,-4.8
46.98,-5.05 46.98,-5.05
46.98,-5.05 46.98,-5.07
50.12,-5.54 49.94,-5.63
50.12,-5.54 50.22,-5.44
46.98,-5.07 47.06,-5.27
50.29,-5.25 50.22,-5.44
50.34,-5.36 50.34,-5.47
50.39,-5.23 50.62,-5.05
50.62,-5.05 50.65,-5.04
50.65,-5.04 50.68,-5.02
50.68,-5.02 51.01,-4.91
51.01,-4.91 51.28,-4.85
51.28,-4.85 51.82,-4.8
51.82,-4.8 52.3,-4.8
52.3,-4.8 52.7,-4.84
52.7,-4.84 53.18,-4.94
53.18,-4.94 53.22,-4.95
53.22,-4.95 53.26,-4.97
53.26,-4.97 53.64,-5.17
53.64,-5.17 53.65,-5.19
53.65,-5.19 53.67,-5.21
53.67,-5.21 53.73,-5.33
53.73,-5.33 53.73,-5.36
53.73,-5.36 53.73,-5.38
53.73,-5.38 53.73,-5.4
53.73,-5.4 53.72,-5.41
53.72,-5.41 53.72,-5.43
53.72,-5.43 53.57,-5.6
53.57,-5.6 53.55,-5.61
53.55,-5.61 53.52,-5.63
53.52,-5.63 52.96,-5.83
52.96,-5.83 52.48,-5.9
52.48,-5.9 52.26,-5.92
50.79,-5.74 50.61,-5.66
50.61,-5.66 50.58,-5.65
50.58,-5.65 50.43,-5.54
50.43,-5.54 50.41,-5.52
50.41,-5.52 50.4,-5.5
50.4,-5.5 50.39,-5.49
50.39,-5.49 50.35,-5.4
50.35,-5.4 50.35,-5.38
50.35,-5.38 50.34,-5.36
50.34,-5.36 50.34,-5.35
50.34,-5.35 50.36,-5.29
50.36,-5.29 50.36,-5.28
50.36,-5.28 50.37,-5.26
50.37,-5.26 50.38,-5.24
50.38,-5.24 50.39,-5.23
50.34,-5.47 50.34,-5.48
50.34,-5.48 50.35,-5.49
50.35,-5.49 50.42,-5.69
46.2,-12.68 53.15,-13.55
46.2,-12.68 50.32,-13.19
46.2,-5.17 46.2,-12.68
46.46,-12.61 46.46,-12.37
47.06,-9.54 52.33,-10.2
47.06,-9.57 52.33,-10.23
46.2,-12.34 53.19,-13.22
46.36,-12.7 46.36,-12.36
46.46,-12.61 52.97,-13.43
48.13,-12.7 47.22,-12.58
52.33,-7.43 47.06,-6.76
47.06,-6.8 52.33,-7.46
50.2,-7.16 50.2,-7.16
50.2,-7.16 50.2,-7.16
48.13,-12.7 48.13,-12.58
47.42,-4.09 46.2,-5.17
47.43,-4.13 46.24,-5.17
53.19,-6.03 46.2,-5.17
54.4,-4.96 47.42,-4.09
54.33,-4.98 47.43,-4.13
47.22,-12.47 47.22,-12.58
46.36,-12.7 46.46,-12.61
54.26,-5.04 51.01,-4.64
50.84,-4.62 47.43,-4.19
53.33,-13.11 54.3,-12.25
53.54,-7.66 54.3,-6.99
53.54,-9 54.3,-8.33
53.54,-10.33 54.3,-9.66
53.54,-11.66 54.3,-10.99
54.4,-12.45 54.39,-4.97
53.54,-12.79 54.17,-12.24
53.33,-13.4 53.33,-13.11
54.4,-12.45 53.15,-13.55
54.3,-12.19 54.3,-12.54
54.3,-6.99 54.3,-12.19
54.17,-12.24 54.17,-7.11
53.97,-12.42 53.97,-7.29
53.77,-12.59 53.77,-7.46
54.4,-4.96 53.19,-6.03
54.33,-4.98 53.15,-6.03
53.54,-7.66 53.54,-12.79
53.33,-13.11 53.33,-8.14
54.3,-6.99 54.3,-5.5
53.19,-13.52 53.19,-13.21
53.19,-6.03 53.19,-13.21
53.22,-6.01 53.22,-13.49
53.22,-13.19 53.19,-13.21
52.97,-13.19 52.97,-13.43
53.02,-13.2 53.02,-13.54
53.02,-13.54 52.97,-13.43
51.89,-13.17 50.98,-13.06
50.98,-13.06 50.98,-12.94
51.89,-13.05 51.89,-13.17
47.43,-4.19 46.31,-5.18
47.78,-11.49 47.78,-9.66
47.78,-9.63 47.78,-6.88
47.78,-6.85 47.78,-6.26
51.53,-11.98 51.53,-10.13
51.53,-10.1 51.53,-7.35
51.53,-7.32 51.53,-6.75
47.06,-5.27 47.06,-6.76
47.06,-6.8 47.06,-9.54
47.06,-9.57 47.06,-12.45
47.03,-5.27 47.03,-12.44
52.33,-5.93 52.33,-7.43
52.33,-7.46 52.33,-10.2
52.33,-10.23 52.33,-13.11
52.36,-5.93 52.36,-13.11
49.69,-5.6 50.85,-4.61
49.73,-5.6 50.96,-4.56
49.86,-5.62 51.04,-4.61
49.79,-5.61 51.01,-4.57
51.01,-4.61 51.04,-4.61
50.9,-4.61 50.85,-4.61
51.01,-4.57 51.01,-4.61
50.52,-5.28 50.77,-5.11
50.64,-5.35 50.82,-5.21
50.8,-5.09 50.86,-5.07
50.82,-5.21 50.85,-5.2
50.86,-5.07 51.13,-4.99
50.85,-5.2 51.16,-5.11
51.13,-4.99 51.39,-4.94
51.16,-5.11 51.4,-5.06
51.39,-4.94 51.92,-4.89
51.4,-5.06 51.92,-5
51.92,-4.89 52.39,-4.91
51.92,-5 52.38,-5.01
52.39,-4.91 52.78,-4.94
52.38,-5.01 52.76,-5.04
52.78,-4.94 53.25,-5.04
52.76,-5.04 53.26,-5.15
53.25,-5.04 53.29,-5.06
53.29,-5.06 53.31,-5.06
53.31,-5.06 53.64,-5.27
53.31,-5.06 53.64,-5.27
53.26,-5.15 53.6,-5.33
53.64,-5.27 53.67,-5.37
53.67,-5.37 53.68,-5.48
53.6,-5.33 53.68,-5.48
50.79,-5.74 50.57,-5.51
50.79,-5.74 50.64,-5.47
50.57,-5.51 50.52,-5.45
50.52,-5.45 50.5,-5.37
50.5,-5.37 50.52,-5.28
50.64,-5.47 50.64,-5.35
50.77,-5.11 50.8,-5.09
53.73,-5.37 53.72,-5.52
53.42,-13.08 53.42,-13.25
53.42,-13.08 53.72,-12.81
53.72,-12.81 53.72,-12.98
53.72,-12.98 53.42,-13.25
48.24,-4.93 48.26,-4.9
48.26,-4.9 48.28,-4.89
48.28,-4.89 48.3,-4.87
48.3,-4.87 48.35,-4.84
48.35,-4.84 48.38,-4.83
48.38,-4.83 48.43,-4.82
48.43,-4.82 48.5,-4.8
48.5,-4.8 48.56,-4.8
48.56,-4.8 48.64,-4.79
48.64,-4.79 48.71,-4.8
48.71,-4.8 48.75,-4.81
48.75,-4.81 48.8,-4.82
48.8,-4.82 48.88,-4.84
48.88,-4.84 48.92,-4.87
48.92,-4.87 48.95,-4.89
48.95,-4.89 48.98,-4.92
48.98,-4.92 49.01,-4.96
49.01,-4.96 49.01,-5.01
49.01,-5.01 48.99,-5.05
48.99,-5.05 48.96,-5.09
48.96,-5.09 48.94,-5.11
48.94,-5.11 48.9,-5.13
48.9,-5.13 48.85,-5.15
48.85,-5.15 48.79,-5.16
48.79,-5.16 48.73,-5.18
48.73,-5.18 48.67,-5.18
48.67,-5.18 48.63,-5.18
48.63,-5.18 48.6,-5.18
48.6,-5.18 48.57,-5.18
48.57,-5.18 48.51,-5.18
48.51,-5.18 48.45,-5.17
48.45,-5.17 48.43,-5.16
48.43,-5.16 48.37,-5.14
48.37,-5.14 48.33,-5.12
48.33,-5.12 48.3,-5.1
48.3,-5.1 48.27,-5.08
48.27,-5.08 48.24,-5.05
48.24,-5.05 48.22,-5.02
48.22,-5.02 48.22,-5.01
48.22,-5.01 48.22,-4.99
48.22,-4.99 48.22,-4.97
48.22,-4.97 48.24,-4.93
51.74,-5.36 51.76,-5.33
51.76,-5.33 51.78,-5.32
51.78,-5.32 51.81,-5.3
51.81,-5.3 51.86,-5.27
51.86,-5.27 51.89,-5.26
51.89,-5.26 51.94,-5.25
51.94,-5.25 52.01,-5.23
52.01,-5.23 52.07,-5.23
52.07,-5.23 52.15,-5.22
52.15,-5.22 52.22,-5.23
52.22,-5.23 52.26,-5.24
52.26,-5.24 52.3,-5.25
52.3,-5.25 52.39,-5.27
52.39,-5.27 52.43,-5.3
52.43,-5.3 52.46,-5.32
52.46,-5.32 52.49,-5.35
52.49,-5.35 52.52,-5.39
52.52,-5.39 52.52,-5.44
52.52,-5.44 52.5,-5.48
52.5,-5.48 52.47,-5.52
52.47,-5.52 52.45,-5.54
52.45,-5.54 52.4,-5.56
52.4,-5.56 52.36,-5.58
52.36,-5.58 52.3,-5.59
52.3,-5.59 52.24,-5.61
52.24,-5.61 52.18,-5.61
52.18,-5.61 52.14,-5.61
52.14,-5.61 52.1,-5.61
52.1,-5.61 52.07,-5.61
52.07,-5.61 52.02,-5.61
52.02,-5.61 51.96,-5.6
51.96,-5.6 51.93,-5.59
51.93,-5.59 51.88,-5.57
51.88,-5.57 51.84,-5.55
51.84,-5.55 51.81,-5.53
51.81,-5.53 51.77,-5.51
51.77,-5.51 51.75,-5.48
51.75,-5.48 51.73,-5.45
51.73,-5.45 51.73,-5.44
51.73,-5.44 51.73,-5.42
51.73,-5.42 51.73,-5.4
51.73,-5.4 51.74,-5.36
52.33,-5.93 52.02,-6
52.02,-6 51.76,-6.17
51.76,-6.17 51.59,-6.44
51.59,-6.44 51.54,-6.62
51.54,-6.62 51.53,-6.75
52.33,-13.11 52.01,-12.93
52.01,-12.93 51.75,-12.67
51.75,-12.67 51.59,-12.34
51.59,-12.34 51.54,-12.13
51.54,-12.13 51.53,-11.98
47.06,-5.27 47.24,-5.35
47.24,-5.35 47.36,-5.41
47.36,-5.41 47.49,-5.52
47.49,-5.52 47.59,-5.64
47.59,-5.64 47.69,-5.81
47.69,-5.81 47.74,-5.93
47.74,-5.93 47.77,-6.12
47.77,-6.12 47.78,-6.26
47.06,-12.44 47.23,-12.36
47.23,-12.36 47.33,-12.29
47.33,-12.29 47.45,-12.18
47.45,-12.18 47.55,-12.07
47.55,-12.07 47.63,-11.94
47.63,-11.94 47.7,-11.79
47.7,-11.79 47.77,-11.61
47.77,-11.61 47.78,-11.49
54.21,-5.47 54.23,-5.45
54.23,-5.45 54.24,-5.45
54.24,-5.45 54.26,-5.45
54.26,-5.45 54.28,-5.46
54.28,-5.46 54.29,-5.48
54.29,-5.48 54.3,-5.5
54.21,-5.47 53.82,-6.07
53.33,-8.14 53.33,-7.89
53.33,-7.89 53.34,-7.77
53.34,-7.77 53.36,-7.53
53.36,-7.53 53.38,-7.43
53.38,-7.43 53.41,-7.24
53.41,-7.24 53.45,-7.07
53.45,-7.07 53.51,-6.85
53.51,-6.85 53.55,-6.73
53.55,-6.73 53.61,-6.56
53.61,-6.56 53.67,-6.4
53.67,-6.4 53.75,-6.22
53.75,-6.22 53.82,-6.07
46.96,-12.43 46.94,-12.46
46.94,-12.46 46.93,-12.47
46.93,-12.47 46.92,-12.49
46.92,-12.49 46.92,-12.52
46.92,-12.52 46.93,-12.54
46.93,-12.54 46.94,-12.56
46.94,-12.56 46.96,-12.58
46.96,-12.58 46.97,-12.59
46.97,-12.59 47,-12.6
47,-12.6 47.02,-12.6
47.02,-12.6 47.05,-12.59
47.05,-12.59 47.07,-12.58
47.07,-12.58 47.08,-12.55
47.08,-12.55 47.09,-12.54
47.09,-12.54 47.1,-12.51
47.1,-12.51 47.1,-12.49
47.1,-12.49 47.09,-12.46
47.09,-12.46 47.07,-12.45
52.22,-13.1 52.2,-13.12
52.2,-13.12 52.19,-13.13
52.19,-13.13 52.18,-13.15
52.18,-13.15 52.18,-13.18
52.18,-13.18 52.18,-13.21
52.18,-13.21 52.19,-13.22
52.19,-13.22 52.21,-13.24
52.21,-13.24 52.23,-13.25
52.23,-13.25 52.26,-13.26
52.26,-13.26 52.28,-13.26
52.28,-13.26 52.31,-13.25
52.31,-13.25 52.32,-13.24
52.32,-13.24 52.34,-13.22
52.34,-13.22 52.35,-13.2
52.35,-13.2 52.36,-13.17
52.36,-13.17 52.35,-13.15
52.35,-13.15 52.34,-13.13
52.34,-13.13 52.33,-13.11
21.09,-13.3 21.09,-19.57
31.68,-13.3 31.68,-20.57
42.25,-13.3 42.25,-21.21
52.26,-13.3 52.26,-22.21
34.91,-22.65 34.91,-20.76
34.91,-20.76 33.74,-21.71
33.74,-21.71 34.91,-22.65
34.91,-21.21 42.25,-21.21
34.91,-22.21 52.26,-22.21
16.72,-20.07 10.48,-20.07
14.17,-20.96 10.48,-20.96
10.48,-21.46 10.48,-19.57
9.32,-20.51 6.71,-20.51
10.48,-19.57 9.32,-20.51
9.32,-20.51 10.48,-21.46
17.89,-21.01 17.89,-19.12
17.89,-19.12 16.72,-20.07
16.72,-20.07 17.89,-21.01
14.17,-20.96 14.17,-21.71
14.17,-21.71 33.74,-21.71
17.89,-19.57 21.09,-19.57
17.89,-20.07 17.89,-20.57
17.89,-20.57 31.68,-20.57
