8539.06,-15115.81 8539.06,-16995.88
8539.06,-16995.88 6339.06,-16995.88
11123.67,-17341.89 6339.06,-17341.89
6339.06,-16795.88 6339.06,-17541.89
6339.06,-16795.88 5664.96,-17168.88
5664.96,-17168.88 6339.06,-17541.89
5664.96,-17168.88 3839.67,-17168.88
14310.53,-17168.88 11797.77,-17168.88
20098.53,-17514.89 11797.77,-17514.89
11797.77,-16968.88 11797.77,-17714.89
11797.77,-16968.88 11123.67,-17341.89
11123.67,-17341.89 11797.77,-17714.89
6194.3,-9165.89 7074.09,-8657.94
7074.09,-8657.94 7681.18,-8307.44
6190.67,-9431.06 6190.67,-9175.05
6197.72,-13939.7 6197.72,-9435.57
6411.84,-10110.35 6411.84,-12001.63
6411.84,-13760.77 6411.84,-12005.82
6411.84,-12001.63 6411.84,-12005.82
6411.84,-10110.35 6411.84,-10088.16
6411.84,-10088.16 6412.44,-9559.53
8993.04,-15553.54 9324.94,-15553.54
6754.17,-12090.89 6754.17,-11998.7
6754.17,-11993.52 6754.17,-11998.7
6754.17,-11993.52 6758.41,-11991.37
6200.13,-13943.05 6240.79,-13966.53
8946.57,-15528.68 8987.23,-15552.15
8943.36,-15496.66 8919.47,-15482.86
6279.5,-13958.71 6320.14,-13982.17
6330.48,-13981.99 8909.73,-15471.09
6990.06,-12219.95 6990.06,-12127.9
6985.01,-12224.16 6990.06,-12219.95
9332.47,-11045.06 10820.85,-10185.68
6411.84,-13760.77 8771.84,-15123.29
8817.86,-15123.32 8943.36,-15195.78
10672.72,-11077.74 10672.98,-11077.63
8656.98,-14597.43 6527.96,-13368.27
8186.42,-12820.41 8186.42,-12917.78
10652.61,-11084.21 9464.95,-11769.04
9374.61,-11827.16 9437.2,-11791.11
10672.98,-11077.63 10733.46,-11042.72
8422.3,-13046.98 8422.3,-12954.79
8186.42,-12820.41 8190.65,-12818.25
6256.27,-13966.53 6269.82,-13958.71
8417.26,-13051.05 8421.59,-13048.54
10672.72,-12013.6 10672.98,-12013.5
8656.98,-13611.28 6527.96,-12382.13
10755.25,-14720.78 10741.7,-14712.96
8943.36,-15524.21 8943.36,-11020.73
9457.3,-12710.55 9464.94,-12704.89
10652.61,-12019.21 9464.95,-12704.9
9374.61,-12763.11 9437.2,-12726.97
10672.98,-12013.5 10733.46,-11978.58
8943.36,-13461.21 6415.94,-12002.04
6981.59,-12222.18 6985.01,-12224.16
8413.83,-13049.07 8417.26,-13051.05
6754.17,-12090.89 6981.59,-12222.18
8186.42,-12917.78 8413.83,-13049.07
6758.41,-11991.37 6987.64,-12123.71
8190.65,-12818.25 8419.88,-12950.6
8656.98,-13048.37 6527.96,-11819.21
9374.61,-11020.73 9374.61,-15524.21
9466.24,-15429.78 9466.24,-15048
9542.54,-15004.06 9542.54,-11724.3
9457.3,-13529.08 9464.94,-13523.42
9437.41,-13545.35 9437.2,-13545.5
10652.61,-12838.21 9464.95,-13523.43
9374.61,-13581.63 9437.2,-13545.5
10673.61,-12832.21 10732.55,-12797.64
10074.78,-14697.55 10074.78,-11417.39
10672.72,-13650.66 10672.98,-13650.55
6527.96,-10766.02 8656.98,-11995.18
9437.41,-14363.88 9437.2,-14364.03
10652.61,-13656.21 9464.61,-14342.21
9374.61,-14400.16 9437.2,-14364.03
10672.98,-13650.55 10732.33,-13616.29
8943.36,-11564.38 6416.55,-10105.52
10607.03,-14391.03 10607.03,-11110.49
10676.38,-14355.37 10676.38,-14727.76
10813.8,-10189.82 10813.8,-14693.95
10820.85,-10120.69 10820.85,-10185.68
10820.85,-9929.3 10820.85,-10120.69
9457.3,-15054.39 9464.97,-15048.73
9437.41,-15070.66 9437.2,-15070.81
10653.61,-14364.21 9464.95,-15048.74
9374.61,-15106.99 9437.2,-15070.81
10672.98,-14357.34 10732.13,-14323.19
10672.72,-14357.44 10672.98,-14357.34
6190.67,-9431.06 8985.51,-11045.06
10732.03,-14712.96 10691.38,-14736.42
9374.61,-15496.65 9454.14,-15450.74
9330.75,-15552.15 9371.4,-15528.68
10770.74,-14720.78 10811.39,-14697.3
8985.51,-11045.06 9332.47,-11045.06
8023.89,-8307.44 10817.22,-9920.14
7681.49,-8306.94 8023.89,-8307.44
10653.61,-14364.21 10672.72,-14357.44
9437.41,-15070.66 9447.05,-15062.55
9447.05,-15062.55 9457.3,-15054.39
10652.61,-13656.21 10672.72,-13650.66
9437.41,-14363.88 9464.61,-14342.21
9437.41,-13545.35 9447.05,-13537.23
9447.05,-13537.23 9457.3,-13529.08
10652.61,-12838.21 10673.61,-12832.21
9437.41,-12726.82 9447.05,-12718.7
9447.05,-12718.7 9457.3,-12710.55
10652.61,-12019.21 10656.36,-12018.11
10656.36,-12018.11 10664.61,-12015.72
10664.61,-12015.72 10672.72,-12013.6
9437.41,-11790.96 9447.05,-11782.84
9447.05,-11782.84 9457.3,-11774.69
10652.61,-11084.21 10656.36,-11082.25
10656.36,-11082.25 10664.61,-11079.86
10664.61,-11079.86 10672.72,-11077.74
9457.3,-11774.69 9464.95,-11769.04
10755.25,-14720.78 10764.59,-14722.89
10764.59,-14722.89 10770.74,-14720.78
10811.39,-14697.3 10813.8,-14693.95
10741.7,-14712.96 10732.03,-14712.96
10691.38,-14736.42 10679.29,-14729.44
10679.29,-14729.44 10676.38,-14727.76
10817.22,-9920.14 10820.85,-9929.3
6194.3,-9165.89 6190.67,-9175.05
8419.88,-12950.6 8422.3,-12954.79
6987.64,-12123.71 6990.06,-12127.9
6197.72,-13939.7 6200.13,-13943.05
6240.79,-13966.53 6256.27,-13966.53
6269.82,-13958.71 6279.5,-13958.71
6320.14,-13982.17 6330.48,-13981.99
8943.36,-15524.21 8946.57,-15528.68
8987.23,-15552.15 8993.04,-15553.54
9324.94,-15553.54 9330.75,-15552.15
9371.4,-15528.68 9374.61,-15524.21
9454.14,-15450.74 9466.24,-15429.78
8919.47,-15482.86 8909.73,-15471.09
8771.84,-15123.29 8817.86,-15123.32
8421.59,-13048.54 8422.3,-13046.98
8632.87,-9563.12 8525.85,-9620.6
9485.19,-9868.97 10068.02,-9625.09
9141.17,-10035.03 9117.67,-10052.36
9117.67,-10052.36 8547.71,-10473.07
10104.51,-9604 10068.22,-9624.95
8492.7,-10534.57 8456.41,-10555.52
8538.07,-10513.01 8524.3,-10521.03
8492.9,-10534.48 8492.7,-10534.57
8503.45,-10530.26 8492.9,-10534.48
8296.54,-9836.14 8257.2,-9914.78
10068.02,-9625.09 10068.22,-9624.95
8257.2,-9914.78 8238.02,-9989.52
8238.02,-9989.55 8234.55,-10039.31
8234.55,-10039.01 8237.99,-9989.92
8238.02,-9989.55 8238.02,-9989.53
8234.55,-10039.31 8234.55,-10039.01
8282.33,-9905.17 8282.14,-9937.63
8538.07,-10483.16 8538.07,-10513.01
10313.81,-10202.44 10336.1,-10143.13
9489.44,-9949.1 9488.37,-9936.98
9563.31,-10692.45 9563.87,-10711.49
9556.86,-10644.64 9558.53,-10681.79
10336.1,-10143.13 10348.27,-10078.57
9072.61,-9943.45 9074.44,-9960.06
9563.87,-10711.49 9563.96,-10711.93
10349.9,-10044.26 10349.9,-10044.52
10301.76,-10217.88 10301.7,-10252.5
10348.27,-10078.57 10349.9,-10044.26
9563.96,-10711.93 9577.25,-10740.55
9558.53,-10681.79 9563.31,-10692.45
9014.79,-9451.88 9006.84,-9434.75
9333.1,-10064.56 9549.86,-10626.51
9549.86,-10626.51 9556.86,-10644.64
8449.64,-10408.56 8547.71,-10473.07
9234.8,-9819.1 9014.79,-9451.88
9073.18,-9934.27 8282.33,-9905.17
8211.87,-9931.6 8224.23,-9932.37
8224.23,-9932.37 8238.99,-9933.72
8162.27,-9923.93 8211.84,-9931.6
10364.05,-10264.54 10413.63,-10272.21
8282.14,-9937.63 8254.14,-9935.88
8249.42,-9935.02 8238.99,-9933.72
10301.7,-10252.5 10333.79,-10257.46
9199.34,-10058.1 9240.23,-10065.79
10364.03,-10264.53 10364.05,-10264.54
10353.47,-10261.74 10364.03,-10264.53
9474.51,-9992.87 9508.86,-10002.21
9508.86,-10002.21 10284.77,-10213.25
10284.77,-10213.25 10301.76,-10217.88
10349.9,-10043.4 10349.9,-10043.65
10349.9,-10043.65 10349.9,-10044.26
8234.56,-10041.05 8234.56,-10040.04
8234.56,-10040.04 8234.55,-10039.73
8234.55,-10039.73 8234.55,-10039.31
10349.9,-10044.52 10349.9,-10045.24
10349.9,-10045.24 10349.9,-10045.49
9602.91,-9464.11 9454.83,-9443.85
9454.83,-9443.85 9304.87,-9434.89
9304.87,-9434.89 9156.61,-9437.54
9156.61,-9437.54 9013.14,-9452.05
9013.14,-9452.05 8877.1,-9478.42
8877.1,-9478.42 8750.14,-9515.69
8750.14,-9515.69 8632.87,-9563.12
9901.34,-9740.41 9824.01,-9690.81
9824.01,-9690.81 9734.86,-9648.57
9734.86,-9648.57 9635.98,-9614.61
9635.98,-9614.61 9529.61,-9589.67
9529.61,-9589.67 9418.14,-9574.27
9418.14,-9574.27 9304.11,-9568.73
9304.11,-9568.73 9190.09,-9573.15
9190.09,-9573.15 9078.65,-9587.41
9078.65,-9587.41 8972.26,-9611.18
8972.26,-9611.18 8873.35,-9643.94
8873.35,-9643.94 8784.19,-9684.91
10093.2,-9641.8 9993.98,-9585.57
9993.98,-9585.57 9877.84,-9536.47
9877.84,-9536.47 9745.48,-9495.28
9745.48,-9495.28 9602.91,-9464.11
9485.19,-9868.97 9453.01,-9848.56
9453.01,-9848.56 9414.83,-9832.43
9414.83,-9832.43 9372.2,-9821.13
9372.2,-9821.13 9326.84,-9815.04
9326.84,-9815.04 9280.57,-9814.33
9280.57,-9814.33 9235.23,-9819
9235.23,-9819 9192.66,-9828.82
9192.66,-9828.82 9154.56,-9843.36
9129.43,-10028.99 9161.87,-10045.67
9161.87,-10045.67 9199.34,-10058.1
10333.78,-10257.46 10340.46,-10258.75
10340.46,-10258.75 10353.47,-10261.74
9240.23,-10065.79 9282.77,-10068.45
9282.77,-10068.45 9325.14,-10066.02
9325.14,-10066.02 9365.64,-10058.62
9365.64,-10058.62 9402.63,-10046.58
9402.63,-10046.58 9434.39,-10030.49
10046.03,-9921.51 10013.65,-9857.09
10013.65,-9857.09 9965.04,-9796.26
9965.04,-9796.26 9901.34,-9740.41
8920.49,-10610.21 9062.6,-10634.15
9062.6,-10634.15 9209.03,-10646.27
9209.03,-10646.27 9356.87,-10646.32
9356.87,-10646.32 9503.18,-10634.33
8695.85,-10265.77 8771.27,-10314.75
8547.71,-10473.07 8660.43,-10528.88
8660.43,-10528.88 8785.53,-10574.89
8785.53,-10574.89 8920.49,-10610.21
9503.18,-10634.33 9645.04,-10610.55
9645.04,-10610.55 9779.64,-10575.44
9779.64,-10575.44 9904.31,-10529.7
9904.31,-10529.7 10016.56,-10474.25
9488.37,-9936.98 9479.35,-9912.25
9074.44,-9960.06 9084.69,-9985.38
9084.69,-9985.38 9103.33,-10008.65
9103.33,-10008.65 9129.43,-10028.99
10349.9,-10044.52 10349,-10019.01
10349,-10019.01 10333.47,-9935.72
10333.47,-9935.72 10299.12,-9854.58
10299.12,-9854.58 10246.77,-9777.39
10246.77,-9777.39 10177.63,-9705.94
10177.63,-9705.94 10093.2,-9641.8
10062.81,-10014.33 10061.46,-9987.98
10061.46,-9987.98 10046.03,-9921.51
8557.23,-10087 8587.53,-10150.55
8587.53,-10150.55 8634.11,-10210.62
8634.11,-10210.62 8695.85,-10265.77
10016.4,-10167.67 10048.19,-10101.33
10048.19,-10101.33 10062.14,-10033.11
10062.14,-10033.11 10062.81,-10014.69
8543.33,-10004.06 8543.96,-10021.54
8543.96,-10021.54 8557.23,-10087
9477.65,-9989.02 9487.56,-9965.24
9487.56,-9965.24 9489.44,-9949.04
9080.94,-9908.48 9073.18,-9934.27
9073.18,-9934.27 9072.61,-9943.45
9972,-10224.66 10016.4,-10167.67
8594.06,-9846.83 8561.15,-9909.75
8561.15,-9909.75 8545.01,-9974.81
8545.01,-9974.81 8543.33,-10003.77
9434.39,-10030.49 9459.68,-10011.06
9459.68,-10011.06 9477.65,-9989.02
8524.3,-10521.03 8517.5,-10524.21
8517.5,-10524.21 8503.45,-10530.26
9154.56,-9843.36 9122.44,-9862.02
9122.44,-9862.02 9097.58,-9884.03
9097.58,-9884.03 9080.94,-9908.48
8784.19,-9684.91 8706.82,-9733.14
8706.82,-9733.14 8642.97,-9787.52
8642.97,-9787.52 8594.06,-9846.83
8525.85,-9620.6 8432.44,-9686.67
8432.44,-9686.67 8355.36,-9759.27
8355.36,-9759.27 8296.54,-9836.14
8239.43,-10095.73 8234.56,-10041.05
8448.92,-10408.07 8368.25,-10337.24
8368.25,-10337.24 8305.67,-10260.56
8305.67,-10260.56 8262.44,-10179.55
8262.44,-10179.55 8239.43,-10095.73
10292.85,-10197.72 10255.49,-10264.96
10255.49,-10264.96 10193.36,-10340.91
10193.36,-10340.91 10113.2,-10411.15
10113.2,-10411.15 10016.56,-10474.25
8547.71,-10473.07 8538.07,-10483.16
9073.85,-10418.47 9190.19,-10434.25
9190.19,-10434.25 9309.23,-10439.59
9309.23,-10439.59 9428.19,-10434.39
9428.19,-10434.39 9544.33,-10418.78
9544.33,-10418.78 9654.95,-10393.12
8767.36,-10313.05 8859.92,-10357.18
8859.92,-10357.18 8962.89,-10392.59
8962.89,-10392.59 9073.85,-10418.47
9654.95,-10393.12 9757.49,-10358.02
9757.49,-10358.02 9849.54,-10314.29
9849.54,-10314.29 9928.94,-10262.95
9928.94,-10262.95 9972,-10224.66
7087.51,-8675.78 6980.49,-8733.26
7939.83,-8981.63 8522.66,-8737.76
7595.81,-9147.69 7572.31,-9165.03
7572.31,-9165.03 7002.35,-9585.73
8559.15,-8716.66 8522.86,-8737.61
6947.34,-9647.23 6911.05,-9668.18
6992.71,-9625.68 6978.94,-9633.69
6958.09,-9642.93 6947.54,-9647.14
6751.18,-8948.8 6711.84,-9027.44
8522.66,-8737.76 8522.86,-8737.61
6711.84,-9027.44 6692.66,-9102.19
6692.65,-9102.21 6689.19,-9151.97
6689.19,-9151.67 6692.63,-9102.58
6689.19,-9151.97 6689.19,-9151.67
6736.97,-9017.84 6736.78,-9050.29
6992.71,-9595.82 6992.71,-9625.68
8768.45,-9315.1 8790.74,-9255.79
7944.08,-9061.76 7943.01,-9049.65
8017.95,-9805.11 8018.5,-9824.15
8011.49,-9757.3 8013.17,-9794.45
8790.74,-9255.79 8802.91,-9191.23
7527.24,-9056.12 7529.08,-9072.72
7340.89,-8503.12 7340.8,-8502.68
8018.5,-9824.15 8018.6,-9824.59
8804.54,-9156.92 8804.54,-9157.18
8756.4,-9330.54 8756.34,-9365.16
8802.91,-9191.23 8804.54,-9156.92
8018.6,-9824.59 8031.89,-9853.21
8013.17,-9794.45 8017.95,-9805.11
7469.43,-8564.55 7461.48,-8547.42
7787.73,-9177.23 8004.5,-9739.17
8004.5,-9739.17 8011.49,-9757.3
6904.28,-9521.22 7002.35,-9585.73
7689.44,-8931.76 7469.43,-8564.55
7527.82,-9046.93 6736.97,-9017.84
6666.51,-9044.27 6678.87,-9045.04
6678.87,-9045.04 6693.63,-9046.38
6616.91,-9036.59 6666.48,-9044.26
8818.69,-9377.2 8868.27,-9384.87
6736.78,-9050.29 6708.78,-9048.54
6704.06,-9047.68 6693.63,-9046.38
8756.34,-9365.16 8788.43,-9370.13
8788.42,-9370.12 8788.43,-9370.12
7653.98,-9170.77 7694.87,-9178.45
8818.67,-9377.2 8818.69,-9377.2
8808.1,-9374.41 8818.67,-9377.2
7929.15,-9105.53 7963.5,-9114.88
7963.5,-9114.88 8739.4,-9325.92
8739.4,-9325.92 8756.4,-9330.54
8804.53,-9156.07 8804.54,-9156.31
8804.54,-9156.31 8804.54,-9156.92
6689.2,-9153.71 6689.19,-9152.7
6689.19,-9152.7 6689.19,-9152.4
6689.19,-9152.4 6689.19,-9151.97
8804.54,-9157.18 8804.54,-9157.91
8804.54,-9157.91 8804.53,-9158.15
8057.55,-8576.78 7909.47,-8556.51
7909.47,-8556.51 7759.51,-8547.55
7759.51,-8547.55 7611.25,-8550.2
7611.25,-8550.2 7467.78,-8564.71
7467.78,-8564.71 7331.73,-8591.08
7331.73,-8591.08 7204.78,-8628.35
7204.78,-8628.35 7087.51,-8675.78
8355.98,-8853.08 8278.65,-8803.47
8278.65,-8803.47 8189.5,-8761.23
8189.5,-8761.23 8090.62,-8727.28
8090.62,-8727.28 7984.24,-8702.34
7984.24,-8702.34 7872.78,-8686.93
7872.78,-8686.93 7758.75,-8681.39
7758.75,-8681.39 7644.73,-8685.81
7644.73,-8685.81 7533.29,-8700.07
7533.29,-8700.07 7426.9,-8723.85
7426.9,-8723.85 7327.99,-8756.6
7327.99,-8756.6 7238.83,-8797.57
8547.84,-8754.46 8448.61,-8698.24
8448.61,-8698.24 8332.47,-8649.14
8332.47,-8649.14 8200.12,-8607.94
8200.12,-8607.94 8057.55,-8576.78
7939.83,-8981.63 7907.65,-8961.22
7907.65,-8961.22 7869.46,-8945.09
7869.46,-8945.09 7826.84,-8933.8
7826.84,-8933.8 7781.48,-8927.7
7781.48,-8927.7 7735.21,-8926.99
7735.21,-8926.99 7689.87,-8931.66
7689.87,-8931.66 7647.3,-8941.48
7647.3,-8941.48 7609.2,-8956.02
7584.07,-9141.65 7616.51,-9158.34
7616.51,-9158.34 7653.98,-9170.77
8788.42,-9370.12 8795.1,-9371.42
8795.1,-9371.42 8808.1,-9374.41
7694.87,-9178.45 7737.41,-9181.11
7737.41,-9181.11 7779.78,-9178.68
7779.78,-9178.68 7820.28,-9171.29
7820.28,-9171.29 7857.27,-9159.25
7857.27,-9159.25 7889.03,-9143.15
8500.67,-9034.17 8468.29,-8969.75
8468.29,-8969.75 8419.68,-8908.92
8419.68,-8908.92 8355.98,-8853.08
7375.13,-9722.87 7517.24,-9746.82
7517.24,-9746.82 7663.67,-9758.93
7663.67,-9758.93 7811.51,-9758.99
7811.51,-9758.99 7957.82,-9747
7150.48,-9378.43 7225.91,-9427.41
7002.35,-9585.73 7115.07,-9641.54
7115.07,-9641.54 7240.17,-9687.56
7240.17,-9687.56 7375.13,-9722.87
7957.82,-9747 8099.67,-9723.21
8099.67,-9723.21 8234.28,-9688.1
8234.28,-9688.1 8358.95,-9642.37
8358.95,-9642.37 8471.2,-9586.91
7943.01,-9049.65 7933.99,-9024.91
7529.08,-9072.72 7539.33,-9098.04
7539.33,-9098.04 7557.97,-9121.31
7557.97,-9121.31 7584.07,-9141.65
8804.54,-9157.18 8803.64,-9131.68
8803.64,-9131.68 8788.11,-9048.38
8788.11,-9048.38 8753.76,-8967.25
8753.76,-8967.25 8701.41,-8890.06
8701.41,-8890.06 8632.27,-8818.6
8632.27,-8818.6 8547.84,-8754.46
8517.45,-9126.99 8516.1,-9100.65
8516.1,-9100.65 8500.67,-9034.17
7011.87,-9199.66 7042.16,-9263.22
7042.16,-9263.22 7088.74,-9323.28
7088.74,-9323.28 7150.48,-9378.43
8471.04,-9280.33 8502.83,-9213.99
8502.83,-9213.99 8516.78,-9145.78
8516.78,-9145.78 8517.45,-9127.36
6997.97,-9116.73 6998.6,-9134.21
6998.6,-9134.21 7011.87,-9199.66
7932.29,-9101.68 7942.2,-9077.9
7942.2,-9077.9 7944.08,-9061.7
7535.58,-9021.14 7527.82,-9046.93
7527.82,-9046.93 7527.24,-9056.11
8426.64,-9337.32 8471.04,-9280.33
7048.7,-8959.49 7015.79,-9022.41
7015.79,-9022.41 6999.65,-9087.48
6999.65,-9087.48 6997.97,-9116.43
7889.03,-9143.15 7914.32,-9123.72
7914.32,-9123.72 7932.29,-9101.68
6978.94,-9633.69 6972.13,-9636.88
6972.13,-9636.88 6958.09,-9642.93
7609.2,-8956.02 7577.08,-8974.68
7577.08,-8974.68 7552.22,-8996.69
7552.22,-8996.69 7535.58,-9021.14
7238.83,-8797.57 7161.46,-8845.8
7161.46,-8845.8 7097.61,-8900.19
7097.61,-8900.19 7048.7,-8959.49
6980.49,-8733.26 6887.08,-8799.33
6887.08,-8799.33 6810,-8871.93
6810,-8871.93 6751.18,-8948.8
6694.07,-9208.39 6689.2,-9153.71
6903.56,-9520.74 6822.89,-9449.9
6822.89,-9449.9 6760.31,-9373.23
6760.31,-9373.23 6717.08,-9292.21
6717.08,-9292.21 6694.07,-9208.39
8747.49,-9310.39 8710.12,-9377.63
8710.12,-9377.63 8648,-9453.58
8648,-9453.58 8567.83,-9523.81
8567.83,-9523.81 8471.2,-9586.91
7002.35,-9585.73 6992.71,-9595.82
7528.48,-9531.13 7644.83,-9546.91
7644.83,-9546.91 7763.87,-9552.25
7763.87,-9552.25 7882.83,-9547.05
7882.83,-9547.05 7998.96,-9531.44
7998.96,-9531.44 8109.59,-9505.79
7222,-9425.71 7314.55,-9469.84
7314.55,-9469.84 7417.53,-9505.25
7417.53,-9505.25 7528.48,-9531.13
8109.59,-9505.79 8212.13,-9470.68
8212.13,-9470.68 8304.18,-9426.95
8304.18,-9426.95 8383.58,-9375.61
8383.58,-9375.61 8426.64,-9337.32
8338.12,-14999.8 8794.94,-15263.54
8328.67,-14876.3 8328.67,-14983.44
8804.39,-15258.08 8804.39,-15124.31
8328.67,-14983.44 8338.12,-14999.8
8794.94,-15263.54 8804.39,-15258.08
6688.67,-13923.33 6688.67,-14030.44
7164.38,-14305.08 7164.38,-14197.97
6698.12,-14046.8 7154.94,-14310.54
6688.67,-14030.44 6698.12,-14046.8
7154.94,-14310.54 7164.38,-14305.08
11938.3,-9468.24 12818.09,-8960.29
12818.09,-8960.29 13425.18,-8609.79
11934.67,-9733.41 11934.67,-9477.4
11941.72,-14242.05 11941.72,-9737.92
12155.84,-10412.7 12155.84,-12303.98
12155.84,-14063.12 12155.84,-12308.17
12155.84,-12303.98 12155.84,-12308.17
12155.84,-10412.7 12155.84,-10390.51
12155.84,-10390.51 12156.44,-9861.88
14737.04,-15855.89 15068.94,-15855.89
12498.17,-12393.24 12498.17,-12301.05
12498.17,-12295.87 12498.17,-12301.05
12498.17,-12295.87 12502.41,-12293.71
11944.13,-14245.4 11984.79,-14268.88
14690.57,-15831.03 14731.23,-15854.5
14687.36,-15799 14663.47,-15785.21
12023.5,-14261.06 12064.14,-14284.52
12074.48,-14284.34 14653.73,-15773.44
12734.06,-12522.3 12734.06,-12430.25
12729.01,-12526.51 12734.06,-12522.3
15076.47,-11347.4 16564.85,-10488.03
12155.84,-14063.12 14515.84,-15425.63
14561.86,-15425.67 14687.36,-15498.13
16416.72,-11380.09 16416.98,-11379.98
14400.98,-14899.78 12271.96,-13670.62
13930.42,-13122.76 13930.42,-13220.13
16396.61,-11386.56 15208.95,-12071.39
15118.61,-12129.51 15181.2,-12093.46
16416.98,-11379.98 16477.46,-11345.06
14166.3,-13349.33 14166.3,-13257.14
13930.42,-13122.76 13934.65,-13120.6
12000.27,-14268.88 12013.82,-14261.06
14161.26,-13353.4 14165.59,-13350.89
16416.72,-12315.95 16416.98,-12315.84
14400.98,-13913.63 12271.96,-12684.48
16499.25,-15023.13 16485.7,-15015.3
14687.36,-15826.56 14687.36,-11323.08
15201.3,-13012.9 15208.94,-13007.24
16396.61,-12321.56 15208.95,-13007.25
15118.61,-13065.45 15181.2,-13029.32
16416.98,-12315.84 16477.46,-12280.92
14687.36,-13763.56 12159.94,-12304.39
12725.59,-12524.53 12729.01,-12526.51
14157.83,-13351.42 14161.26,-13353.4
12498.17,-12393.24 12725.59,-12524.53
13930.42,-13220.13 14157.83,-13351.42
12502.41,-12293.71 12731.64,-12426.06
13934.65,-13120.6 14163.88,-13252.95
14400.98,-13350.72 12271.96,-12121.56
15118.61,-11323.07 15118.61,-15826.56
15210.24,-15732.13 15210.24,-15350.35
15286.54,-15306.41 15286.54,-12026.65
15201.3,-13831.42 15208.94,-13825.77
15181.41,-13847.7 15181.2,-13847.85
16396.61,-13140.56 15208.95,-13825.78
15118.61,-13883.98 15181.2,-13847.85
16417.61,-13134.56 16476.55,-13099.99
15818.78,-14999.89 15818.78,-11719.74
16416.72,-13953.01 16416.98,-13952.9
12271.96,-11068.37 14400.98,-12297.53
15181.41,-14666.23 15181.2,-14666.38
16396.61,-13958.56 15208.61,-14644.56
15118.61,-14702.51 15181.2,-14666.38
16416.98,-13952.9 16476.33,-13918.64
14687.36,-11866.73 12160.55,-10407.87
16351.03,-14693.38 16351.03,-11412.84
16420.38,-14657.72 16420.38,-15030.11
16557.8,-10492.16 16557.8,-14996.3
16564.85,-10423.04 16564.85,-10488.03
16564.85,-10231.65 16564.85,-10423.04
15201.3,-15356.74 15208.97,-15351.08
15181.41,-15373.01 15181.2,-15373.16
16397.61,-14666.56 15208.95,-15351.09
15118.61,-15409.34 15181.2,-15373.16
16416.98,-14659.69 16476.13,-14625.54
16416.72,-14659.79 16416.98,-14659.69
11934.67,-9733.41 14729.51,-11347.41
16476.03,-15015.3 16435.38,-15038.77
15118.61,-15799 15198.14,-15753.09
15074.75,-15854.5 15115.4,-15831.03
16514.74,-15023.13 16555.39,-14999.65
14729.51,-11347.41 15076.47,-11347.4
13767.89,-8609.79 16561.22,-10222.49
13425.49,-8609.29 13767.89,-8609.79
16397.61,-14666.56 16416.72,-14659.79
15181.41,-15373.01 15191.05,-15364.89
15191.05,-15364.89 15201.3,-15356.74
16396.61,-13958.56 16416.72,-13953.01
15181.41,-14666.23 15208.61,-14644.56
15181.41,-13847.7 15191.05,-13839.58
15191.05,-13839.58 15201.3,-13831.42
16396.61,-13140.56 16417.61,-13134.56
15181.41,-13029.17 15191.05,-13021.05
15191.05,-13021.05 15201.3,-13012.9
16396.61,-12321.56 16400.36,-12320.46
16400.36,-12320.46 16408.61,-12318.07
16408.61,-12318.07 16416.72,-12315.95
15181.41,-12093.31 15191.05,-12085.19
15191.05,-12085.19 15201.3,-12077.04
16396.61,-11386.56 16400.36,-11384.6
16400.36,-11384.6 16408.61,-11382.21
16408.61,-11382.21 16416.72,-11380.09
15201.3,-12077.04 15208.95,-12071.39
16499.25,-15023.13 16508.59,-15025.24
16508.59,-15025.24 16514.74,-15023.13
16555.39,-14999.65 16557.8,-14996.3
16485.7,-15015.3 16476.03,-15015.3
16435.38,-15038.77 16423.29,-15031.79
16423.29,-15031.79 16420.38,-15030.11
16561.22,-10222.49 16564.85,-10231.65
11938.3,-9468.24 11934.67,-9477.4
14163.88,-13252.95 14166.3,-13257.14
12731.64,-12426.06 12734.06,-12430.25
11941.72,-14242.05 11944.13,-14245.4
11984.79,-14268.88 12000.27,-14268.88
12013.82,-14261.06 12023.5,-14261.06
12064.14,-14284.52 12074.48,-14284.34
14687.36,-15826.56 14690.57,-15831.03
14731.23,-15854.5 14737.04,-15855.89
15068.94,-15855.89 15074.75,-15854.5
15115.4,-15831.03 15118.61,-15826.56
15198.14,-15753.09 15210.24,-15732.13
14663.47,-15785.21 14653.73,-15773.44
14515.84,-15425.63 14561.86,-15425.67
14165.59,-13350.89 14166.3,-13349.33
14376.87,-9865.47 14269.85,-9922.95
15229.19,-10171.31 15812.02,-9927.44
14885.17,-10337.38 14861.67,-10354.71
14861.67,-10354.71 14291.71,-10775.42
15848.51,-9906.35 15812.22,-9927.3
14236.7,-10836.92 14200.41,-10857.87
14282.07,-10815.36 14268.3,-10823.38
14236.9,-10836.82 14236.7,-10836.92
14247.45,-10832.61 14236.9,-10836.82
14040.54,-10138.49 14001.2,-10217.13
15812.02,-9927.44 15812.22,-9927.3
14001.2,-10217.13 13982.02,-10291.87
13982.02,-10291.9 13978.55,-10341.66
13978.55,-10341.36 13981.99,-10292.26
13982.02,-10291.9 13982.02,-10291.87
13978.55,-10341.66 13978.55,-10341.36
14026.33,-10207.52 14026.14,-10239.98
14282.07,-10785.51 14282.07,-10815.36
16057.81,-10504.79 16080.1,-10445.48
15233.44,-10251.45 15232.38,-10239.33
15307.31,-10994.8 15307.87,-11013.84
15300.86,-10946.98 15302.53,-10984.14
16080.1,-10445.48 16092.27,-10380.92
14816.61,-10245.8 14818.44,-10262.41
15307.87,-11013.84 15307.96,-11014.28
16093.9,-10346.61 16093.9,-10346.86
16045.76,-10520.22 16045.7,-10554.85
16092.27,-10380.92 16093.9,-10346.61
15307.96,-11014.28 15321.25,-11042.9
15302.53,-10984.14 15307.31,-10994.8
14758.79,-9754.23 14750.84,-9737.1
15077.1,-10366.91 15293.86,-10928.85
15293.86,-10928.85 15300.86,-10946.98
14193.64,-10710.91 14291.71,-10775.42
14978.8,-10121.45 14758.79,-9754.23
14817.18,-10236.61 14026.33,-10207.52
13955.87,-10233.95 13968.23,-10234.72
13968.23,-10234.72 13982.99,-10236.07
13906.27,-10226.28 13955.84,-10233.95
16108.05,-10566.89 16157.63,-10574.56
14026.14,-10239.98 13998.14,-10238.23
13993.42,-10237.37 13982.99,-10236.07
16045.7,-10554.85 16077.79,-10559.81
14943.34,-10360.45 14984.23,-10368.14
16108.03,-10566.88 16108.05,-10566.89
16097.47,-10564.09 16108.03,-10566.88
15218.51,-10295.22 15252.86,-10304.56
15252.86,-10304.56 16028.77,-10515.6
16028.77,-10515.6 16045.76,-10520.22
16093.9,-10345.75 16093.9,-10346
16093.9,-10346 16093.9,-10346.61
13978.56,-10343.4 13978.56,-10342.39
13978.56,-10342.39 13978.55,-10342.08
13978.55,-10342.08 13978.55,-10341.66
16093.9,-10346.86 16093.9,-10347.59
16093.9,-10347.59 16093.9,-10347.84
15346.91,-9766.46 15198.83,-9746.2
15198.83,-9746.2 15048.87,-9737.24
15048.87,-9737.24 14900.61,-9739.89
14900.61,-9739.89 14757.14,-9754.4
14757.14,-9754.4 14621.1,-9780.77
14621.1,-9780.77 14494.14,-9818.04
14494.14,-9818.04 14376.87,-9865.47
15645.34,-10042.76 15568.01,-9993.16
15568.01,-9993.16 15478.86,-9950.92
15478.86,-9950.92 15379.98,-9916.96
15379.98,-9916.96 15273.61,-9892.02
15273.61,-9892.02 15162.14,-9876.62
15162.14,-9876.62 15048.11,-9871.08
15048.11,-9871.08 14934.09,-9875.5
14934.09,-9875.5 14822.65,-9889.76
14822.65,-9889.76 14716.27,-9913.53
14716.27,-9913.53 14617.35,-9946.29
14617.35,-9946.29 14528.19,-9987.25
15837.2,-9944.15 15737.98,-9887.92
15737.98,-9887.92 15621.84,-9838.82
15621.84,-9838.82 15489.48,-9797.63
15489.48,-9797.63 15346.91,-9766.46
15229.19,-10171.31 15197.01,-10150.91
15197.01,-10150.91 15158.83,-10134.78
15158.83,-10134.78 15116.2,-10123.48
15116.2,-10123.48 15070.84,-10117.39
15070.84,-10117.39 15024.57,-10116.68
15024.57,-10116.68 14979.23,-10121.35
14979.23,-10121.35 14936.66,-10131.17
14936.66,-10131.17 14898.56,-10145.71
14873.43,-10331.33 14905.87,-10348.02
14905.87,-10348.02 14943.34,-10360.45
16077.78,-10559.81 16084.46,-10561.1
16084.46,-10561.1 16097.47,-10564.09
14984.23,-10368.14 15026.77,-10370.8
15026.77,-10370.8 15069.14,-10368.36
15069.14,-10368.36 15109.64,-10360.97
15109.64,-10360.97 15146.63,-10348.93
15146.63,-10348.93 15178.39,-10332.84
15790.03,-10223.86 15757.65,-10159.44
15757.65,-10159.44 15709.04,-10098.61
15709.04,-10098.61 15645.34,-10042.76
14664.49,-10912.56 14806.6,-10936.5
14806.6,-10936.5 14953.03,-10948.62
14953.03,-10948.62 15100.87,-10948.67
15100.87,-10948.67 15247.18,-10936.68
14439.85,-10568.12 14515.27,-10617.1
14291.71,-10775.42 14404.43,-10831.23
14404.43,-10831.23 14529.53,-10877.24
14529.53,-10877.24 14664.49,-10912.56
15247.18,-10936.68 15389.04,-10912.9
15389.04,-10912.9 15523.64,-10877.79
15523.64,-10877.79 15648.31,-10832.05
15648.31,-10832.05 15760.56,-10776.6
15232.38,-10239.33 15223.35,-10214.59
14818.44,-10262.41 14828.69,-10287.72
14828.69,-10287.72 14847.33,-10311
14847.33,-10311 14873.43,-10331.33
16093.9,-10346.86 16093,-10321.36
16093,-10321.36 16077.47,-10238.07
16077.47,-10238.07 16043.12,-10156.93
16043.12,-10156.93 15990.77,-10079.74
15990.77,-10079.74 15921.63,-10008.29
15921.63,-10008.29 15837.2,-9944.15
15806.81,-10316.68 15805.46,-10290.33
15805.46,-10290.33 15790.03,-10223.86
14301.23,-10389.35 14331.53,-10452.9
14331.53,-10452.9 14378.11,-10512.96
14378.11,-10512.96 14439.85,-10568.12
15760.4,-10470.01 15792.19,-10403.68
15792.19,-10403.68 15806.14,-10335.46
15806.14,-10335.46 15806.81,-10317.04
14287.33,-10306.41 14287.96,-10323.89
14287.96,-10323.89 14301.23,-10389.35
15221.65,-10291.37 15231.56,-10267.59
15231.56,-10267.59 15233.44,-10251.39
14824.94,-10210.83 14817.18,-10236.61
14817.18,-10236.61 14816.61,-10245.8
15716,-10527 15760.4,-10470.01
14338.06,-10149.18 14305.15,-10212.1
14305.15,-10212.1 14289.01,-10277.16
14289.01,-10277.16 14287.33,-10306.12
15178.39,-10332.84 15203.68,-10313.41
15203.68,-10313.41 15221.65,-10291.37
14268.3,-10823.38 14261.5,-10826.56
14261.5,-10826.56 14247.45,-10832.61
14898.56,-10145.71 14866.44,-10164.37
14866.44,-10164.37 14841.58,-10186.38
14841.58,-10186.38 14824.94,-10210.83
14528.19,-9987.25 14450.82,-10035.49
14450.82,-10035.49 14386.97,-10089.87
14386.97,-10089.87 14338.06,-10149.18
14269.85,-9922.95 14176.44,-9989.02
14176.44,-9989.02 14099.36,-10061.61
14099.36,-10061.61 14040.54,-10138.49
13983.43,-10398.08 13978.56,-10343.4
14192.92,-10710.42 14112.25,-10639.59
14112.25,-10639.59 14049.67,-10562.91
14049.67,-10562.91 14006.44,-10481.9
14006.44,-10481.9 13983.43,-10398.08
16036.85,-10500.07 15999.49,-10567.31
15999.49,-10567.31 15937.36,-10643.26
15937.36,-10643.26 15857.2,-10713.5
15857.2,-10713.5 15760.56,-10776.6
14291.71,-10775.42 14282.07,-10785.51
14817.85,-10720.81 14934.19,-10736.6
14934.19,-10736.6 15053.23,-10741.94
15053.23,-10741.94 15172.19,-10736.74
15172.19,-10736.74 15288.33,-10721.13
15288.33,-10721.13 15398.95,-10695.47
14511.36,-10615.4 14603.92,-10659.53
14603.92,-10659.53 14706.89,-10694.93
14706.89,-10694.93 14817.85,-10720.81
15398.95,-10695.47 15501.49,-10660.37
15501.49,-10660.37 15593.54,-10616.63
15593.54,-10616.63 15672.94,-10565.3
15672.94,-10565.3 15716,-10527
12831.51,-8978.13 12724.49,-9035.61
13683.83,-9283.98 14266.66,-9040.1
13339.81,-9450.04 13316.31,-9467.38
13316.31,-9467.38 12746.35,-9888.08
14303.15,-9019.01 14266.86,-9039.96
12691.34,-9949.58 12655.05,-9970.53
12736.71,-9928.03 12722.94,-9936.04
12702.09,-9945.27 12691.54,-9949.49
12495.18,-9251.15 12455.84,-9329.79
14266.66,-9040.1 14266.86,-9039.96
12455.84,-9329.79 12436.66,-9404.53
12436.65,-9404.56 12433.19,-9454.32
12433.19,-9454.02 12436.63,-9404.93
12433.19,-9454.32 12433.19,-9454.02
12480.97,-9320.18 12480.78,-9352.64
12736.71,-9898.17 12736.71,-9928.03
14512.45,-9617.45 14534.74,-9558.14
13688.08,-9364.11 13687.01,-9351.99
13761.95,-10107.46 13762.5,-10126.5
13755.5,-10059.65 13757.17,-10096.8
14534.74,-9558.14 14546.91,-9493.58
13271.24,-9358.46 13273.08,-9375.07
13084.9,-8805.47 13084.8,-8805.03
13762.5,-10126.5 13762.6,-10126.94
14548.54,-9459.27 14548.54,-9459.53
14500.4,-9632.89 14500.34,-9667.51
14546.91,-9493.58 14548.54,-9459.27
13762.6,-10126.94 13775.89,-10155.56
13757.17,-10096.8 13761.95,-10107.46
13213.43,-8866.89 13205.48,-8849.77
13531.73,-9479.58 13748.5,-10041.52
13748.5,-10041.52 13755.5,-10059.65
12648.28,-9823.57 12746.35,-9888.08
13433.44,-9234.11 13213.43,-8866.89
13271.82,-9349.28 12480.97,-9320.18
12410.51,-9346.62 12422.87,-9347.39
12422.87,-9347.39 12437.63,-9348.73
12360.91,-9338.94 12410.48,-9346.61
14562.69,-9679.55 14612.27,-9687.22
12480.78,-9352.64 12452.78,-9350.89
12448.06,-9350.03 12437.63,-9348.73
14500.34,-9667.51 14532.43,-9672.47
14532.42,-9672.47 14532.43,-9672.47
13397.98,-9473.12 13438.87,-9480.8
14562.67,-9679.54 14562.69,-9679.55
14552.1,-9676.76 14562.67,-9679.54
13673.15,-9407.88 13707.5,-9417.22
13707.5,-9417.22 14483.4,-9628.26
14483.4,-9628.26 14500.4,-9632.89
14548.53,-9458.42 14548.54,-9458.66
14548.54,-9458.66 14548.54,-9459.27
12433.2,-9456.06 12433.19,-9455.05
12433.19,-9455.05 12433.19,-9454.74
12433.19,-9454.74 12433.19,-9454.32
14548.54,-9459.53 14548.54,-9460.26
14548.54,-9460.26 14548.53,-9460.5
13801.55,-8879.12 13653.47,-8858.86
13653.47,-8858.86 13503.51,-8849.9
13503.51,-8849.9 13355.25,-8852.55
13355.25,-8852.55 13211.78,-8867.06
13211.78,-8867.06 13075.73,-8893.43
13075.73,-8893.43 12948.78,-8930.7
12948.78,-8930.7 12831.51,-8978.13
14099.98,-9155.42 14022.65,-9105.82
14022.65,-9105.82 13933.5,-9063.58
13933.5,-9063.58 13834.62,-9029.63
13834.62,-9029.63 13728.25,-9004.69
13728.25,-9004.69 13616.78,-8989.28
13616.78,-8989.28 13502.75,-8983.74
13502.75,-8983.74 13388.73,-8988.16
13388.73,-8988.16 13277.29,-9002.42
13277.29,-9002.42 13170.9,-9026.2
13170.9,-9026.2 13071.99,-9058.95
13071.99,-9058.95 12982.83,-9099.92
14291.84,-9056.81 14192.61,-9000.59
14192.61,-9000.59 14076.47,-8951.49
14076.47,-8951.49 13944.12,-8910.29
13944.12,-8910.29 13801.55,-8879.12
13683.83,-9283.98 13651.65,-9263.57
13651.65,-9263.57 13613.46,-9247.44
13613.46,-9247.44 13570.84,-9236.14
13570.84,-9236.14 13525.48,-9230.05
13525.48,-9230.05 13479.21,-9229.34
13479.21,-9229.34 13433.87,-9234.01
13433.87,-9234.01 13391.3,-9243.83
13391.3,-9243.83 13353.2,-9258.37
13328.07,-9444 13360.51,-9460.69
13360.51,-9460.69 13397.98,-9473.12
14532.42,-9672.47 14539.1,-9673.76
14539.1,-9673.76 14552.1,-9676.76
13438.87,-9480.8 13481.41,-9483.46
13481.41,-9483.46 13523.78,-9481.03
13523.78,-9481.03 13564.28,-9473.64
13564.28,-9473.64 13601.27,-9461.59
13601.27,-9461.59 13633.03,-9445.5
14244.67,-9336.52 14212.29,-9272.1
14212.29,-9272.1 14163.68,-9211.27
14163.68,-9211.27 14099.98,-9155.42
13119.13,-10025.22 13261.24,-10049.17
13261.24,-10049.17 13407.67,-10061.28
13407.67,-10061.28 13555.51,-10061.33
13555.51,-10061.33 13701.82,-10049.35
12894.48,-9680.78 12969.91,-9729.76
12746.35,-9888.08 12859.07,-9943.89
12859.07,-9943.89 12984.17,-9989.91
12984.17,-9989.91 13119.13,-10025.22
13701.82,-10049.35 13843.67,-10025.56
13843.67,-10025.56 13978.28,-9990.45
13978.28,-9990.45 14102.95,-9944.71
14102.95,-9944.71 14215.2,-9889.26
13687.01,-9351.99 13677.99,-9327.26
13273.08,-9375.07 13283.33,-9400.39
13283.33,-9400.39 13301.97,-9423.66
13301.97,-9423.66 13328.07,-9444
14548.54,-9459.53 14547.64,-9434.03
14547.64,-9434.03 14532.11,-9350.73
14532.11,-9350.73 14497.76,-9269.59
14497.76,-9269.59 14445.41,-9192.41
14445.41,-9192.41 14376.27,-9120.95
14376.27,-9120.95 14291.84,-9056.81
14261.45,-9429.34 14260.1,-9403
14260.1,-9403 14244.67,-9336.52
12755.87,-9502.01 12786.16,-9565.56
12786.16,-9565.56 12832.74,-9625.63
12832.74,-9625.63 12894.48,-9680.78
14215.04,-9582.68 14246.83,-9516.34
14246.83,-9516.34 14260.78,-9448.12
14260.78,-9448.12 14261.45,-9429.71
12741.97,-9419.08 12742.6,-9436.55
12742.6,-9436.55 12755.87,-9502.01
13676.29,-9404.03 13686.2,-9380.25
13686.2,-9380.25 13688.08,-9364.05
13279.58,-9323.49 13271.82,-9349.28
13271.82,-9349.28 13271.24,-9358.46
14170.64,-9639.67 14215.04,-9582.68
12792.7,-9261.84 12759.79,-9324.76
12759.79,-9324.76 12743.65,-9389.82
12743.65,-9389.82 12741.97,-9418.78
13633.03,-9445.5 13658.32,-9426.07
13658.32,-9426.07 13676.29,-9404.03
12722.94,-9936.04 12716.13,-9939.23
12716.13,-9939.23 12702.09,-9945.27
13353.2,-9258.37 13321.08,-9277.03
13321.08,-9277.03 13296.22,-9299.04
13296.22,-9299.04 13279.58,-9323.49
12982.83,-9099.92 12905.46,-9148.15
12905.46,-9148.15 12841.61,-9202.53
12841.61,-9202.53 12792.7,-9261.84
12724.49,-9035.61 12631.08,-9101.68
12631.08,-9101.68 12554,-9174.28
12554,-9174.28 12495.18,-9251.15
12438.07,-9510.74 12433.2,-9456.06
12647.56,-9823.09 12566.89,-9752.25
12566.89,-9752.25 12504.31,-9675.58
12504.31,-9675.58 12461.08,-9594.56
12461.08,-9594.56 12438.07,-9510.74
14491.49,-9612.73 14454.12,-9679.98
14454.12,-9679.98 14392,-9755.93
14392,-9755.93 14311.83,-9826.16
14311.83,-9826.16 14215.2,-9889.26
12746.35,-9888.08 12736.71,-9898.17
13272.48,-9833.48 13388.83,-9849.26
13388.83,-9849.26 13507.87,-9854.6
13507.87,-9854.6 13626.83,-9849.4
13626.83,-9849.4 13742.96,-9833.79
13742.96,-9833.79 13853.59,-9808.14
12966,-9728.06 13058.56,-9772.19
13058.56,-9772.19 13161.53,-9807.6
13161.53,-9807.6 13272.48,-9833.48
13853.59,-9808.14 13956.13,-9773.03
13956.13,-9773.03 14048.18,-9729.3
14048.18,-9729.3 14127.58,-9677.96
14127.58,-9677.96 14170.64,-9639.67
14082.12,-15302.15 14538.94,-15565.89
14072.67,-15178.64 14072.67,-15285.79
14548.39,-15560.43 14548.39,-15426.66
14072.67,-15285.79 14082.12,-15302.15
14538.94,-15565.89 14548.39,-15560.43
12432.67,-14225.68 12432.67,-14332.79
12908.39,-14607.43 12908.39,-14500.32
12442.12,-14349.15 12898.94,-14612.89
12432.67,-14332.79 12442.12,-14349.15
12898.94,-14612.89 12908.39,-14607.43
14310.53,-15434.02 14310.53,-17168.88
17726.3,-10083.24 18606.09,-9575.29
18606.09,-9575.29 19213.18,-9224.79
17722.67,-10348.41 17722.67,-10092.4
17729.72,-14857.05 17729.72,-10352.92
17943.84,-11027.7 17943.84,-12918.98
17943.84,-14678.12 17943.84,-12923.17
17943.84,-12918.98 17943.84,-12923.17
17943.84,-11027.7 17943.84,-11005.51
17943.84,-11005.51 17944.44,-10476.88
20525.04,-16470.89 20856.94,-16470.89
18286.17,-13008.24 18286.17,-12916.05
18286.17,-12910.87 18286.17,-12916.05
18286.17,-12910.87 18290.41,-12908.71
17732.13,-14860.4 17772.79,-14883.88
20478.57,-16446.03 20519.23,-16469.5
20475.36,-16414 20451.47,-16400.21
17811.5,-14876.06 17852.14,-14899.52
17862.48,-14899.34 20441.73,-16388.44
18522.06,-13137.3 18522.06,-13045.25
18517.01,-13141.51 18522.06,-13137.3
20864.47,-11962.4 22352.85,-11103.03
17943.84,-14678.12 20303.84,-16040.63
20349.86,-16040.67 20475.36,-16113.13
22204.72,-11995.09 22204.98,-11994.98
20188.98,-15514.78 18059.96,-14285.62
19718.42,-13737.76 19718.42,-13835.13
22184.61,-12001.56 20996.95,-12686.39
20906.61,-12744.51 20969.2,-12708.46
22204.98,-11994.98 22265.46,-11960.06
19954.3,-13964.33 19954.3,-13872.14
19718.42,-13737.76 19722.65,-13735.6
17788.27,-14883.88 17801.82,-14876.06
19949.26,-13968.4 19953.59,-13965.89
22204.72,-12930.95 22204.98,-12930.84
20188.98,-14528.63 18059.96,-13299.47
22287.25,-15638.13 22273.7,-15630.3
20475.36,-16441.56 20475.36,-11938.08
20989.3,-13627.9 20996.94,-13622.24
22184.61,-12936.56 20996.95,-13622.25
20906.61,-13680.45 20969.2,-13644.32
22204.98,-12930.84 22265.46,-12895.92
20475.36,-14378.56 17947.94,-12919.38
18513.59,-13139.53 18517.01,-13141.51
19945.83,-13966.42 19949.26,-13968.4
18286.17,-13008.24 18513.59,-13139.53
19718.42,-13835.13 19945.83,-13966.42
18290.41,-12908.71 18519.64,-13041.06
19722.65,-13735.6 19951.88,-13867.95
20188.98,-13965.72 18059.96,-12736.56
20906.61,-11938.07 20906.61,-16441.56
20998.24,-16347.13 20998.24,-15965.34
21074.54,-15921.41 21074.54,-12641.65
20989.3,-14446.42 20996.94,-14440.77
20969.41,-14462.7 20969.2,-14462.85
22184.61,-13755.56 20996.95,-14440.78
20906.61,-14498.98 20969.2,-14462.85
22205.61,-13749.56 22264.55,-13714.99
21606.78,-15614.89 21606.78,-12334.74
22204.72,-14568.01 22204.98,-14567.9
18059.96,-11683.37 20188.98,-12912.53
20969.41,-15281.23 20969.2,-15281.38
22184.61,-14573.56 20996.61,-15259.56
20906.61,-15317.51 20969.2,-15281.38
22204.98,-14567.9 22264.33,-14533.64
20475.36,-12481.73 17948.55,-11022.87
22139.03,-15308.38 22139.03,-12027.84
22208.38,-15272.72 22208.38,-15645.11
22345.8,-11107.16 22345.8,-15611.3
22352.85,-11038.04 22352.85,-11103.03
22352.85,-10846.65 22352.85,-11038.04
20989.3,-15971.74 20996.97,-15966.08
20969.41,-15988.01 20969.2,-15988.16
22185.61,-15281.56 20996.95,-15966.09
20906.61,-16024.34 20969.2,-15988.16
22204.98,-15274.69 22264.13,-15240.54
22204.72,-15274.79 22204.98,-15274.69
17722.67,-10348.41 20517.51,-11962.4
22264.03,-15630.3 22223.38,-15653.77
20906.61,-16414 20986.14,-16368.09
20862.75,-16469.5 20903.4,-16446.03
22302.74,-15638.13 22343.39,-15614.65
20517.51,-11962.4 20864.47,-11962.4
19555.89,-9224.79 22349.22,-10837.49
19213.49,-9224.29 19555.89,-9224.79
22185.61,-15281.56 22204.72,-15274.79
20969.41,-15988.01 20979.05,-15979.89
20979.05,-15979.89 20989.3,-15971.74
22184.61,-14573.56 22204.72,-14568.01
20969.41,-15281.23 20996.61,-15259.56
20969.41,-14462.7 20979.05,-14454.58
20979.05,-14454.58 20989.3,-14446.42
22184.61,-13755.56 22205.61,-13749.56
20969.41,-13644.17 20979.05,-13636.05
20979.05,-13636.05 20989.3,-13627.9
22184.61,-12936.56 22188.36,-12935.46
22188.36,-12935.46 22196.61,-12933.07
22196.61,-12933.07 22204.72,-12930.95
20969.41,-12708.31 20979.05,-12700.19
20979.05,-12700.19 20989.3,-12692.04
22184.61,-12001.56 22188.36,-11999.6
22188.36,-11999.6 22196.61,-11997.21
22196.61,-11997.21 22204.72,-11995.09
20989.3,-12692.04 20996.95,-12686.39
22287.25,-15638.13 22296.59,-15640.24
22296.59,-15640.24 22302.74,-15638.13
22343.39,-15614.65 22345.8,-15611.3
22273.7,-15630.3 22264.03,-15630.3
22223.38,-15653.77 22211.29,-15646.79
22211.29,-15646.79 22208.38,-15645.11
22349.22,-10837.49 22352.85,-10846.65
17726.3,-10083.24 17722.67,-10092.4
19951.88,-13867.95 19954.3,-13872.14
18519.64,-13041.06 18522.06,-13045.25
17729.72,-14857.05 17732.13,-14860.4
17772.79,-14883.88 17788.27,-14883.88
17801.82,-14876.06 17811.5,-14876.06
17852.14,-14899.52 17862.48,-14899.34
20475.36,-16441.56 20478.57,-16446.03
20519.23,-16469.5 20525.04,-16470.89
20856.94,-16470.89 20862.75,-16469.5
20903.4,-16446.03 20906.61,-16441.56
20986.14,-16368.09 20998.24,-16347.13
20451.47,-16400.21 20441.73,-16388.44
20303.84,-16040.63 20349.86,-16040.67
19953.59,-13965.89 19954.3,-13964.33
20164.87,-10480.47 20057.85,-10537.95
21017.19,-10786.31 21600.02,-10542.44
20673.17,-10952.38 20649.67,-10969.71
20649.67,-10969.71 20079.71,-11390.42
21636.51,-10521.35 21600.22,-10542.3
20024.7,-11451.92 19988.41,-11472.87
20070.07,-11430.36 20056.3,-11438.38
20024.9,-11451.82 20024.7,-11451.92
20035.45,-11447.61 20024.9,-11451.82
19828.54,-10753.49 19789.2,-10832.13
21600.02,-10542.44 21600.22,-10542.3
19789.2,-10832.13 19770.02,-10906.87
19770.02,-10906.9 19766.55,-10956.66
19766.55,-10956.36 19769.99,-10907.26
19770.02,-10906.9 19770.02,-10906.87
19766.55,-10956.66 19766.55,-10956.36
19814.33,-10822.52 19814.14,-10854.98
20070.07,-11400.5 20070.07,-11430.36
21845.81,-11119.79 21868.1,-11060.48
21021.44,-10866.45 21020.37,-10854.33
21095.31,-11609.8 21095.87,-11628.84
21088.86,-11561.98 21090.53,-11599.14
21868.1,-11060.48 21880.27,-10995.92
20604.61,-10860.8 20606.44,-10877.41
21095.87,-11628.84 21095.96,-11629.28
21881.9,-10961.61 21881.9,-10961.86
21833.76,-11135.22 21833.7,-11169.85
21880.27,-10995.92 21881.9,-10961.61
21095.96,-11629.28 21109.25,-11657.9
21090.53,-11599.14 21095.31,-11609.8
20546.79,-10369.23 20538.84,-10352.1
20865.1,-10981.91 21081.86,-11543.85
21081.86,-11543.85 21088.86,-11561.98
19981.64,-11325.91 20079.71,-11390.42
20766.8,-10736.45 20546.79,-10369.23
20605.18,-10851.61 19814.33,-10822.52
19743.87,-10848.95 19756.23,-10849.72
19756.23,-10849.72 19770.99,-10851.06
19694.27,-10841.28 19743.84,-10848.95
21896.05,-11181.89 21945.63,-11189.56
19814.14,-10854.98 19786.14,-10853.23
19781.42,-10852.37 19770.99,-10851.06
21833.7,-11169.85 21865.79,-11174.81
20731.34,-10975.45 20772.23,-10983.14
21896.03,-11181.88 21896.05,-11181.89
21885.47,-11179.09 21896.03,-11181.88
21006.51,-10910.22 21040.86,-10919.56
21040.86,-10919.56 21816.77,-11130.6
21816.77,-11130.6 21833.76,-11135.22
21881.9,-10960.75 21881.9,-10961
21881.9,-10961 21881.9,-10961.61
19766.56,-10958.4 19766.56,-10957.39
19766.56,-10957.39 19766.55,-10957.08
19766.55,-10957.08 19766.55,-10956.66
21881.9,-10961.86 21881.9,-10962.59
21881.9,-10962.59 21881.9,-10962.84
21134.91,-10381.46 20986.83,-10361.2
20986.83,-10361.2 20836.87,-10352.24
20836.87,-10352.24 20688.61,-10354.89
20688.61,-10354.89 20545.14,-10369.4
20545.14,-10369.4 20409.1,-10395.77
20409.1,-10395.77 20282.14,-10433.04
20282.14,-10433.04 20164.87,-10480.47
21433.34,-10657.76 21356.01,-10608.16
21356.01,-10608.16 21266.86,-10565.92
21266.86,-10565.92 21167.98,-10531.96
21167.98,-10531.96 21061.61,-10507.02
21061.61,-10507.02 20950.14,-10491.62
20950.14,-10491.62 20836.11,-10486.08
20836.11,-10486.08 20722.09,-10490.5
20722.09,-10490.5 20610.65,-10504.76
20610.65,-10504.76 20504.26,-10528.53
20504.26,-10528.53 20405.35,-10561.29
20405.35,-10561.29 20316.19,-10602.25
21625.2,-10559.15 21525.98,-10502.92
21525.98,-10502.92 21409.84,-10453.82
21409.84,-10453.82 21277.48,-10412.63
21277.48,-10412.63 21134.91,-10381.46
21017.19,-10786.31 20985.01,-10765.91
20985.01,-10765.91 20946.83,-10749.78
20946.83,-10749.78 20904.2,-10738.48
20904.2,-10738.48 20858.84,-10732.39
20858.84,-10732.39 20812.57,-10731.68
20812.57,-10731.68 20767.23,-10736.35
20767.23,-10736.35 20724.66,-10746.17
20724.66,-10746.17 20686.56,-10760.71
20661.43,-10946.33 20693.87,-10963.02
20693.87,-10963.02 20731.34,-10975.45
21865.78,-11174.81 21872.46,-11176.1
21872.46,-11176.1 21885.47,-11179.09
20772.23,-10983.14 20814.77,-10985.8
20814.77,-10985.8 20857.14,-10983.36
20857.14,-10983.36 20897.64,-10975.97
20897.64,-10975.97 20934.63,-10963.93
20934.63,-10963.93 20966.39,-10947.84
21578.03,-10838.85 21545.65,-10774.44
21545.65,-10774.44 21497.04,-10713.61
21497.04,-10713.61 21433.34,-10657.76
20452.49,-11527.56 20594.6,-11551.5
20594.6,-11551.5 20741.03,-11563.62
20741.03,-11563.62 20888.87,-11563.67
20888.87,-11563.67 21035.18,-11551.68
20227.85,-11183.12 20303.27,-11232.1
20079.71,-11390.42 20192.43,-11446.23
20192.43,-11446.23 20317.53,-11492.24
20317.53,-11492.24 20452.49,-11527.56
21035.18,-11551.68 21177.04,-11527.9
21177.04,-11527.9 21311.64,-11492.79
21311.64,-11492.79 21436.31,-11447.05
21436.31,-11447.05 21548.56,-11391.6
21020.37,-10854.33 21011.35,-10829.59
20606.44,-10877.41 20616.69,-10902.72
20616.69,-10902.72 20635.33,-10926
20635.33,-10926 20661.43,-10946.33
21881.9,-10961.86 21881,-10936.36
21881,-10936.36 21865.47,-10853.07
21865.47,-10853.07 21831.12,-10771.93
21831.12,-10771.93 21778.77,-10694.74
21778.77,-10694.74 21709.63,-10623.29
21709.63,-10623.29 21625.2,-10559.15
21594.81,-10931.68 21593.46,-10905.33
21593.46,-10905.33 21578.03,-10838.85
20089.23,-11004.35 20119.53,-11067.9
20119.53,-11067.9 20166.11,-11127.96
20166.11,-11127.96 20227.85,-11183.12
21548.4,-11085.01 21580.19,-11018.68
21580.19,-11018.68 21594.14,-10950.46
21594.14,-10950.46 21594.81,-10932.04
20075.33,-10921.41 20075.96,-10938.89
20075.96,-10938.89 20089.23,-11004.35
21009.65,-10906.37 21019.56,-10882.59
21019.56,-10882.59 21021.44,-10866.39
20612.94,-10825.83 20605.18,-10851.61
20605.18,-10851.61 20604.61,-10860.8
21504,-11142 21548.4,-11085.01
20126.06,-10764.18 20093.15,-10827.1
20093.15,-10827.1 20077.01,-10892.16
20077.01,-10892.16 20075.33,-10921.12
20966.39,-10947.84 20991.68,-10928.41
20991.68,-10928.41 21009.65,-10906.37
20056.3,-11438.38 20049.5,-11441.56
20049.5,-11441.56 20035.45,-11447.61
20686.56,-10760.71 20654.44,-10779.37
20654.44,-10779.37 20629.58,-10801.38
20629.58,-10801.38 20612.94,-10825.83
20316.19,-10602.25 20238.82,-10650.49
20238.82,-10650.49 20174.97,-10704.87
20174.97,-10704.87 20126.06,-10764.18
20057.85,-10537.95 19964.44,-10604.02
19964.44,-10604.02 19887.36,-10676.61
19887.36,-10676.61 19828.54,-10753.49
19771.43,-11013.08 19766.56,-10958.4
19980.92,-11325.42 19900.25,-11254.59
19900.25,-11254.59 19837.67,-11177.91
19837.67,-11177.91 19794.44,-11096.9
19794.44,-11096.9 19771.43,-11013.08
21824.85,-11115.07 21787.49,-11182.31
21787.49,-11182.31 21725.36,-11258.26
21725.36,-11258.26 21645.2,-11328.5
21645.2,-11328.5 21548.56,-11391.6
20079.71,-11390.42 20070.07,-11400.5
20605.85,-11335.81 20722.19,-11351.6
20722.19,-11351.6 20841.23,-11356.94
20841.23,-11356.94 20960.19,-11351.74
20960.19,-11351.74 21076.33,-11336.13
21076.33,-11336.13 21186.95,-11310.47
20299.36,-11230.4 20391.92,-11274.53
20391.92,-11274.53 20494.89,-11309.93
20494.89,-11309.93 20605.85,-11335.81
21186.95,-11310.47 21289.49,-11275.37
21289.49,-11275.37 21381.54,-11231.63
21381.54,-11231.63 21460.94,-11180.3
21460.94,-11180.3 21504,-11142
18619.51,-9593.13 18512.49,-9650.61
19471.83,-9898.98 20054.66,-9655.1
19127.81,-10065.04 19104.31,-10082.38
19104.31,-10082.38 18534.35,-10503.08
20091.15,-9634.01 20054.86,-9654.96
18479.34,-10564.58 18443.05,-10585.53
18524.71,-10543.03 18510.94,-10551.04
18490.09,-10560.27 18479.54,-10564.49
18283.18,-9866.15 18243.84,-9944.79
20054.66,-9655.1 20054.86,-9654.96
18243.84,-9944.79 18224.66,-10019.53
18224.65,-10019.56 18221.19,-10069.32
18221.19,-10069.02 18224.63,-10019.93
18221.19,-10069.32 18221.19,-10069.02
18268.97,-9935.18 18268.78,-9967.64
18524.71,-10513.17 18524.71,-10543.03
20300.45,-10232.45 20322.74,-10173.14
19476.08,-9979.11 19475.01,-9966.99
19549.95,-10722.46 19550.5,-10741.5
19543.49,-10674.65 19545.17,-10711.8
20322.74,-10173.14 20334.91,-10108.58
19059.24,-9973.46 19061.08,-9990.07
18872.89,-9420.47 18872.8,-9420.03
19550.5,-10741.5 19550.6,-10741.94
20336.54,-10074.27 20336.54,-10074.53
20288.4,-10247.89 20288.34,-10282.51
20334.91,-10108.58 20336.54,-10074.27
19550.6,-10741.94 19563.89,-10770.56
19545.17,-10711.8 19549.95,-10722.46
19001.43,-9481.89 18993.48,-9464.77
19319.73,-10094.58 19536.5,-10656.52
19536.5,-10656.52 19543.49,-10674.65
18436.28,-10438.57 18534.35,-10503.08
19221.44,-9849.11 19001.43,-9481.89
19059.82,-9964.28 18268.97,-9935.18
18198.51,-9961.61 18210.87,-9962.39
18210.87,-9962.39 18225.63,-9963.73
18148.91,-9953.94 18198.48,-9961.61
20350.69,-10294.55 20400.27,-10302.22
18268.78,-9967.64 18240.78,-9965.89
18236.06,-9965.03 18225.63,-9963.73
20288.34,-10282.51 20320.43,-10287.47
20320.42,-10287.47 20320.43,-10287.47
19185.98,-10088.12 19226.87,-10095.8
20350.67,-10294.54 20350.69,-10294.55
20340.1,-10291.76 20350.67,-10294.54
19461.15,-10022.88 19495.5,-10032.22
19495.5,-10032.22 20271.4,-10243.26
20271.4,-10243.26 20288.4,-10247.89
20336.53,-10073.42 20336.54,-10073.66
20336.54,-10073.66 20336.54,-10074.27
18221.2,-10071.06 18221.19,-10070.05
18221.19,-10070.05 18221.19,-10069.74
18221.19,-10069.74 18221.19,-10069.32
20336.54,-10074.53 20336.54,-10075.26
20336.54,-10075.26 20336.53,-10075.5
19589.55,-9494.12 19441.47,-9473.86
19441.47,-9473.86 19291.51,-9464.9
19291.51,-9464.9 19143.25,-9467.55
19143.25,-9467.55 18999.78,-9482.06
18999.78,-9482.06 18863.73,-9508.43
18863.73,-9508.43 18736.78,-9545.7
18736.78,-9545.7 18619.51,-9593.13
19887.98,-9770.42 19810.65,-9720.82
19810.65,-9720.82 19721.5,-9678.58
19721.5,-9678.58 19622.62,-9644.63
19622.62,-9644.63 19516.24,-9619.69
19516.24,-9619.69 19404.78,-9604.28
19404.78,-9604.28 19290.75,-9598.74
19290.75,-9598.74 19176.73,-9603.16
19176.73,-9603.16 19065.29,-9617.42
19065.29,-9617.42 18958.9,-9641.2
18958.9,-9641.2 18859.99,-9673.95
18859.99,-9673.95 18770.83,-9714.92
20079.84,-9671.81 19980.61,-9615.59
19980.61,-9615.59 19864.47,-9566.49
19864.47,-9566.49 19732.12,-9525.29
19732.12,-9525.29 19589.55,-9494.12
19471.83,-9898.98 19439.65,-9878.57
19439.65,-9878.57 19401.46,-9862.44
19401.46,-9862.44 19358.84,-9851.14
19358.84,-9851.14 19313.48,-9845.05
19313.48,-9845.05 19267.21,-9844.34
19267.21,-9844.34 19221.87,-9849.01
19221.87,-9849.01 19179.3,-9858.83
19179.3,-9858.83 19141.2,-9873.37
19116.07,-10059 19148.51,-10075.69
19148.51,-10075.69 19185.98,-10088.12
20320.42,-10287.47 20327.1,-10288.76
20327.1,-10288.76 20340.1,-10291.76
19226.87,-10095.8 19269.41,-10098.46
19269.41,-10098.46 19311.78,-10096.03
19311.78,-10096.03 19352.28,-10088.64
19352.28,-10088.64 19389.27,-10076.59
19389.27,-10076.59 19421.03,-10060.5
20032.67,-9951.52 20000.29,-9887.1
20000.29,-9887.1 19951.68,-9826.27
19951.68,-9826.27 19887.98,-9770.42
18907.13,-10640.22 19049.24,-10664.17
19049.24,-10664.17 19195.67,-10676.28
19195.67,-10676.28 19343.51,-10676.33
19343.51,-10676.33 19489.82,-10664.35
18682.48,-10295.78 18757.91,-10344.76
18534.35,-10503.08 18647.07,-10558.89
18647.07,-10558.89 18772.17,-10604.91
18772.17,-10604.91 18907.13,-10640.22
19489.82,-10664.35 19631.67,-10640.56
19631.67,-10640.56 19766.28,-10605.45
19766.28,-10605.45 19890.95,-10559.71
19890.95,-10559.71 20003.2,-10504.26
19475.01,-9966.99 19465.99,-9942.26
19061.08,-9990.07 19071.33,-10015.39
19071.33,-10015.39 19089.97,-10038.66
19089.97,-10038.66 19116.07,-10059
20336.54,-10074.53 20335.64,-10049.03
20335.64,-10049.03 20320.11,-9965.73
20320.11,-9965.73 20285.76,-9884.59
20285.76,-9884.59 20233.41,-9807.41
20233.41,-9807.41 20164.27,-9735.95
20164.27,-9735.95 20079.84,-9671.81
20049.45,-10044.34 20048.1,-10018
20048.1,-10018 20032.67,-9951.52
18543.87,-10117.01 18574.16,-10180.56
18574.16,-10180.56 18620.74,-10240.63
18620.74,-10240.63 18682.48,-10295.78
20003.04,-10197.68 20034.83,-10131.34
20034.83,-10131.34 20048.78,-10063.12
20048.78,-10063.12 20049.45,-10044.71
18529.97,-10034.08 18530.6,-10051.55
18530.6,-10051.55 18543.87,-10117.01
19464.29,-10019.03 19474.2,-9995.25
19474.2,-9995.25 19476.08,-9979.05
19067.58,-9938.49 19059.82,-9964.28
19059.82,-9964.28 19059.24,-9973.46
19958.64,-10254.67 20003.04,-10197.68
18580.7,-9876.84 18547.79,-9939.76
18547.79,-9939.76 18531.65,-10004.82
18531.65,-10004.82 18529.97,-10033.78
19421.03,-10060.5 19446.32,-10041.07
19446.32,-10041.07 19464.29,-10019.03
18510.94,-10551.04 18504.13,-10554.23
18504.13,-10554.23 18490.09,-10560.27
19141.2,-9873.37 19109.08,-9892.03
19109.08,-9892.03 19084.22,-9914.04
19084.22,-9914.04 19067.58,-9938.49
18770.83,-9714.92 18693.46,-9763.15
18693.46,-9763.15 18629.61,-9817.53
18629.61,-9817.53 18580.7,-9876.84
18512.49,-9650.61 18419.08,-9716.68
18419.08,-9716.68 18342,-9789.28
18342,-9789.28 18283.18,-9866.15
18226.07,-10125.74 18221.2,-10071.06
18435.56,-10438.09 18354.89,-10367.25
18354.89,-10367.25 18292.31,-10290.58
18292.31,-10290.58 18249.08,-10209.56
18249.08,-10209.56 18226.07,-10125.74
20279.49,-10227.73 20242.12,-10294.98
20242.12,-10294.98 20180,-10370.93
20180,-10370.93 20099.83,-10441.16
20099.83,-10441.16 20003.2,-10504.26
18534.35,-10503.08 18524.71,-10513.17
19060.48,-10448.48 19176.83,-10464.26
19176.83,-10464.26 19295.87,-10469.6
19295.87,-10469.6 19414.83,-10464.4
19414.83,-10464.4 19530.96,-10448.79
19530.96,-10448.79 19641.59,-10423.14
18754,-10343.06 18846.55,-10387.19
18846.55,-10387.19 18949.53,-10422.6
18949.53,-10422.6 19060.48,-10448.48
19641.59,-10423.14 19744.13,-10388.03
19744.13,-10388.03 19836.18,-10344.3
19836.18,-10344.3 19915.58,-10292.96
19915.58,-10292.96 19958.64,-10254.67
19870.12,-15917.15 20326.94,-16180.89
19860.67,-15793.64 19860.67,-15900.79
20336.38,-16175.43 20336.38,-16041.66
19860.67,-15900.79 19870.12,-15917.15
20326.94,-16180.89 20336.38,-16175.43
18220.67,-14840.68 18220.67,-14947.79
18696.38,-15222.43 18696.38,-15115.32
18230.12,-14964.15 18686.94,-15227.89
18220.67,-14947.79 18230.12,-14964.15
18686.94,-15227.89 18696.38,-15222.43
20098.53,-16049.02 20098.53,-17514.89
