7372.28,-15635.34 5167.81,-15635.34
12791.4,-15981.35 5167.81,-15981.35
12791.4,-13822.58 12791.4,-15981.35
5167.81,-15435.34 5167.81,-16181.35
5167.81,-15435.34 4493.72,-15808.35
4493.72,-15808.35 5167.81,-16181.35
4493.72,-15808.35 2668.43,-15808.35
5000.06,-7634.35 5879.85,-7126.4
5879.85,-7126.4 6486.93,-6775.91
4996.43,-7899.52 4996.43,-7643.51
5003.48,-12408.16 5003.48,-7904.03
5217.59,-8578.81 5217.59,-10470.09
5217.59,-12229.23 5217.59,-10474.28
5217.59,-10470.09 5217.59,-10474.28
5217.59,-8578.81 5217.59,-8556.62
5217.59,-8556.62 5218.2,-8027.99
7798.79,-14022 8130.69,-14022
5559.93,-10559.35 5559.93,-10467.16
5559.93,-10461.98 5559.93,-10467.16
5559.93,-10461.98 5564.16,-10459.83
5005.88,-12411.52 5046.54,-12434.99
7752.33,-13997.14 7792.99,-14020.61
7749.12,-13965.12 7725.23,-13951.32
5085.25,-12427.17 5125.9,-12450.63
5136.23,-12450.45 7715.49,-13939.55
5795.81,-10688.41 5795.81,-10596.36
5790.76,-10692.62 5795.81,-10688.41
8138.23,-9513.52 9626.6,-8654.14
5217.59,-12229.23 7577.59,-13591.75
7623.61,-13591.78 7749.12,-13664.24
9478.48,-9546.2 9478.74,-9546.1
7462.73,-13065.89 5333.72,-11836.73
6992.17,-11288.87 6992.17,-11386.24
9458.37,-9552.67 8270.7,-10237.5
8180.37,-10295.62 8242.95,-10259.57
9478.74,-9546.1 9539.22,-9511.18
7228.06,-11515.44 7228.06,-11423.25
6992.17,-11288.87 6996.41,-11286.72
5062.03,-12434.99 5075.58,-12427.17
7223.01,-11519.51 7227.35,-11517.01
9478.48,-10482.06 9478.74,-10481.96
7462.73,-12079.75 5333.72,-10850.59
9561.01,-13189.24 9547.46,-13181.42
7749.12,-13992.67 7749.12,-9489.19
8263.05,-11179.01 8270.7,-11173.35
9458.37,-10487.67 8270.7,-11173.36
8180.37,-11231.57 8242.95,-11195.43
9478.74,-10481.96 9539.22,-10447.04
7749.12,-11929.67 5221.7,-10470.5
5787.34,-10690.65 5790.76,-10692.62
7219.59,-11517.53 7223.01,-11519.51
5559.93,-10559.35 5787.34,-10690.65
6992.17,-11386.24 7219.59,-11517.53
5564.16,-10459.83 5793.39,-10592.17
6996.41,-11286.72 7225.64,-11419.06
7462.73,-11516.83 5333.72,-10287.67
8180.37,-9489.19 8180.37,-13992.67
8272,-13898.25 8272,-13516.46
8348.29,-13472.52 8348.29,-10192.76
8263.05,-11997.54 8270.7,-11991.88
8243.16,-12013.81 8242.95,-12013.96
9458.37,-11306.67 8270.7,-11991.89
8180.37,-12050.1 8242.95,-12013.96
9479.37,-11300.67 9538.31,-11266.1
8880.54,-13166.01 8880.54,-9885.86
9478.48,-12119.12 9478.74,-12119.01
5333.72,-9234.48 7462.73,-10463.64
8243.16,-12832.34 8242.95,-12832.49
9458.37,-12124.67 8270.37,-12810.67
8180.37,-12868.62 8242.95,-12832.49
9478.74,-12119.01 9538.08,-12084.75
7749.12,-10032.84 5222.3,-8573.98
9412.79,-12859.49 9412.79,-9578.95
9482.14,-12823.84 9482.14,-13196.22
9619.55,-8658.28 9619.55,-13162.41
9626.6,-8589.15 9626.6,-8654.14
9626.6,-8397.76 9626.6,-8589.15
8263.05,-13522.85 8270.72,-13517.19
8243.16,-13539.12 8242.95,-13539.28
9459.37,-12832.67 8270.7,-13517.2
8180.37,-13575.45 8242.95,-13539.28
9478.74,-12825.8 9537.89,-12791.65
9478.48,-12825.91 9478.74,-12825.8
4996.43,-7899.52 7791.26,-9513.52
9537.78,-13181.42 9497.14,-13204.88
8180.37,-13965.12 8259.9,-13919.2
8136.5,-14020.61 8177.16,-13997.14
9576.49,-13189.24 9617.15,-13165.76
7791.26,-9513.52 8138.23,-9513.52
6829.65,-6775.91 9622.97,-8388.6
6487.24,-6775.4 6829.65,-6775.91
9459.37,-12832.67 9478.48,-12825.91
8243.16,-13539.12 8252.81,-13531.01
8252.81,-13531.01 8263.05,-13522.85
9458.37,-12124.67 9478.48,-12119.12
8243.16,-12832.34 8270.37,-12810.67
8243.16,-12013.81 8252.81,-12005.69
8252.81,-12005.69 8263.05,-11997.54
9458.37,-11306.67 9479.37,-11300.67
8243.16,-11195.28 8252.81,-11187.16
8252.81,-11187.16 8263.05,-11179.01
9458.37,-10487.67 9462.12,-10486.57
9462.12,-10486.57 9470.36,-10484.19
9470.36,-10484.19 9478.48,-10482.06
8243.16,-10259.42 8252.81,-10251.3
8252.81,-10251.3 8263.05,-10243.15
9458.37,-9552.67 9462.12,-9550.71
9462.12,-9550.71 9470.36,-9548.32
9470.36,-9548.32 9478.48,-9546.2
8263.05,-10243.15 8270.7,-10237.5
9561.01,-13189.24 9570.34,-13191.35
9570.34,-13191.35 9576.49,-13189.24
9617.15,-13165.76 9619.55,-13162.41
9547.46,-13181.42 9537.78,-13181.42
9497.14,-13204.88 9485.04,-13197.9
9485.04,-13197.9 9482.14,-13196.22
9622.97,-8388.6 9626.6,-8397.76
5000.06,-7634.35 4996.43,-7643.51
7225.64,-11419.06 7228.06,-11423.25
5793.39,-10592.17 5795.81,-10596.36
5003.48,-12408.16 5005.88,-12411.52
5046.54,-12434.99 5062.03,-12434.99
5075.58,-12427.17 5085.25,-12427.17
5125.9,-12450.63 5136.23,-12450.45
7749.12,-13992.67 7752.33,-13997.14
7792.99,-14020.61 7798.79,-14022
8130.69,-14022 8136.5,-14020.61
8177.16,-13997.14 8180.37,-13992.67
8259.9,-13919.2 8272,-13898.25
7725.23,-13951.32 7715.49,-13939.55
7577.59,-13591.75 7623.61,-13591.78
7227.35,-11517.01 7228.06,-11515.44
7438.63,-8031.58 7331.61,-8089.06
8290.95,-8337.43 8873.77,-8093.55
7946.93,-8503.49 7923.42,-8520.82
7923.42,-8520.82 7353.46,-8941.53
8910.26,-8072.46 8873.97,-8093.41
7298.45,-9003.03 7262.16,-9023.98
7343.82,-8981.48 7330.05,-8989.49
7298.65,-9002.94 7298.45,-9003.03
7309.2,-8998.72 7298.65,-9002.94
7102.29,-8304.6 7062.96,-8383.24
8873.77,-8093.55 8873.97,-8093.41
7062.96,-8383.24 7043.77,-8457.98
7043.77,-8458.01 7040.31,-8507.77
7040.31,-8507.47 7043.74,-8458.38
7043.77,-8458.01 7043.77,-8457.99
7040.31,-8507.77 7040.31,-8507.47
7088.08,-8373.63 7087.9,-8406.09
7343.82,-8951.62 7343.82,-8981.48
9119.57,-8670.9 9141.86,-8611.59
8295.19,-8417.56 8294.13,-8405.44
8369.07,-9160.91 8369.62,-9179.95
8362.61,-9113.1 8364.28,-9150.25
9141.86,-8611.59 9154.03,-8547.03
7878.36,-8411.91 7880.2,-8428.52
8369.62,-9179.95 8369.72,-9180.39
9155.65,-8512.72 9155.65,-8512.98
9107.52,-8686.34 9107.45,-8720.96
9154.03,-8547.03 9155.65,-8512.72
8369.72,-9180.39 8383,-9209.01
8364.28,-9150.25 8369.07,-9160.91
7820.55,-7920.34 7812.6,-7903.22
8138.85,-8533.03 8355.62,-9094.97
8355.62,-9094.97 8362.61,-9113.1
7255.39,-8877.02 7353.46,-8941.53
8040.55,-8287.56 7820.55,-7920.34
7878.93,-8402.73 7088.08,-8373.63
7017.63,-8400.06 7029.98,-8400.84
7029.98,-8400.84 7044.74,-8402.18
6968.02,-8392.39 7017.6,-8400.06
9169.81,-8733 9219.38,-8740.67
7087.9,-8406.09 7059.9,-8404.34
7055.17,-8403.48 7044.74,-8402.18
9107.45,-8720.96 9139.55,-8725.92
8005.1,-8526.57 8045.99,-8534.25
9169.78,-8732.99 9169.81,-8733
9159.22,-8730.21 9169.78,-8732.99
8280.26,-8461.33 8314.62,-8470.67
8314.62,-8470.67 9090.52,-8681.71
9090.52,-8681.71 9107.52,-8686.34
9155.65,-8511.87 9155.65,-8512.11
9155.65,-8512.11 9155.65,-8512.72
7040.31,-8509.51 7040.31,-8508.5
7040.31,-8508.5 7040.31,-8508.19
7040.31,-8508.19 7040.31,-8507.77
9155.65,-8512.98 9155.65,-8513.71
9155.65,-8513.71 9155.65,-8513.95
8408.67,-7932.57 8260.58,-7912.31
8260.58,-7912.31 8110.62,-7903.35
8110.62,-7903.35 7962.36,-7906
7962.36,-7906 7818.89,-7920.51
7818.89,-7920.51 7682.85,-7946.88
7682.85,-7946.88 7555.9,-7984.15
7555.9,-7984.15 7438.63,-8031.58
8707.09,-8208.87 8629.76,-8159.27
8629.76,-8159.27 8540.62,-8117.03
8540.62,-8117.03 8441.73,-8083.08
8441.73,-8083.08 8335.36,-8058.14
8335.36,-8058.14 8223.9,-8042.73
8223.9,-8042.73 8109.87,-8037.19
8109.87,-8037.19 7995.85,-8041.61
7995.85,-8041.61 7884.4,-8055.87
7884.4,-8055.87 7778.02,-8079.65
7778.02,-8079.65 7679.11,-8112.4
7679.11,-8112.4 7589.95,-8153.37
8898.96,-8110.26 8799.73,-8054.04
8799.73,-8054.04 8683.59,-8004.94
8683.59,-8004.94 8551.23,-7963.74
8551.23,-7963.74 8408.67,-7932.57
8290.95,-8337.43 8258.77,-8317.02
8258.77,-8317.02 8220.58,-8300.89
8220.58,-8300.89 8177.95,-8289.59
8177.95,-8289.59 8132.6,-8283.5
8132.6,-8283.5 8086.33,-8282.79
8086.33,-8282.79 8040.99,-8287.46
8040.99,-8287.46 7998.41,-8297.28
7998.41,-8297.28 7960.31,-8311.82
7935.18,-8497.45 7967.63,-8514.14
7967.63,-8514.14 8005.1,-8526.57
9139.53,-8725.92 9146.22,-8727.21
9146.22,-8727.21 9159.22,-8730.21
8045.99,-8534.25 8088.53,-8536.91
8088.53,-8536.91 8130.9,-8534.48
8130.9,-8534.48 8171.4,-8527.09
8171.4,-8527.09 8208.39,-8515.04
8208.39,-8515.04 8240.15,-8498.95
8851.79,-8389.97 8819.4,-8325.55
8819.4,-8325.55 8770.8,-8264.72
8770.8,-8264.72 8707.09,-8208.87
7726.24,-9078.67 7868.35,-9102.62
7868.35,-9102.62 8014.79,-9114.73
8014.79,-9114.73 8162.63,-9114.78
8162.63,-9114.78 8308.93,-9102.8
7501.6,-8734.23 7577.03,-8783.21
7353.46,-8941.53 7466.19,-8997.34
7466.19,-8997.34 7591.29,-9043.36
7591.29,-9043.36 7726.24,-9078.67
8308.93,-9102.8 8450.79,-9079.01
8450.79,-9079.01 8585.39,-9043.9
8585.39,-9043.9 8710.07,-8998.16
8710.07,-8998.16 8822.31,-8942.71
8294.13,-8405.44 8285.1,-8380.71
7880.2,-8428.52 7890.45,-8453.84
7890.45,-8453.84 7909.09,-8477.11
7909.09,-8477.11 7935.18,-8497.45
9155.65,-8512.98 9154.75,-8487.48
9154.75,-8487.48 9139.23,-8404.18
9139.23,-8404.18 9104.88,-8323.04
9104.88,-8323.04 9052.53,-8245.86
9052.53,-8245.86 8983.38,-8174.4
8983.38,-8174.4 8898.96,-8110.26
8868.57,-8482.79 8867.22,-8456.45
8867.22,-8456.45 8851.79,-8389.97
7362.99,-8555.46 7393.28,-8619.01
7393.28,-8619.01 7439.86,-8679.08
7439.86,-8679.08 7501.6,-8734.23
8822.16,-8636.13 8853.95,-8569.79
8853.95,-8569.79 8867.9,-8501.57
8867.9,-8501.57 8868.57,-8483.16
7349.09,-8472.53 7349.71,-8490
7349.71,-8490 7362.99,-8555.46
8283.4,-8457.48 8293.31,-8433.7
8293.31,-8433.7 8295.19,-8417.5
7886.7,-8376.94 7878.93,-8402.73
7878.93,-8402.73 7878.36,-8411.91
8777.75,-8693.12 8822.16,-8636.13
7399.81,-8315.29 7366.9,-8378.21
7366.9,-8378.21 7350.77,-8443.27
7350.77,-8443.27 7349.09,-8472.23
8240.15,-8498.95 8265.44,-8479.52
8265.44,-8479.52 8283.4,-8457.48
7330.05,-8989.49 7323.25,-8992.68
7323.25,-8992.68 7309.2,-8998.72
7960.31,-8311.82 7928.19,-8330.48
7928.19,-8330.48 7903.33,-8352.49
7903.33,-8352.49 7886.7,-8376.94
7589.95,-8153.37 7512.57,-8201.6
7512.57,-8201.6 7448.73,-8255.98
7448.73,-8255.98 7399.81,-8315.29
7331.61,-8089.06 7238.2,-8155.13
7238.2,-8155.13 7161.12,-8227.73
7161.12,-8227.73 7102.29,-8304.6
7045.19,-8564.19 7040.31,-8509.51
7254.67,-8876.54 7174,-8805.7
7174,-8805.7 7111.43,-8729.03
7111.43,-8729.03 7068.19,-8648.01
7068.19,-8648.01 7045.19,-8564.19
9098.61,-8666.18 9061.24,-8733.43
9061.24,-8733.43 8999.12,-8809.38
8999.12,-8809.38 8918.95,-8879.61
8918.95,-8879.61 8822.31,-8942.71
7353.46,-8941.53 7343.82,-8951.62
7879.6,-8886.93 7995.95,-8902.71
7995.95,-8902.71 8114.98,-8908.05
8114.98,-8908.05 8233.94,-8902.85
8233.94,-8902.85 8350.08,-8887.24
8350.08,-8887.24 8460.71,-8861.59
7573.11,-8781.51 7665.67,-8825.64
7665.67,-8825.64 7768.64,-8861.05
7768.64,-8861.05 7879.6,-8886.93
8460.71,-8861.59 8563.25,-8826.48
8563.25,-8826.48 8655.29,-8782.75
8655.29,-8782.75 8734.7,-8731.41
8734.7,-8731.41 8777.75,-8693.12
5893.27,-7144.25 5786.25,-7201.72
6745.59,-7450.09 7328.41,-7206.22
6401.57,-7616.15 6378.06,-7633.49
6378.06,-7633.49 5808.1,-8054.19
7364.9,-7185.12 7328.61,-7206.07
5753.09,-8115.69 5716.8,-8136.65
5798.46,-8094.14 5784.69,-8102.15
5763.84,-8111.39 5753.29,-8115.6
5556.93,-7417.26 5517.6,-7495.91
7328.41,-7206.22 7328.61,-7206.07
5517.6,-7495.91 5498.41,-7570.65
5498.41,-7570.68 5494.95,-7620.44
5494.95,-7620.14 5498.38,-7571.04
5494.95,-7620.44 5494.95,-7620.14
5542.72,-7486.3 5542.53,-7518.75
5798.46,-8064.28 5798.46,-8094.14
7574.2,-7783.57 7596.5,-7724.25
6749.83,-7530.22 6748.77,-7518.11
6823.7,-8273.58 6824.26,-8292.61
6817.25,-8225.76 6818.92,-8262.91
7596.5,-7724.25 7608.67,-7659.69
6333,-7524.58 6334.84,-7541.18
6146.65,-6971.58 6146.55,-6971.14
6824.26,-8292.61 6824.36,-8293.05
7610.29,-7625.39 7610.29,-7625.64
7562.16,-7799 7562.09,-7833.62
7608.67,-7659.69 7610.29,-7625.39
6824.36,-8293.05 6837.64,-8321.68
6818.92,-8262.91 6823.7,-8273.58
6275.18,-7033.01 6267.23,-7015.88
6593.49,-7645.69 6810.26,-8207.63
6810.26,-8207.63 6817.25,-8225.76
5710.03,-7989.68 5808.1,-8054.19
6495.19,-7400.22 6275.18,-7033.01
6333.57,-7515.39 5542.72,-7486.3
5472.27,-7512.73 5484.62,-7513.5
5484.62,-7513.5 5499.38,-7514.84
5422.66,-7505.06 5472.24,-7512.72
7624.45,-7845.66 7674.02,-7853.33
5542.53,-7518.75 5514.53,-7517
5509.81,-7516.14 5499.38,-7514.84
7562.09,-7833.62 7594.19,-7838.59
7594.17,-7838.58 7594.19,-7838.59
6459.74,-7639.23 6500.63,-7646.91
7624.42,-7845.66 7624.45,-7845.66
7613.86,-7842.87 7624.42,-7845.66
6734.9,-7573.99 6769.26,-7583.34
6769.26,-7583.34 7545.16,-7794.38
7545.16,-7794.38 7562.16,-7799
7610.29,-7624.53 7610.29,-7624.78
7610.29,-7624.78 7610.29,-7625.39
5494.95,-7622.18 5494.95,-7621.16
5494.95,-7621.16 5494.95,-7620.86
5494.95,-7620.86 5494.95,-7620.44
7610.29,-7625.64 7610.29,-7626.37
7610.29,-7626.37 7610.29,-7626.61
6863.3,-7045.24 6715.22,-7024.97
6715.22,-7024.97 6565.26,-7016.01
6565.26,-7016.01 6417,-7018.66
6417,-7018.66 6273.53,-7033.17
6273.53,-7033.17 6137.49,-7059.54
6137.49,-7059.54 6010.54,-7096.81
6010.54,-7096.81 5893.27,-7144.25
7161.73,-7321.54 7084.4,-7271.94
7084.4,-7271.94 6995.25,-7229.69
6995.25,-7229.69 6896.37,-7195.74
6896.37,-7195.74 6790,-7170.8
6790,-7170.8 6678.54,-7155.4
6678.54,-7155.4 6564.5,-7149.85
6564.5,-7149.85 6450.49,-7154.27
6450.49,-7154.27 6339.04,-7168.53
6339.04,-7168.53 6232.66,-7192.31
6232.66,-7192.31 6133.75,-7225.06
6133.75,-7225.06 6044.59,-7266.03
7353.6,-7222.92 7254.37,-7166.7
7254.37,-7166.7 7138.23,-7117.6
7138.23,-7117.6 7005.87,-7076.4
7005.87,-7076.4 6863.3,-7045.24
6745.59,-7450.09 6713.41,-7429.68
6713.41,-7429.68 6675.22,-7413.55
6675.22,-7413.55 6632.59,-7402.26
6632.59,-7402.26 6587.24,-7396.16
6587.24,-7396.16 6540.96,-7395.46
6540.96,-7395.46 6495.62,-7400.12
6495.62,-7400.12 6453.05,-7409.94
6453.05,-7409.94 6414.95,-7424.49
6389.82,-7610.11 6422.27,-7626.8
6422.27,-7626.8 6459.74,-7639.23
7594.17,-7838.58 7600.86,-7839.88
7600.86,-7839.88 7613.86,-7842.87
6500.63,-7646.91 6543.16,-7649.57
6543.16,-7649.57 6585.54,-7647.14
6585.54,-7647.14 6626.04,-7639.75
6626.04,-7639.75 6663.03,-7627.71
6663.03,-7627.71 6694.78,-7611.61
7306.43,-7502.63 7274.04,-7438.21
7274.04,-7438.21 7225.43,-7377.38
7225.43,-7377.38 7161.73,-7321.54
6180.88,-8191.34 6322.99,-8215.28
6322.99,-8215.28 6469.43,-8227.39
6469.43,-8227.39 6617.27,-8227.45
6617.27,-8227.45 6763.57,-8215.46
5956.24,-7846.89 6031.67,-7895.87
5808.1,-8054.19 5920.82,-8110
5920.82,-8110 6045.93,-8156.02
6045.93,-8156.02 6180.88,-8191.34
6763.57,-8215.46 6905.43,-8191.67
6905.43,-8191.67 7040.03,-8156.56
7040.03,-8156.56 7164.7,-8110.83
7164.7,-8110.83 7276.95,-8055.37
6748.77,-7518.11 6739.74,-7493.37
6334.84,-7541.18 6345.08,-7566.5
6345.08,-7566.5 6363.72,-7589.77
6363.72,-7589.77 6389.82,-7610.11
7610.29,-7625.64 7609.39,-7600.14
7609.39,-7600.14 7593.87,-7516.84
7593.87,-7516.84 7559.52,-7435.71
7559.52,-7435.71 7507.17,-7358.52
7507.17,-7358.52 7438.02,-7287.07
7438.02,-7287.07 7353.6,-7222.92
7323.21,-7595.46 7321.86,-7569.11
7321.86,-7569.11 7306.43,-7502.63
5817.63,-7668.13 5847.92,-7731.68
5847.92,-7731.68 5894.5,-7791.74
5894.5,-7791.74 5956.24,-7846.89
7276.8,-7748.79 7308.59,-7682.46
7308.59,-7682.46 7322.54,-7614.24
7322.54,-7614.24 7323.21,-7595.82
5803.73,-7585.19 5804.35,-7602.67
5804.35,-7602.67 5817.63,-7668.13
6738.04,-7570.14 6747.95,-7546.36
6747.95,-7546.36 6749.83,-7530.16
6341.34,-7489.6 6333.57,-7515.39
6333.57,-7515.39 6333,-7524.57
7232.39,-7805.78 7276.8,-7748.79
5854.45,-7427.96 5821.54,-7490.87
5821.54,-7490.87 5805.4,-7555.94
5805.4,-7555.94 5803.73,-7584.89
6694.78,-7611.61 6720.08,-7592.18
6720.08,-7592.18 6738.04,-7570.14
5784.69,-8102.15 5777.89,-8105.34
5777.89,-8105.34 5763.84,-8111.39
6414.95,-7424.49 6382.83,-7443.15
6382.83,-7443.15 6357.97,-7465.16
6357.97,-7465.16 6341.34,-7489.6
6044.59,-7266.03 5967.21,-7314.26
5967.21,-7314.26 5903.37,-7368.65
5903.37,-7368.65 5854.45,-7427.96
5786.25,-7201.72 5692.83,-7267.79
5692.83,-7267.79 5615.75,-7340.39
5615.75,-7340.39 5556.93,-7417.26
5499.83,-7676.86 5494.95,-7622.18
5709.31,-7989.2 5628.64,-7918.36
5628.64,-7918.36 5566.06,-7841.69
5566.06,-7841.69 5522.83,-7760.67
5522.83,-7760.67 5499.83,-7676.86
7553.24,-7778.85 7515.88,-7846.09
7515.88,-7846.09 7453.76,-7922.04
7453.76,-7922.04 7373.59,-7992.27
7373.59,-7992.27 7276.95,-8055.37
5808.1,-8054.19 5798.46,-8064.28
6334.24,-7999.59 6450.59,-8015.37
6450.59,-8015.37 6569.62,-8020.72
6569.62,-8020.72 6688.58,-8015.52
6688.58,-8015.52 6804.72,-7999.9
6804.72,-7999.9 6915.34,-7974.25
6027.75,-7894.17 6120.31,-7938.31
6120.31,-7938.31 6223.28,-7973.71
6223.28,-7973.71 6334.24,-7999.59
6915.34,-7974.25 7017.89,-7939.14
7017.89,-7939.14 7109.93,-7895.41
7109.93,-7895.41 7189.34,-7844.07
7189.34,-7844.07 7232.39,-7805.78
7143.88,-13468.27 7600.69,-13732
7134.43,-13344.76 7134.43,-13451.9
7610.14,-13726.55 7610.14,-13592.77
7134.43,-13451.9 7143.88,-13468.27
7600.69,-13732 7610.14,-13726.55
5494.43,-12391.79 5494.43,-12498.9
5970.14,-12773.55 5970.14,-12666.44
5503.88,-12515.27 5960.69,-12779
5494.43,-12498.9 5503.88,-12515.27
5960.69,-12779 5970.14,-12773.55
10621.06,-7973.35 11500.85,-7465.4
11500.85,-7465.4 12107.93,-7114.91
10617.43,-8238.52 10617.43,-7982.51
10624.48,-12747.16 10624.48,-8243.03
10838.59,-8917.81 10838.59,-10809.09
10838.59,-12568.23 10838.59,-10813.28
10838.59,-10809.09 10838.59,-10813.28
10838.59,-8917.81 10838.59,-8895.62
10838.59,-8895.62 10839.2,-8366.99
13419.79,-14361 13751.69,-14361
11180.93,-10898.35 11180.93,-10806.16
11180.93,-10800.98 11180.93,-10806.16
11180.93,-10800.98 11185.16,-10798.83
10626.88,-12750.52 10667.54,-12773.99
13373.33,-14336.14 13413.99,-14359.61
13370.12,-14304.12 13346.23,-14290.32
10706.25,-12766.17 10746.9,-12789.63
10757.23,-12789.45 13336.49,-14278.55
11416.81,-11027.41 11416.81,-10935.36
11411.77,-11031.62 11416.81,-11027.41
13759.23,-9852.52 15247.6,-8993.14
10838.59,-12568.23 13198.59,-13930.75
13244.61,-13930.78 13370.12,-14003.25
15099.48,-9885.2 15099.74,-9885.1
13083.73,-13404.89 10954.72,-12175.73
12613.17,-11627.87 12613.17,-11725.24
15079.37,-9891.67 13891.7,-10576.5
13801.37,-10634.62 13863.95,-10598.57
15099.74,-9885.1 15160.22,-9850.18
12849.06,-11854.44 12849.06,-11762.25
12613.17,-11627.87 12617.41,-11625.72
10683.03,-12773.99 10696.58,-12766.17
12844.01,-11858.51 12848.35,-11856.01
15099.48,-10821.06 15099.74,-10820.96
13083.73,-12418.75 10954.72,-11189.59
15182.01,-13528.24 15168.46,-13520.42
13370.12,-14331.67 13370.12,-9828.19
13884.06,-11518.01 13891.7,-11512.35
15079.37,-10826.67 13891.7,-11512.36
13801.37,-11570.57 13863.95,-11534.43
15099.74,-10820.96 15160.22,-10786.04
13370.12,-12268.67 10842.7,-10809.5
11408.34,-11029.65 11411.77,-11031.62
12840.59,-11856.53 12844.01,-11858.51
11180.93,-10898.35 11408.34,-11029.65
12613.17,-11725.24 12840.59,-11856.53
11185.16,-10798.83 11414.39,-10931.17
12617.41,-11625.72 12846.64,-11758.06
13083.73,-11855.83 10954.72,-10626.67
13801.37,-9828.19 13801.37,-14331.67
13893,-14237.25 13893,-13855.46
13969.29,-13811.52 13969.29,-10531.76
13884.06,-12336.54 13891.7,-12330.88
13864.16,-12352.81 13863.95,-12352.96
15079.37,-11645.67 13891.7,-12330.89
13801.37,-12389.1 13863.95,-12352.96
15100.37,-11639.67 15159.31,-11605.1
14501.54,-13505.01 14501.54,-10224.86
15099.48,-12458.12 15099.74,-12458.01
10954.72,-9573.48 13083.73,-10802.64
13864.16,-13171.34 13863.95,-13171.49
15079.37,-12463.67 13891.37,-13149.67
13801.37,-13207.62 13863.95,-13171.49
15099.74,-12458.01 15159.08,-12423.75
13370.12,-10371.84 10843.3,-8912.98
15033.79,-13198.49 15033.79,-9917.95
15103.14,-13162.84 15103.14,-13535.22
15240.55,-8997.28 15240.55,-13501.41
15247.6,-8928.15 15247.6,-8993.14
15247.6,-8736.76 15247.6,-8928.15
13884.06,-13861.85 13891.72,-13856.19
13864.16,-13878.12 13863.95,-13878.28
15080.37,-13171.67 13891.7,-13856.21
13801.37,-13914.45 13863.95,-13878.28
15099.74,-13164.8 15158.89,-13130.65
15099.48,-13164.91 15099.74,-13164.8
10617.43,-8238.52 13412.26,-9852.52
15158.78,-13520.42 15118.14,-13543.88
13801.37,-14304.12 13880.9,-14258.2
13757.5,-14359.61 13798.16,-14336.14
15197.49,-13528.24 15238.15,-13504.76
13412.26,-9852.52 13759.23,-9852.52
12450.65,-7114.91 15243.97,-8727.6
12108.24,-7114.4 12450.65,-7114.91
15080.37,-13171.67 15099.48,-13164.91
13864.16,-13878.12 13873.81,-13870.01
13873.81,-13870.01 13884.06,-13861.85
15079.37,-12463.67 15099.48,-12458.12
13864.16,-13171.34 13891.37,-13149.67
13864.16,-12352.81 13873.81,-12344.69
13873.81,-12344.69 13884.06,-12336.54
15079.37,-11645.67 15100.37,-11639.67
13864.16,-11534.28 13873.81,-11526.17
13873.81,-11526.17 13884.06,-11518.01
15079.37,-10826.67 15083.12,-10825.57
15083.12,-10825.57 15091.36,-10823.19
15091.36,-10823.19 15099.48,-10821.06
13864.16,-10598.42 13873.81,-10590.3
13873.81,-10590.3 13884.06,-10582.15
15079.37,-9891.67 15083.12,-9889.71
15083.12,-9889.71 15091.36,-9887.33
15091.36,-9887.33 15099.48,-9885.2
13884.06,-10582.15 13891.7,-10576.5
15182.01,-13528.24 15191.34,-13530.35
15191.34,-13530.35 15197.49,-13528.24
15238.15,-13504.76 15240.55,-13501.41
15168.46,-13520.42 15158.78,-13520.42
15118.14,-13543.88 15106.04,-13536.9
15106.04,-13536.9 15103.14,-13535.22
15243.97,-8727.6 15247.6,-8736.76
10621.06,-7973.35 10617.43,-7982.51
12846.64,-11758.06 12849.06,-11762.25
11414.39,-10931.17 11416.81,-10935.36
10624.48,-12747.16 10626.88,-12750.52
10667.54,-12773.99 10683.03,-12773.99
10696.58,-12766.17 10706.25,-12766.17
10746.9,-12789.63 10757.23,-12789.45
13370.12,-14331.67 13373.33,-14336.14
13413.99,-14359.61 13419.79,-14361
13751.69,-14361 13757.5,-14359.61
13798.16,-14336.14 13801.37,-14331.67
13880.9,-14258.2 13893,-14237.25
13346.23,-14290.32 13336.49,-14278.55
13198.59,-13930.75 13244.61,-13930.78
12848.35,-11856.01 12849.06,-11854.44
13059.63,-8370.58 12952.61,-8428.06
13911.95,-8676.43 14494.77,-8432.55
13567.93,-8842.49 13544.42,-8859.83
13544.42,-8859.83 12974.46,-9280.53
14531.26,-8411.46 14494.97,-8432.41
12919.45,-9342.03 12883.16,-9362.98
12964.82,-9320.48 12951.05,-9328.49
12919.65,-9341.94 12919.45,-9342.03
12930.2,-9337.72 12919.65,-9341.94
12723.29,-8643.6 12683.96,-8722.24
14494.77,-8432.55 14494.97,-8432.41
12683.96,-8722.24 12664.77,-8796.98
12664.77,-8797.01 12661.31,-8846.77
12661.31,-8846.47 12664.75,-8797.38
12664.77,-8797.01 12664.77,-8796.99
12661.31,-8846.77 12661.31,-8846.47
12709.08,-8712.63 12708.9,-8745.09
12964.82,-9290.62 12964.82,-9320.48
14740.57,-9009.9 14762.86,-8950.59
13916.19,-8756.56 13915.13,-8744.44
13990.07,-9499.91 13990.62,-9518.95
13983.61,-9452.1 13985.28,-9489.25
14762.86,-8950.59 14775.03,-8886.03
13499.36,-8750.91 13501.2,-8767.52
13990.62,-9518.95 13990.72,-9519.39
14776.65,-8851.72 14776.65,-8851.98
14728.52,-9025.34 14728.45,-9059.96
14775.03,-8886.03 14776.65,-8851.72
13990.72,-9519.39 14004,-9548.01
13985.28,-9489.25 13990.07,-9499.91
13441.55,-8259.34 13433.6,-8242.22
13759.85,-8872.03 13976.62,-9433.97
13976.62,-9433.97 13983.61,-9452.1
12876.39,-9216.02 12974.46,-9280.53
13661.55,-8626.56 13441.55,-8259.34
13499.93,-8741.73 12709.08,-8712.63
12638.63,-8739.07 12650.98,-8739.84
12650.98,-8739.84 12665.74,-8741.18
12589.02,-8731.39 12638.6,-8739.06
14790.81,-9072 14840.38,-9079.67
12708.9,-8745.09 12680.9,-8743.34
12676.17,-8742.48 12665.74,-8741.18
14728.45,-9059.96 14760.55,-9064.92
13626.1,-8865.57 13666.99,-8873.25
14790.78,-9071.99 14790.81,-9072
14780.22,-9069.21 14790.78,-9071.99
13901.26,-8800.33 13935.62,-8809.67
13935.62,-8809.67 14711.52,-9020.71
14711.52,-9020.71 14728.52,-9025.34
14776.65,-8850.87 14776.65,-8851.11
14776.65,-8851.11 14776.65,-8851.72
12661.31,-8848.51 12661.31,-8847.5
12661.31,-8847.5 12661.31,-8847.19
12661.31,-8847.19 12661.31,-8846.77
14776.65,-8851.98 14776.65,-8852.71
14776.65,-8852.71 14776.65,-8852.95
14029.67,-8271.57 13881.58,-8251.31
13881.58,-8251.31 13731.62,-8242.35
13731.62,-8242.35 13583.36,-8245
13583.36,-8245 13439.89,-8259.51
13439.89,-8259.51 13303.85,-8285.88
13303.85,-8285.88 13176.9,-8323.15
13176.9,-8323.15 13059.63,-8370.58
14328.09,-8547.87 14250.76,-8498.27
14250.76,-8498.27 14161.62,-8456.03
14161.62,-8456.03 14062.73,-8422.08
14062.73,-8422.08 13956.36,-8397.14
13956.36,-8397.14 13844.9,-8381.73
13844.9,-8381.73 13730.87,-8376.19
13730.87,-8376.19 13616.85,-8380.61
13616.85,-8380.61 13505.4,-8394.87
13505.4,-8394.87 13399.02,-8418.65
13399.02,-8418.65 13300.11,-8451.4
13300.11,-8451.4 13210.95,-8492.37
14519.96,-8449.26 14420.73,-8393.04
14420.73,-8393.04 14304.59,-8343.94
14304.59,-8343.94 14172.23,-8302.74
14172.23,-8302.74 14029.67,-8271.57
13911.95,-8676.43 13879.77,-8656.02
13879.77,-8656.02 13841.58,-8639.89
13841.58,-8639.89 13798.95,-8628.59
13798.95,-8628.59 13753.6,-8622.5
13753.6,-8622.5 13707.33,-8621.79
13707.33,-8621.79 13661.99,-8626.46
13661.99,-8626.46 13619.41,-8636.28
13619.41,-8636.28 13581.31,-8650.82
13556.18,-8836.45 13588.63,-8853.14
13588.63,-8853.14 13626.1,-8865.57
14760.53,-9064.92 14767.22,-9066.21
14767.22,-9066.21 14780.22,-9069.21
13666.99,-8873.25 13709.53,-8875.91
13709.53,-8875.91 13751.9,-8873.48
13751.9,-8873.48 13792.4,-8866.09
13792.4,-8866.09 13829.39,-8854.04
13829.39,-8854.04 13861.15,-8837.95
14472.79,-8728.97 14440.4,-8664.55
14440.4,-8664.55 14391.8,-8603.72
14391.8,-8603.72 14328.09,-8547.87
13347.24,-9417.67 13489.35,-9441.62
13489.35,-9441.62 13635.79,-9453.73
13635.79,-9453.73 13783.63,-9453.78
13783.63,-9453.78 13929.93,-9441.8
13122.6,-9073.23 13198.03,-9122.21
12974.46,-9280.53 13087.19,-9336.34
13087.19,-9336.34 13212.29,-9382.36
13212.29,-9382.36 13347.24,-9417.67
13929.93,-9441.8 14071.79,-9418.01
14071.79,-9418.01 14206.39,-9382.9
14206.39,-9382.9 14331.07,-9337.16
14331.07,-9337.16 14443.31,-9281.71
13915.13,-8744.44 13906.1,-8719.71
13501.2,-8767.52 13511.45,-8792.84
13511.45,-8792.84 13530.09,-8816.11
13530.09,-8816.11 13556.18,-8836.45
14776.65,-8851.98 14775.75,-8826.48
14775.75,-8826.48 14760.23,-8743.18
14760.23,-8743.18 14725.88,-8662.04
14725.88,-8662.04 14673.53,-8584.86
14673.53,-8584.86 14604.38,-8513.4
14604.38,-8513.4 14519.96,-8449.26
14489.57,-8821.79 14488.22,-8795.45
14488.22,-8795.45 14472.79,-8728.97
12983.99,-8894.46 13014.28,-8958.01
13014.28,-8958.01 13060.86,-9018.08
13060.86,-9018.08 13122.6,-9073.23
14443.16,-8975.13 14474.95,-8908.79
14474.95,-8908.79 14488.9,-8840.57
14488.9,-8840.57 14489.57,-8822.16
12970.09,-8811.53 12970.71,-8829
12970.71,-8829 12983.99,-8894.46
13904.4,-8796.48 13914.31,-8772.7
13914.31,-8772.7 13916.19,-8756.5
13507.7,-8715.94 13499.93,-8741.73
13499.93,-8741.73 13499.36,-8750.91
14398.75,-9032.12 14443.16,-8975.13
13020.81,-8654.29 12987.91,-8717.21
12987.91,-8717.21 12971.77,-8782.27
12971.77,-8782.27 12970.09,-8811.23
13861.15,-8837.95 13886.44,-8818.52
13886.44,-8818.52 13904.4,-8796.48
12951.05,-9328.49 12944.25,-9331.68
12944.25,-9331.68 12930.2,-9337.72
13581.31,-8650.82 13549.19,-8669.48
13549.19,-8669.48 13524.33,-8691.49
13524.33,-8691.49 13507.7,-8715.94
13210.95,-8492.37 13133.57,-8540.6
13133.57,-8540.6 13069.73,-8594.98
13069.73,-8594.98 13020.81,-8654.29
12952.61,-8428.06 12859.2,-8494.13
12859.2,-8494.13 12782.12,-8566.73
12782.12,-8566.73 12723.29,-8643.6
12666.19,-8903.19 12661.31,-8848.51
12875.67,-9215.54 12795,-9144.7
12795,-9144.7 12732.43,-9068.03
12732.43,-9068.03 12689.19,-8987.01
12689.19,-8987.01 12666.19,-8903.19
14719.61,-9005.18 14682.24,-9072.43
14682.24,-9072.43 14620.12,-9148.38
14620.12,-9148.38 14539.95,-9218.61
14539.95,-9218.61 14443.31,-9281.71
12974.46,-9280.53 12964.82,-9290.62
13500.6,-9225.93 13616.95,-9241.71
13616.95,-9241.71 13735.98,-9247.05
13735.98,-9247.05 13854.94,-9241.85
13854.94,-9241.85 13971.08,-9226.24
13971.08,-9226.24 14081.71,-9200.59
13194.11,-9120.51 13286.67,-9164.64
13286.67,-9164.64 13389.64,-9200.05
13389.64,-9200.05 13500.6,-9225.93
14081.71,-9200.59 14184.25,-9165.48
14184.25,-9165.48 14276.29,-9121.75
14276.29,-9121.75 14355.7,-9070.41
14355.7,-9070.41 14398.75,-9032.12
11514.27,-7483.25 11407.25,-7540.72
12366.59,-7789.09 12949.41,-7545.22
12022.57,-7955.15 11999.06,-7972.49
11999.06,-7972.49 11429.1,-8393.19
12985.9,-7524.12 12949.61,-7545.07
11374.09,-8454.69 11337.8,-8475.65
11419.46,-8433.14 11405.69,-8441.15
11384.84,-8450.39 11374.29,-8454.6
11177.93,-7756.26 11138.6,-7834.91
12949.41,-7545.22 12949.61,-7545.07
11138.6,-7834.91 11119.41,-7909.65
11119.41,-7909.68 11115.95,-7959.44
11115.95,-7959.14 11119.38,-7910.04
11115.95,-7959.44 11115.95,-7959.14
11163.72,-7825.3 11163.53,-7857.75
11419.46,-8403.28 11419.46,-8433.14
13195.2,-8122.57 13217.5,-8063.25
12370.83,-7869.22 12369.77,-7857.11
12444.7,-8612.58 12445.26,-8631.61
12438.25,-8564.76 12439.92,-8601.91
13217.5,-8063.25 13229.67,-7998.69
11954,-7863.58 11955.84,-7880.18
11767.65,-7310.58 11767.55,-7310.14
12445.26,-8631.61 12445.36,-8632.06
13231.29,-7964.39 13231.29,-7964.64
13183.16,-8138 13183.09,-8172.62
13229.67,-7998.69 13231.29,-7964.39
12445.36,-8632.06 12458.64,-8660.68
12439.92,-8601.91 12444.7,-8612.58
11896.18,-7372.01 11888.23,-7354.88
12214.49,-7984.69 12431.26,-8546.63
12431.26,-8546.63 12438.25,-8564.76
11331.03,-8328.68 11429.1,-8393.19
12116.19,-7739.22 11896.18,-7372.01
11954.57,-7854.39 11163.72,-7825.3
11093.27,-7851.73 11105.62,-7852.5
11105.62,-7852.5 11120.38,-7853.84
11043.66,-7844.06 11093.24,-7851.72
13245.45,-8184.66 13295.02,-8192.33
11163.53,-7857.75 11135.53,-7856
11130.81,-7855.14 11120.38,-7853.84
13183.09,-8172.62 13215.19,-8177.59
13215.17,-8177.58 13215.19,-8177.59
12080.74,-7978.23 12121.63,-7985.92
13245.42,-8184.66 13245.45,-8184.66
13234.86,-8181.87 13245.42,-8184.66
12355.9,-7912.99 12390.26,-7922.34
12390.26,-7922.34 13166.16,-8133.38
13166.16,-8133.38 13183.16,-8138
13231.29,-7963.53 13231.29,-7963.78
13231.29,-7963.78 13231.29,-7964.39
11115.95,-7961.18 11115.95,-7960.16
11115.95,-7960.16 11115.95,-7959.86
11115.95,-7959.86 11115.95,-7959.44
13231.29,-7964.64 13231.29,-7965.37
13231.29,-7965.37 13231.29,-7965.61
12484.3,-7384.24 12336.22,-7363.97
12336.22,-7363.97 12186.26,-7355.01
12186.26,-7355.01 12038,-7357.66
12038,-7357.66 11894.53,-7372.17
11894.53,-7372.17 11758.49,-7398.54
11758.49,-7398.54 11631.54,-7435.81
11631.54,-7435.81 11514.27,-7483.25
12782.73,-7660.54 12705.4,-7610.94
12705.4,-7610.94 12616.25,-7568.69
12616.25,-7568.69 12517.37,-7534.74
12517.37,-7534.74 12411,-7509.8
12411,-7509.8 12299.54,-7494.4
12299.54,-7494.4 12185.51,-7488.85
12185.51,-7488.85 12071.49,-7493.27
12071.49,-7493.27 11960.04,-7507.53
11960.04,-7507.53 11853.66,-7531.31
11853.66,-7531.31 11754.75,-7564.06
11754.75,-7564.06 11665.59,-7605.03
12974.6,-7561.92 12875.37,-7505.7
12875.37,-7505.7 12759.23,-7456.6
12759.23,-7456.6 12626.87,-7415.4
12626.87,-7415.4 12484.3,-7384.24
12366.59,-7789.09 12334.41,-7768.68
12334.41,-7768.68 12296.22,-7752.55
12296.22,-7752.55 12253.59,-7741.26
12253.59,-7741.26 12208.24,-7735.16
12208.24,-7735.16 12161.96,-7734.46
12161.96,-7734.46 12116.62,-7739.12
12116.62,-7739.12 12074.05,-7748.94
12074.05,-7748.94 12035.95,-7763.49
12010.82,-7949.11 12043.27,-7965.8
12043.27,-7965.8 12080.74,-7978.23
13215.17,-8177.58 13221.86,-8178.88
13221.86,-8178.88 13234.86,-8181.87
12121.63,-7985.92 12164.17,-7988.57
12164.17,-7988.57 12206.54,-7986.14
12206.54,-7986.14 12247.04,-7978.75
12247.04,-7978.75 12284.03,-7966.71
12284.03,-7966.71 12315.78,-7950.61
12927.43,-7841.63 12895.04,-7777.21
12895.04,-7777.21 12846.43,-7716.38
12846.43,-7716.38 12782.73,-7660.54
11801.88,-8530.34 11943.99,-8554.28
11943.99,-8554.28 12090.43,-8566.39
12090.43,-8566.39 12238.27,-8566.45
12238.27,-8566.45 12384.57,-8554.46
11577.24,-8185.89 11652.67,-8234.87
11429.1,-8393.19 11541.82,-8449
11541.82,-8449 11666.93,-8495.02
11666.93,-8495.02 11801.88,-8530.34
12384.57,-8554.46 12526.43,-8530.67
12526.43,-8530.67 12661.03,-8495.56
12661.03,-8495.56 12785.7,-8449.83
12785.7,-8449.83 12897.95,-8394.37
12369.77,-7857.11 12360.74,-7832.37
11955.84,-7880.18 11966.08,-7905.5
11966.08,-7905.5 11984.72,-7928.77
11984.72,-7928.77 12010.82,-7949.11
13231.29,-7964.64 13230.39,-7939.14
13230.39,-7939.14 13214.87,-7855.84
13214.87,-7855.84 13180.52,-7774.71
13180.52,-7774.71 13128.17,-7697.52
13128.17,-7697.52 13059.02,-7626.07
13059.02,-7626.07 12974.6,-7561.92
12944.21,-7934.46 12942.86,-7908.11
12942.86,-7908.11 12927.43,-7841.63
11438.63,-8007.13 11468.92,-8070.68
11468.92,-8070.68 11515.5,-8130.74
11515.5,-8130.74 11577.24,-8185.89
12897.8,-8087.79 12929.59,-8021.46
12929.59,-8021.46 12943.54,-7953.24
12943.54,-7953.24 12944.21,-7934.82
11424.73,-7924.19 11425.35,-7941.67
11425.35,-7941.67 11438.63,-8007.13
12359.04,-7909.14 12368.95,-7885.36
12368.95,-7885.36 12370.83,-7869.16
11962.34,-7828.6 11954.57,-7854.39
11954.57,-7854.39 11954,-7863.57
12853.39,-8144.78 12897.8,-8087.79
11475.45,-7766.96 11442.54,-7829.87
11442.54,-7829.87 11426.4,-7894.94
11426.4,-7894.94 11424.73,-7923.89
12315.78,-7950.61 12341.08,-7931.18
12341.08,-7931.18 12359.04,-7909.14
11405.69,-8441.15 11398.89,-8444.34
11398.89,-8444.34 11384.84,-8450.39
12035.95,-7763.49 12003.83,-7782.15
12003.83,-7782.15 11978.97,-7804.16
11978.97,-7804.16 11962.34,-7828.6
11665.59,-7605.03 11588.21,-7653.26
11588.21,-7653.26 11524.37,-7707.65
11524.37,-7707.65 11475.45,-7766.96
11407.25,-7540.72 11313.83,-7606.79
11313.83,-7606.79 11236.75,-7679.39
11236.75,-7679.39 11177.93,-7756.26
11120.83,-8015.86 11115.95,-7961.18
11330.31,-8328.2 11249.64,-8257.36
11249.64,-8257.36 11187.06,-8180.69
11187.06,-8180.69 11143.83,-8099.67
11143.83,-8099.67 11120.83,-8015.86
13174.24,-8117.85 13136.88,-8185.09
13136.88,-8185.09 13074.76,-8261.04
13074.76,-8261.04 12994.59,-8331.27
12994.59,-8331.27 12897.95,-8394.37
11429.1,-8393.19 11419.46,-8403.28
11955.24,-8338.59 12071.59,-8354.37
12071.59,-8354.37 12190.62,-8359.72
12190.62,-8359.72 12309.58,-8354.52
12309.58,-8354.52 12425.72,-8338.9
12425.72,-8338.9 12536.34,-8313.25
11648.75,-8233.17 11741.31,-8277.31
11741.31,-8277.31 11844.28,-8312.71
11844.28,-8312.71 11955.24,-8338.59
12536.34,-8313.25 12638.89,-8278.14
12638.89,-8278.14 12730.93,-8234.41
12730.93,-8234.41 12810.34,-8183.07
12810.34,-8183.07 12853.39,-8144.78
12764.88,-13807.27 13221.69,-14071
12755.43,-13683.76 12755.43,-13790.9
13231.14,-14065.55 13231.14,-13931.77
12755.43,-13790.9 12764.88,-13807.27
13221.69,-14071 13231.14,-14065.55
11115.43,-12730.79 11115.43,-12837.9
11591.14,-13112.55 11591.14,-13005.44
11124.88,-12854.27 11581.69,-13118
11115.43,-12837.9 11124.88,-12854.27
11581.69,-13118 11591.14,-13112.55
7372.28,-13600.13 7372.28,-15635.34
