11165.33,-6431.06 12807.36,-5482.85
11165.33,-6644.7 11157.54,-6725.07
11165.33,-6644.7 11165.33,-6431.06
11166.1,-11707.72 11166.1,-6730.01
11312.03,-11743.21 11312.03,-11462.54
11398.3,-6864.07 11398.3,-11512.35
11612.43,-11637.5 11612.43,-11744.65
13441,-8043.4 13445.01,-8041.08
13824.74,-8043.39 15466.77,-7095.37
13449.55,-13023.87 13816.19,-13023.87
11166.1,-11707.72 11211.01,-11733.65
13399.49,-12997.14 13443.13,-13022.34
11253.77,-11725.01 11298.67,-11750.93
13397.57,-12955.91 11305.35,-11747.07
12088.14,-12019.29 12088.14,-11909.57
13208.15,-12554.8 13245.05,-12554.8
11621.88,-11761.01 12078.69,-12024.75
12824.52,-12455.34 13281.33,-12719.08
11253.64,-11428.83 13208.15,-12554.8
13245.05,-12554.8 13398.22,-12641.78
12168.32,-9789.42 12168.32,-9896.97
12424.88,-9940.17 12424.88,-10042.01
15277.45,-8083.37 13966.04,-8840.51
13822.6,-8930 13935.38,-8864.89
15300.51,-8076.74 15367.32,-8038.16
13130.43,-12004.73 11473.46,-11048.09
12815.07,-12331.84 12815.07,-12438.98
13245.05,-12554.8 13245.05,-7930.27
13290.78,-12713.62 13290.78,-12580.77
13354.92,-12616.88 13354.66,-12931.14
13443.13,-13022.34 13443.13,-8042.16
15365.21,-9038 15298.4,-9076.58
13933.27,-9864.73 13822.6,-9928.62
15267.99,-9100.79 13956.6,-9857.95
13933.27,-9864.73 13933.56,-9864.61
13130.43,-10915.37 11473.46,-9958.74
15396.2,-12103.95 15381.23,-12095.31
13822.6,-13022.33 13822.6,-8042.16
15276.13,-9094.77 15267.99,-9100.79
11228.12,-11733.65 11243.08,-11725.01
13200.94,-10605.18 11402.95,-9567.14
12419.54,-10042.01 12423.32,-10044.19
12168.32,-9896.97 12419.54,-10042.01
12422.21,-9935.55 12168.98,-9789.35
11473.46,-9337.28 13130.43,-10293.91
13972.28,-12887.16 13972.28,-12459.86
14051.75,-12413.98 14051.75,-8791.02
14059.32,-8765.25 14059.32,-7907.96
15365.21,-9942.2 15298.4,-9980.78
13933.27,-10768.92 13822.6,-10832.82
15268,-10005.01 13956.6,-10762.14
14639.7,-12074.53 14639.7,-8451.57
15298.4,-10884.97 15298.16,-10885.14
15365.21,-10846.4 15298.4,-10884.97
13933.27,-11673.12 13822.6,-11737.02
15268,-10909.2 13956.6,-11666.34
11473.46,-8198.55 13130.43,-9155.18
15221.5,-7236.98 15221.5,-8094.27
15227.66,-11735.07 15227.66,-8112.12
15312.28,-11692.9 15312.28,-12113.52
15460.87,-7098.78 15460.87,-12074.32
15468.43,-6808.89 15468.43,-7090.88
13935.62,-12487.68 13935.38,-12487.84
15277.45,-11706.32 13966.04,-12463.46
13822.6,-12552.96 13935.38,-12487.84
15300.51,-11699.7 15367.32,-11661.12
15300.22,-11699.81 15300.51,-11699.7
13200.94,-8509.04 11402.95,-7470.99
15370.54,-12095.31 15325.64,-12121.23
13871.49,-12960.78 13958.92,-12910.31
13822.6,-13022.33 13867.52,-12996.4
15413.3,-12103.95 15458.21,-12078.02
11157.54,-6725.07 13441,-8043.4
13448.79,-8044.35 13816.95,-8044.35
13824.74,-8043.39 13820.73,-8041.08
13175.52,-5482.85 14538.33,-6268.37
14538.33,-6268.37 15460.09,-6800.53
12807.36,-5482.85 13175.52,-5482.85
12555.41,-6109.94 12433.8,-6175.25
13523.96,-6457.49 14186.26,-6180.36
13133.03,-6646.19 13106.32,-6665.89
13106.32,-6665.89 12458.63,-7143.97
14227.72,-6156.39 14186.49,-6180.19
12396.12,-7213.85 12354.88,-7237.66
12447.68,-7189.36 12432.03,-7198.47
12396.35,-7213.75 12396.12,-7213.85
12408.34,-7208.96 12396.35,-7213.75
12173.21,-6420.18 12128.51,-6509.55
14186.26,-6180.36 14186.49,-6180.19
12128.51,-6509.55 12106.71,-6594.48
12106.71,-6594.52 12102.78,-6651.06
12102.78,-6650.72 12106.68,-6594.93
12106.71,-6594.52 12106.71,-6594.49
12102.78,-6651.06 12102.78,-6650.72
12157.06,-6498.63 12156.85,-6535.51
12447.68,-7155.43 12447.68,-7189.36
14465.57,-6836.44 14490.9,-6769.03
13528.78,-6548.54 13527.57,-6534.78
13612.73,-7393.27 13613.36,-7414.9
13605.39,-7338.93 13607.29,-7381.15
14490.9,-6769.03 14504.73,-6695.67
13055.11,-6542.13 13057.2,-6561
13613.36,-7414.9 13613.47,-7415.4
14506.58,-6656.69 14506.58,-6656.97
14451.88,-6853.97 14451.8,-6893.32
14504.73,-6695.67 14506.58,-6656.69
13613.47,-7415.4 13628.57,-7447.92
13607.29,-7381.15 13612.73,-7393.27
12989.41,-5983.53 12980.38,-5964.06
13351.12,-6679.76 13597.45,-7318.33
13597.45,-7318.33 13605.39,-7338.93
12347.19,-7070.66 12458.63,-7143.97
13239.42,-6400.82 12989.41,-5983.53
13055.76,-6531.69 12157.06,-6498.63
12077,-6528.67 12091.04,-6529.54
12091.04,-6529.54 12107.82,-6531.07
12020.63,-6519.95 12076.97,-6528.66
14522.66,-6907 14579,-6915.72
12156.85,-6535.51 12125.03,-6533.52
12119.67,-6532.55 12107.82,-6531.07
14451.8,-6893.32 14488.28,-6898.96
14488.26,-6898.96 14488.28,-6898.96
13199.13,-6672.42 13245.59,-6681.15
14522.63,-6906.99 14522.66,-6907
14510.63,-6903.83 14522.63,-6906.99
13511.82,-6598.29 13550.85,-6608.9
13550.85,-6608.9 14432.56,-6848.72
14432.56,-6848.72 14451.88,-6853.97
14506.57,-6655.71 14506.58,-6655.99
14506.58,-6655.99 14506.58,-6656.69
12102.78,-6653.04 12102.78,-6651.89
12102.78,-6651.89 12102.78,-6651.54
12102.78,-6651.54 12102.78,-6651.06
14506.58,-6656.97 14506.58,-6657.8
14506.58,-6657.8 14506.57,-6658.08
13657.73,-5997.43 13489.45,-5974.4
13489.45,-5974.4 13319.04,-5964.22
13319.04,-5964.22 13150.57,-5967.23
13150.57,-5967.23 12987.53,-5983.72
12987.53,-5983.72 12832.94,-6013.68
12832.94,-6013.68 12688.67,-6056.03
12688.67,-6056.03 12555.41,-6109.94
13996.85,-6311.4 13908.97,-6255.04
13908.97,-6255.04 13807.67,-6207.03
13807.67,-6207.03 13695.31,-6168.45
13695.31,-6168.45 13574.43,-6140.11
13574.43,-6140.11 13447.76,-6122.61
13447.76,-6122.61 13318.18,-6116.31
13318.18,-6116.31 13188.62,-6121.33
13188.62,-6121.33 13061.97,-6137.53
13061.97,-6137.53 12941.08,-6164.55
12941.08,-6164.55 12828.69,-6201.77
12828.69,-6201.77 12727.37,-6248.33
14214.88,-6199.34 14102.12,-6135.45
14102.12,-6135.45 13970.14,-6079.66
13970.14,-6079.66 13819.74,-6032.84
13819.74,-6032.84 13657.73,-5997.43
13523.96,-6457.49 13487.39,-6434.3
13487.39,-6434.3 13443.99,-6415.97
13443.99,-6415.97 13395.55,-6403.13
13395.55,-6403.13 13344.01,-6396.2
13344.01,-6396.2 13291.43,-6395.4
13291.43,-6395.4 13239.91,-6400.71
13239.91,-6400.71 13191.53,-6411.87
13191.53,-6411.87 13148.24,-6428.39
13119.68,-6639.33 13156.55,-6658.29
13156.55,-6658.29 13199.13,-6672.42
14488.26,-6898.96 14495.86,-6900.43
14495.86,-6900.43 14510.63,-6903.83
13245.59,-6681.15 13293.93,-6684.17
13293.93,-6684.17 13342.08,-6681.41
13342.08,-6681.41 13388.1,-6673.01
13388.1,-6673.01 13430.14,-6659.32
13430.14,-6659.32 13466.23,-6641.03
14161.27,-6517.19 14124.47,-6443.99
14124.47,-6443.99 14069.24,-6374.86
14069.24,-6374.86 13996.85,-6311.4
12882.25,-7299.81 13043.74,-7327.02
13043.74,-7327.02 13210.14,-7340.78
13210.14,-7340.78 13378.14,-7340.85
13378.14,-7340.85 13544.39,-7327.22
12626.97,-6908.4 12712.68,-6964.06
12458.63,-7143.97 12586.73,-7207.39
12586.73,-7207.39 12728.89,-7259.68
12728.89,-7259.68 12882.25,-7299.81
13544.39,-7327.22 13705.6,-7300.19
13705.6,-7300.19 13858.55,-7260.3
13858.55,-7260.3 14000.23,-7208.32
14000.23,-7208.32 14127.78,-7145.31
13527.57,-6534.78 13517.32,-6506.67
13057.2,-6561 13068.84,-6589.77
13068.84,-6589.77 13090.02,-6616.22
13090.02,-6616.22 13119.68,-6639.33
14506.58,-6656.97 14505.56,-6628
14505.56,-6628 14487.91,-6533.34
14487.91,-6533.34 14448.88,-6441.14
14448.88,-6441.14 14389.39,-6353.43
14389.39,-6353.43 14310.82,-6272.23
14310.82,-6272.23 14214.88,-6199.34
14180.34,-6622.67 14178.81,-6592.73
14178.81,-6592.73 14161.27,-6517.19
12469.46,-6705.25 12503.88,-6777.47
12503.88,-6777.47 12556.81,-6845.72
12556.81,-6845.72 12626.97,-6908.4
14127.61,-6796.92 14163.73,-6721.54
14163.73,-6721.54 14179.58,-6644.02
14179.58,-6644.02 14180.34,-6623.09
12453.66,-6611.01 12454.37,-6630.87
12454.37,-6630.87 12469.46,-6705.25
13515.38,-6593.91 13526.64,-6566.89
13526.64,-6566.89 13528.78,-6548.48
13064.58,-6502.39 13055.76,-6531.69
13055.76,-6531.69 13055.11,-6542.13
14077.15,-6861.68 14127.61,-6796.92
12511.3,-6432.33 12473.91,-6503.83
12473.91,-6503.83 12455.57,-6577.77
12455.57,-6577.77 12453.66,-6610.67
13466.23,-6641.03 13494.97,-6618.95
13494.97,-6618.95 13515.38,-6593.91
12432.03,-7198.47 12424.3,-7202.09
12424.3,-7202.09 12408.34,-7208.96
13148.24,-6428.39 13111.74,-6449.6
13111.74,-6449.6 13083.49,-6474.61
13083.49,-6474.61 13064.58,-6502.39
12727.37,-6248.33 12639.44,-6303.14
12639.44,-6303.14 12566.89,-6364.94
12566.89,-6364.94 12511.3,-6432.33
12433.8,-6175.25 12327.65,-6250.33
12327.65,-6250.33 12240.06,-6332.83
12240.06,-6332.83 12173.21,-6420.18
12108.32,-6715.17 12102.78,-6653.04
12346.37,-7070.11 12254.7,-6989.62
12254.7,-6989.62 12183.59,-6902.48
12183.59,-6902.48 12134.46,-6810.42
12134.46,-6810.42 12108.32,-6715.17
14441.75,-6831.07 14399.29,-6907.48
14399.29,-6907.48 14328.7,-6993.79
14328.7,-6993.79 14237.6,-7073.6
14237.6,-7073.6 14127.78,-7145.31
12458.63,-7143.97 12447.68,-7155.43
13056.52,-7081.92 13188.73,-7099.85
13188.73,-7099.85 13324,-7105.92
13324,-7105.92 13459.18,-7100.02
13459.18,-7100.02 13591.15,-7082.28
13591.15,-7082.28 13716.86,-7053.12
12708.23,-6962.13 12813.42,-7012.28
12813.42,-7012.28 12930.43,-7052.51
12930.43,-7052.51 13056.52,-7081.92
13716.86,-7053.12 13833.39,-7013.23
13833.39,-7013.23 13937.99,-6963.53
13937.99,-6963.53 14028.22,-6905.2
14028.22,-6905.2 14077.15,-6861.68
15460.09,-6800.53 15468.43,-6808.89
13966.04,-8840.51 13935.38,-8864.89
15277.45,-8083.37 15300.51,-8076.74
15276.13,-9094.77 15298.4,-9076.58
13933.56,-9864.61 13956.6,-9857.95
15268,-10005.01 15298.4,-9980.78
15268,-10909.2 15298.4,-10884.97
13933.27,-11673.12 13956.6,-11666.34
13935.62,-12487.68 13966.04,-12463.46
15277.45,-11706.32 15300.22,-11699.81
11211.01,-11733.65 11228.12,-11733.65
11243.08,-11725.01 11253.77,-11725.01
15325.64,-12121.23 15312.28,-12113.52
15460.87,-12074.32 15458.21,-12078.02
15413.3,-12103.95 15396.2,-12103.95
15370.54,-12095.31 15381.23,-12095.31
13972.28,-12887.16 13958.92,-12910.31
13871.49,-12960.78 13867.52,-12996.4
13816.19,-13023.87 13822.6,-13022.33
13443.13,-13022.34 13449.55,-13023.87
13933.27,-10768.92 13956.6,-10762.14
11612.43,-11744.65 11621.88,-11761.01
12078.69,-12024.75 12088.14,-12019.29
12815.07,-12438.98 12824.52,-12455.34
13281.33,-12719.08 13290.78,-12713.62
13399.49,-12997.14 13397.57,-12955.91
15466.77,-7095.37 15468.43,-7090.88
11298.67,-11750.93 11312.03,-11743.21
5741.74,-6385.05 7383.77,-5436.84
5741.74,-6598.7 5733.95,-6679.07
5741.74,-6598.7 5741.74,-6385.05
5742.51,-11661.71 5742.51,-6684.01
5888.44,-11697.21 5888.44,-11416.54
5974.71,-6818.06 5974.71,-11466.34
6188.83,-11591.5 6188.83,-11698.64
8017.41,-7997.39 8021.42,-7995.08
8401.14,-7997.39 10043.18,-7049.37
8025.96,-12977.86 8392.59,-12977.86
5742.51,-11661.71 5787.42,-11687.64
7975.9,-12951.13 8019.54,-12976.33
5830.18,-11679 5875.08,-11704.93
7973.98,-12909.91 5881.76,-11701.07
6664.55,-11973.29 6664.55,-11863.57
7784.56,-12508.8 7821.46,-12508.8
6198.28,-11715.01 6655.1,-11978.74
7400.93,-12409.34 7857.74,-12673.07
5830.05,-11382.83 7784.56,-12508.8
7821.46,-12508.8 7974.63,-12595.78
6744.72,-9743.41 6744.72,-9850.97
7001.29,-9894.17 7001.29,-9996.01
9853.86,-8037.36 8542.44,-8794.5
8399.01,-8884 8511.79,-8818.88
9876.91,-8030.73 9943.73,-7992.16
7706.84,-11958.72 6049.86,-11002.09
7391.48,-12285.83 7391.48,-12392.97
7821.46,-12508.8 7821.46,-7884.26
7867.19,-12667.62 7867.19,-12534.77
7931.33,-12570.87 7931.07,-12885.14
8019.54,-12976.33 8019.54,-7996.16
9941.62,-8992 9874.8,-9030.57
8509.68,-9818.72 8399.01,-9882.62
9844.4,-9054.79 8533,-9811.94
8509.68,-9818.72 8509.97,-9818.61
7706.84,-10869.36 6049.86,-9912.73
9972.6,-12057.95 9957.64,-12049.3
8399.01,-12976.33 8399.01,-7996.16
9852.54,-9048.76 9844.4,-9054.79
5804.52,-11687.64 5819.49,-11679
7777.34,-10559.18 5979.36,-9521.13
6995.94,-9996.01 6999.72,-9998.19
6744.72,-9850.97 6995.94,-9996.01
6998.62,-9889.54 6745.39,-9743.35
6049.86,-9291.27 7706.84,-10247.91
8548.69,-12841.16 8548.69,-12413.86
8628.15,-12367.97 8628.15,-8745.02
8635.73,-8719.24 8635.73,-7861.96
9941.62,-9896.2 9874.8,-9934.77
8509.68,-10722.92 8399.01,-10786.82
9844.41,-9959 8533,-10716.14
9216.11,-12028.52 9216.11,-8405.57
9874.8,-10838.97 9874.57,-10839.14
9941.62,-10800.39 9874.8,-10838.97
8509.68,-11627.12 8399.01,-11691.01
9844.41,-10863.2 8533,-11620.33
6049.86,-8152.54 7706.84,-9109.18
9797.91,-7190.97 9797.91,-8048.26
9804.06,-11689.07 9804.06,-8066.11
9888.69,-11646.89 9888.69,-12067.51
10037.28,-7052.77 10037.28,-12028.31
10044.84,-6762.88 10044.84,-7044.87
8512.03,-12441.67 8511.79,-12441.84
9853.86,-11660.32 8542.44,-12417.46
8399.01,-12506.95 8511.79,-12441.84
9876.91,-11653.69 9943.73,-11615.12
9876.62,-11653.81 9876.91,-11653.69
7777.34,-8463.03 5979.36,-7424.99
9946.95,-12049.3 9902.05,-12075.23
8447.9,-12914.78 8535.32,-12864.3
8399.01,-12976.33 8443.92,-12950.4
9989.71,-12057.95 10034.62,-12032.01
5733.95,-6679.07 8017.41,-7997.39
8025.19,-7998.35 8393.36,-7998.35
8401.14,-7997.39 8397.14,-7995.08
7751.93,-5436.84 9114.74,-6222.36
9114.74,-6222.36 10036.49,-6754.53
7383.77,-5436.84 7751.93,-5436.84
7131.82,-6063.93 7010.21,-6129.24
8100.37,-6411.48 8762.67,-6134.35
7709.43,-6600.19 7682.72,-6619.89
7682.72,-6619.89 7035.04,-7097.96
8804.13,-6110.38 8762.89,-6134.19
6972.53,-7167.85 6931.29,-7191.66
7024.09,-7143.35 7008.44,-7152.46
6972.76,-7167.74 6972.53,-7167.85
6984.75,-7162.96 6972.76,-7167.74
6749.62,-6374.18 6704.92,-6463.54
8762.67,-6134.35 8762.89,-6134.19
6704.92,-6463.54 6683.12,-6548.48
6683.12,-6548.51 6679.18,-6605.06
6679.18,-6604.72 6683.09,-6548.92
6683.12,-6548.51 6683.12,-6548.48
6679.18,-6605.06 6679.18,-6604.72
6733.47,-6452.63 6733.26,-6489.5
7024.09,-7109.42 7024.09,-7143.35
9041.98,-6790.43 9067.31,-6723.03
8105.19,-6502.54 8103.98,-6488.77
8189.14,-7347.26 8189.77,-7368.89
8181.8,-7292.92 8183.7,-7335.14
9067.31,-6723.03 9081.14,-6649.67
7631.52,-6496.13 7633.6,-6514.99
8189.77,-7368.89 8189.88,-7369.4
9082.98,-6610.68 9082.98,-6610.97
9028.28,-6807.97 9028.21,-6847.31
9081.14,-6649.67 9082.98,-6610.68
8189.88,-7369.4 8204.97,-7401.92
8183.7,-7335.14 8189.14,-7347.26
7565.82,-5937.52 7556.78,-5918.06
7927.53,-6633.75 8173.85,-7272.32
8173.85,-7272.32 8181.8,-7292.92
6923.6,-7024.65 7035.04,-7097.96
7815.83,-6354.81 7565.82,-5937.52
7632.17,-6485.68 6733.47,-6452.63
6653.41,-6482.66 6667.45,-6483.54
6667.45,-6483.54 6684.22,-6485.06
6597.04,-6473.94 6653.37,-6482.66
9099.07,-6861 9155.4,-6869.71
6733.26,-6489.5 6701.44,-6487.52
6696.08,-6486.54 6684.22,-6485.06
9028.21,-6847.31 9064.68,-6852.95
9064.67,-6852.95 9064.68,-6852.95
7775.53,-6626.41 7822,-6635.15
9099.04,-6860.99 9099.07,-6861
9087.04,-6857.82 9099.04,-6860.99
8088.22,-6552.28 8127.26,-6562.9
8127.26,-6562.9 9008.97,-6802.72
9008.97,-6802.72 9028.28,-6807.97
9082.98,-6609.71 9082.98,-6609.99
9082.98,-6609.99 9082.98,-6610.68
6679.19,-6607.03 6679.19,-6605.88
6679.19,-6605.88 6679.18,-6605.54
6679.18,-6605.54 6679.18,-6605.06
9082.98,-6610.97 9082.98,-6611.8
9082.98,-6611.8 9082.98,-6612.08
8234.14,-5951.42 8065.86,-5928.39
8065.86,-5928.39 7895.45,-5918.21
7895.45,-5918.21 7726.97,-5921.22
7726.97,-5921.22 7563.94,-5937.71
7563.94,-5937.71 7409.34,-5967.68
7409.34,-5967.68 7265.08,-6010.03
7265.08,-6010.03 7131.82,-6063.93
8573.25,-6265.4 8485.38,-6209.03
8485.38,-6209.03 8384.08,-6161.03
8384.08,-6161.03 8271.71,-6122.45
8271.71,-6122.45 8150.83,-6094.1
8150.83,-6094.1 8024.17,-6076.6
8024.17,-6076.6 7894.59,-6070.3
7894.59,-6070.3 7765.02,-6075.32
7765.02,-6075.32 7638.38,-6091.53
7638.38,-6091.53 7517.49,-6118.55
7517.49,-6118.55 7405.09,-6155.77
7405.09,-6155.77 7303.77,-6202.32
8791.28,-6153.34 8678.53,-6089.44
8678.53,-6089.44 8546.55,-6033.65
8546.55,-6033.65 8396.15,-5986.83
8396.15,-5986.83 8234.14,-5951.42
8100.37,-6411.48 8063.8,-6388.29
8063.8,-6388.29 8020.4,-6369.96
8020.4,-6369.96 7971.96,-6357.13
7971.96,-6357.13 7920.42,-6350.2
7920.42,-6350.2 7867.84,-6349.4
7867.84,-6349.4 7816.32,-6354.7
7816.32,-6354.7 7767.94,-6365.86
7767.94,-6365.86 7724.64,-6382.39
7696.09,-6593.32 7732.96,-6612.29
7732.96,-6612.29 7775.53,-6626.41
9064.67,-6852.95 9072.26,-6854.42
9072.26,-6854.42 9087.04,-6857.82
7822,-6635.15 7870.34,-6638.17
7870.34,-6638.17 7918.49,-6635.4
7918.49,-6635.4 7964.51,-6627
7964.51,-6627 8006.55,-6613.32
8006.55,-6613.32 8042.63,-6595.03
8737.68,-6471.19 8700.88,-6397.98
8700.88,-6397.98 8645.65,-6328.86
8645.65,-6328.86 8573.25,-6265.4
7458.65,-7253.81 7620.14,-7281.01
7620.14,-7281.01 7786.55,-7294.78
7786.55,-7294.78 7954.55,-7294.84
7954.55,-7294.84 8120.8,-7281.22
7203.38,-6862.4 7289.09,-6918.05
7035.04,-7097.96 7163.13,-7161.38
7163.13,-7161.38 7305.29,-7213.67
7305.29,-7213.67 7458.65,-7253.81
8120.8,-7281.22 8282,-7254.19
8282,-7254.19 8434.96,-7214.29
8434.96,-7214.29 8576.63,-7162.32
8576.63,-7162.32 8704.19,-7099.3
8103.98,-6488.77 8093.72,-6460.66
7633.6,-6514.99 7645.25,-6543.77
7645.25,-6543.77 7666.43,-6570.21
7666.43,-6570.21 7696.09,-6593.32
9082.98,-6610.97 9081.96,-6581.99
9081.96,-6581.99 9064.32,-6487.34
9064.32,-6487.34 9025.28,-6395.14
9025.28,-6395.14 8965.8,-6307.42
8965.8,-6307.42 8887.22,-6226.23
8887.22,-6226.23 8791.28,-6153.34
8756.75,-6576.67 8755.22,-6546.73
8755.22,-6546.73 8737.68,-6471.19
7045.86,-6659.25 7080.29,-6731.47
7080.29,-6731.47 7133.22,-6799.72
7133.22,-6799.72 7203.38,-6862.4
8704.01,-6750.91 8740.14,-6675.53
8740.14,-6675.53 8755.99,-6598.01
8755.99,-6598.01 8756.75,-6577.08
7030.07,-6565 7030.78,-6584.86
7030.78,-6584.86 7045.86,-6659.25
8091.79,-6547.91 8103.05,-6520.88
8103.05,-6520.88 8105.19,-6502.47
7640.99,-6456.38 7632.17,-6485.68
7632.17,-6485.68 7631.52,-6496.12
8653.55,-6815.67 8704.01,-6750.91
7087.71,-6386.33 7050.32,-6457.83
7050.32,-6457.83 7031.98,-6531.76
7031.98,-6531.76 7030.07,-6564.66
8042.63,-6595.03 8071.38,-6572.95
8071.38,-6572.95 8091.79,-6547.91
7008.44,-7152.46 7000.71,-7156.08
7000.71,-7156.08 6984.75,-7162.96
7724.64,-6382.39 7688.15,-6403.59
7688.15,-6403.59 7659.89,-6428.6
7659.89,-6428.6 7640.99,-6456.38
7303.77,-6202.32 7215.85,-6257.13
7215.85,-6257.13 7143.3,-6318.93
7143.3,-6318.93 7087.71,-6386.33
7010.21,-6129.24 6904.05,-6204.32
6904.05,-6204.32 6816.46,-6286.82
6816.46,-6286.82 6749.62,-6374.18
6684.73,-6669.17 6679.19,-6607.03
6922.78,-7024.1 6831.11,-6943.61
6831.11,-6943.61 6760,-6856.48
6760,-6856.48 6710.87,-6764.42
6710.87,-6764.42 6684.73,-6669.17
9018.16,-6785.07 8975.7,-6861.48
8975.7,-6861.48 8905.1,-6947.79
8905.1,-6947.79 8814,-7027.6
8814,-7027.6 8704.19,-7099.3
7035.04,-7097.96 7024.09,-7109.42
7632.92,-7035.91 7765.14,-7053.85
7765.14,-7053.85 7900.41,-7059.92
7900.41,-7059.92 8035.59,-7054.01
8035.59,-7054.01 8167.56,-7036.27
8167.56,-7036.27 8293.27,-7007.12
7284.64,-6916.12 7389.82,-6966.27
7389.82,-6966.27 7506.83,-7006.5
7506.83,-7006.5 7632.92,-7035.91
8293.27,-7007.12 8409.8,-6967.22
8409.8,-6967.22 8514.39,-6917.53
8514.39,-6917.53 8604.63,-6859.19
8604.63,-6859.19 8653.55,-6815.67
10036.49,-6754.53 10044.84,-6762.88
8542.44,-8794.5 8511.79,-8818.88
9853.86,-8037.36 9876.91,-8030.73
9852.54,-9048.76 9874.8,-9030.57
8509.97,-9818.61 8533,-9811.94
9844.41,-9959 9874.8,-9934.77
9844.41,-10863.2 9874.8,-10838.97
8509.68,-11627.12 8533,-11620.33
8512.03,-12441.67 8542.44,-12417.46
9853.86,-11660.32 9876.62,-11653.81
5787.42,-11687.64 5804.52,-11687.64
5819.49,-11679 5830.18,-11679
9902.05,-12075.23 9888.69,-12067.51
10037.28,-12028.31 10034.62,-12032.01
9989.71,-12057.95 9972.6,-12057.95
9946.95,-12049.3 9957.64,-12049.3
8548.69,-12841.16 8535.32,-12864.3
8447.9,-12914.78 8443.92,-12950.4
8392.59,-12977.86 8399.01,-12976.33
8019.54,-12976.33 8025.96,-12977.86
8509.68,-10722.92 8533,-10716.14
6188.83,-11698.64 6198.28,-11715.01
6655.1,-11978.74 6664.55,-11973.29
7391.48,-12392.97 7400.93,-12409.34
7857.74,-12673.07 7867.19,-12667.62
7975.9,-12951.13 7973.98,-12909.91
10043.18,-7049.37 10044.84,-7044.87
5875.08,-11704.93 5888.44,-11697.21
7629.33,-12541.21 7629.33,-14441.21
7629.33,-14441.21 5429.33,-14441.21
13052.93,-14787.21 5429.33,-14787.21
13052.93,-12587.21 13052.93,-14787.21
5429.33,-14241.21 5429.33,-14987.21
5429.33,-14241.21 4755.24,-14614.21
4755.24,-14614.21 5429.33,-14987.21
4755.24,-14614.21 2929.95,-14614.21
