7773.86,-15658.57 5569.39,-15658.57
13192.98,-16004.57 5569.39,-16004.57
13192.98,-13845.81 13192.98,-16004.57
5569.39,-15458.57 5569.39,-16204.57
5569.39,-15458.57 4895.29,-15831.57
4895.29,-15831.57 5569.39,-16204.57
4895.29,-15831.57 3070,-15831.57
5401.63,-7657.58 6281.42,-7149.63
6281.42,-7149.63 6888.51,-6799.13
5398,-7922.75 5398,-7666.74
5405.05,-12431.39 5405.05,-7927.25
5619.17,-8602.04 5619.17,-10493.32
5619.17,-12252.46 5619.17,-10497.51
5619.16,-10493.32 5619.17,-10497.51
5619.17,-8602.04 5619.16,-8579.84
5619.16,-8579.84 5619.77,-8051.22
8200.37,-14045.23 8532.27,-14045.23
5961.5,-10582.58 5961.5,-10490.39
5961.5,-10485.21 5961.5,-10490.39
5961.5,-10485.21 5965.73,-10483.05
5407.46,-12434.74 5448.12,-12458.22
8153.9,-14020.37 8194.56,-14043.84
8150.69,-13988.34 8126.8,-13974.55
5486.83,-12450.39 5527.47,-12473.86
5537.81,-12473.68 8117.06,-13962.78
6197.39,-10711.63 6197.39,-10619.59
6192.34,-10715.85 6197.39,-10711.63
8539.8,-9536.74 10028.18,-8677.37
5619.17,-12252.46 7979.17,-13614.97
8025.18,-13615.01 8150.69,-13687.47
9880.05,-9569.43 9880.31,-9569.32
7864.31,-13089.12 5735.29,-11859.96
7393.75,-11312.1 7393.75,-11409.46
9859.94,-9575.89 8672.28,-10260.73
8581.94,-10318.85 8644.53,-10282.8
9880.31,-9569.32 9940.79,-9534.4
7629.63,-11538.67 7629.63,-11446.48
7393.75,-11312.1 7397.98,-11309.94
5463.6,-12458.22 5477.15,-12450.39
7624.58,-11542.74 7628.92,-11540.23
9880.05,-10505.29 9880.31,-10505.18
7864.31,-12102.97 5735.29,-10873.81
9962.58,-13212.46 9949.03,-13204.64
8150.69,-14015.9 8150.69,-9512.41
8664.63,-11202.23 8672.27,-11196.58
9859.94,-10510.89 8672.28,-11196.59
8581.94,-11254.79 8644.53,-11218.66
9880.31,-10505.18 9940.79,-10470.26
8150.69,-11952.9 5623.27,-10493.72
6188.92,-10713.87 6192.34,-10715.85
7621.16,-11540.76 7624.58,-11542.74
5961.5,-10582.58 6188.92,-10713.87
7393.75,-11409.46 7621.16,-11540.76
5965.73,-10483.05 6194.97,-10615.4
7397.98,-11309.94 7627.21,-11442.29
7864.31,-11540.06 5735.29,-10310.9
8581.94,-9512.41 8581.94,-14015.89
8673.57,-13921.47 8673.57,-13539.68
8749.87,-13495.75 8749.87,-10215.99
8664.63,-12020.76 8672.27,-12015.11
8644.74,-12037.04 8644.53,-12037.19
9859.94,-11329.89 8672.28,-12015.12
8581.94,-12073.32 8644.53,-12037.19
9880.94,-11323.89 9939.88,-11289.33
9282.11,-13189.23 9282.11,-9909.08
9880.05,-12142.35 9880.31,-12142.24
5735.29,-9257.71 7864.31,-10486.87
8644.74,-12855.56 8644.53,-12855.72
9859.94,-12147.89 8671.94,-12833.89
8581.94,-12891.85 8644.53,-12855.72
9880.31,-12142.24 9939.66,-12107.98
8150.69,-10056.07 5623.88,-8597.21
9814.36,-12882.72 9814.36,-9602.18
9883.71,-12847.06 9883.71,-13219.45
10021.13,-8681.5 10021.13,-13185.64
10028.18,-8612.37 10028.18,-8677.37
10028.18,-8420.99 10028.18,-8612.37
8664.63,-13546.08 8672.3,-13540.42
8644.74,-13562.35 8644.53,-13562.5
9860.94,-12855.89 8672.28,-13540.43
8581.94,-13598.67 8644.53,-13562.5
9880.31,-12849.02 9939.46,-12814.87
9880.05,-12849.13 9880.31,-12849.02
5398,-7922.75 8192.83,-9536.74
9939.36,-13204.64 9898.71,-13228.11
8581.94,-13988.34 8661.47,-13942.42
8538.08,-14043.84 8578.73,-14020.36
9978.06,-13212.46 10018.72,-13188.99
8192.83,-9536.74 8539.8,-9536.74
7231.22,-6799.13 10024.55,-8411.82
6888.82,-6798.63 7231.22,-6799.13
9860.94,-12855.89 9880.05,-12849.13
8644.74,-13562.35 8654.38,-13554.23
8654.38,-13554.23 8664.63,-13546.08
9859.94,-12147.89 9880.05,-12142.35
8644.74,-12855.56 8671.94,-12833.89
8644.74,-12037.04 8654.38,-12028.92
8654.38,-12028.92 8664.63,-12020.76
9859.94,-11329.89 9880.94,-11323.89
8644.74,-11218.51 8654.38,-11210.39
8654.38,-11210.39 8664.63,-11202.23
9859.94,-10510.89 9863.69,-10509.8
9863.69,-10509.8 9871.94,-10507.41
9871.94,-10507.41 9880.05,-10505.29
8644.74,-10282.65 8654.38,-10274.53
8654.38,-10274.53 8664.63,-10266.37
9859.94,-9575.89 9863.69,-9573.94
9863.69,-9573.94 9871.94,-9571.55
9871.94,-9571.55 9880.05,-9569.43
8664.63,-10266.37 8672.28,-10260.73
9962.58,-13212.46 9971.92,-13214.58
9971.92,-13214.58 9978.06,-13212.46
10018.72,-13188.99 10021.13,-13185.64
9949.03,-13204.64 9939.36,-13204.64
9898.71,-13228.11 9886.61,-13221.12
9886.61,-13221.12 9883.71,-13219.45
10024.55,-8411.82 10028.18,-8420.99
5401.63,-7657.58 5398,-7666.74
7627.21,-11442.29 7629.63,-11446.48
6194.97,-10615.4 6197.39,-10619.59
5405.05,-12431.39 5407.46,-12434.74
5448.12,-12458.22 5463.6,-12458.22
5477.15,-12450.39 5486.83,-12450.39
5527.47,-12473.86 5537.81,-12473.68
8150.69,-14015.9 8153.9,-14020.37
8194.56,-14043.84 8200.37,-14045.23
8532.27,-14045.23 8538.08,-14043.84
8578.73,-14020.36 8581.94,-14015.89
8661.47,-13942.42 8673.57,-13921.47
8126.8,-13974.55 8117.06,-13962.78
7979.17,-13614.97 8025.18,-13615.01
7628.92,-11540.23 7629.63,-11538.67
7840.2,-8054.81 7733.18,-8112.28
8692.52,-8360.65 9275.35,-8116.78
8348.5,-8526.71 8325,-8544.05
8325,-8544.05 7755.04,-8964.76
9311.84,-8095.68 9275.55,-8116.64
7700.03,-9026.26 7663.74,-9047.21
7745.4,-9004.7 7731.63,-9012.72
7700.23,-9026.16 7700.03,-9026.26
7710.78,-9021.95 7700.23,-9026.16
7503.87,-8327.83 7464.53,-8406.47
9275.35,-8116.78 9275.55,-8116.64
7464.53,-8406.47 7445.35,-8481.21
7445.35,-8481.24 7441.88,-8531
7441.88,-8530.7 7445.32,-8481.6
7445.35,-8481.24 7445.35,-8481.21
7441.88,-8531 7441.88,-8530.7
7489.66,-8396.86 7489.47,-8429.31
7745.4,-8974.84 7745.4,-9004.7
9521.14,-8694.13 9543.43,-8634.81
8696.77,-8440.78 8695.7,-8428.67
8770.64,-9184.14 8771.2,-9203.18
8764.19,-9136.32 8765.86,-9173.48
9543.43,-8634.81 9555.6,-8570.26
8279.94,-8435.14 8281.77,-8451.74
8771.2,-9203.18 8771.29,-9203.62
9557.23,-8535.95 9557.23,-8536.2
9509.09,-8709.56 9509.03,-8744.18
9555.6,-8570.26 9557.23,-8535.95
8771.29,-9203.62 8784.58,-9232.24
8765.86,-9173.48 8770.64,-9184.14
8222.12,-7943.57 8214.17,-7926.44
8540.43,-8556.25 8757.19,-9118.19
8757.19,-9118.19 8764.19,-9136.32
7656.97,-8900.24 7755.04,-8964.76
8442.13,-8310.79 8222.12,-7943.57
8280.51,-8425.95 7489.66,-8396.86
7419.2,-8423.29 7431.56,-8424.06
7431.56,-8424.06 7446.32,-8425.4
7369.6,-8415.62 7419.17,-8423.29
9571.38,-8756.23 9620.96,-8763.89
7489.47,-8429.31 7461.47,-8427.57
7456.75,-8426.71 7446.32,-8425.4
9509.03,-8744.18 9541.12,-8749.15
8406.67,-8549.79 8447.56,-8557.48
9571.36,-8756.22 9571.38,-8756.23
9560.8,-8753.43 9571.36,-8756.22
8681.84,-8484.56 8716.19,-8493.9
8716.19,-8493.9 9492.09,-8704.94
9492.09,-8704.94 9509.09,-8709.56
9557.23,-8535.09 9557.23,-8535.34
9557.23,-8535.34 9557.23,-8535.95
7441.89,-8532.74 7441.88,-8531.73
7441.88,-8531.73 7441.88,-8531.42
7441.88,-8531.42 7441.88,-8531
9557.23,-8536.2 9557.23,-8536.93
9557.23,-8536.93 9557.23,-8537.18
8810.24,-7955.8 8662.16,-7935.54
8662.16,-7935.54 8512.2,-7926.57
8512.2,-7926.57 8363.94,-7929.23
8363.94,-7929.23 8220.47,-7943.74
8220.47,-7943.74 8084.43,-7970.11
8084.43,-7970.11 7957.47,-8007.37
7957.47,-8007.37 7840.2,-8054.81
9108.67,-8232.1 9031.34,-8182.5
9031.34,-8182.5 8942.19,-8140.26
8942.19,-8140.26 8843.31,-8106.3
8843.31,-8106.3 8736.94,-8081.36
8736.94,-8081.36 8625.47,-8065.96
8625.47,-8065.96 8511.44,-8060.42
8511.44,-8060.42 8397.42,-8064.83
8397.42,-8064.83 8285.98,-8079.1
8285.98,-8079.1 8179.59,-8102.87
8179.59,-8102.87 8080.68,-8135.62
8080.68,-8135.62 7991.52,-8176.59
9300.53,-8133.49 9201.31,-8077.26
9201.31,-8077.26 9085.16,-8028.16
9085.16,-8028.16 8952.81,-7986.96
8952.81,-7986.96 8810.24,-7955.8
8692.52,-8360.65 8660.34,-8340.25
8660.34,-8340.25 8622.16,-8324.12
8622.16,-8324.12 8579.53,-8312.82
8579.53,-8312.82 8534.17,-8306.72
8534.17,-8306.72 8487.9,-8306.02
8487.9,-8306.02 8442.56,-8310.69
8442.56,-8310.69 8399.99,-8320.51
8399.99,-8320.51 8361.89,-8335.05
8336.76,-8520.67 8369.2,-8537.36
8369.2,-8537.36 8406.67,-8549.79
9541.11,-8749.15 9547.79,-8750.44
9547.79,-8750.44 9560.8,-8753.43
8447.56,-8557.48 8490.1,-8560.14
8490.1,-8560.14 8532.47,-8557.7
8532.47,-8557.7 8572.97,-8550.31
8572.97,-8550.31 8609.96,-8538.27
8609.96,-8538.27 8641.72,-8522.18
9253.36,-8413.19 9220.98,-8348.77
9220.98,-8348.77 9172.37,-8287.95
9172.37,-8287.95 9108.67,-8232.1
8127.82,-9101.9 8269.93,-9125.84
8269.93,-9125.84 8416.36,-9137.95
8416.36,-9137.95 8564.2,-9138.01
8564.2,-9138.01 8710.51,-9126.02
7903.17,-8757.46 7978.6,-8806.44
7755.04,-8964.76 7867.76,-9020.57
7867.76,-9020.57 7992.86,-9066.58
7992.86,-9066.58 8127.82,-9101.9
8710.51,-9126.02 8852.37,-9102.23
8852.37,-9102.23 8986.97,-9067.13
8986.97,-9067.13 9111.64,-9021.39
9111.64,-9021.39 9223.89,-8965.94
8695.7,-8428.67 8686.68,-8403.93
8281.77,-8451.74 8292.02,-8477.06
8292.02,-8477.06 8310.66,-8500.34
8310.66,-8500.34 8336.76,-8520.67
9557.23,-8536.2 9556.33,-8510.7
9556.33,-8510.7 9540.8,-8427.41
9540.8,-8427.41 9506.45,-8346.27
9506.45,-8346.27 9454.1,-8269.08
9454.1,-8269.08 9384.96,-8197.63
9384.96,-8197.63 9300.53,-8133.49
9270.14,-8506.02 9268.79,-8479.67
9268.79,-8479.67 9253.36,-8413.19
7764.56,-8578.69 7794.85,-8642.24
7794.85,-8642.24 7841.44,-8702.3
7841.44,-8702.3 7903.17,-8757.46
9223.73,-8659.35 9255.52,-8593.02
9255.52,-8593.02 9269.47,-8524.8
9269.47,-8524.8 9270.14,-8506.38
7750.66,-8495.75 7751.29,-8513.23
7751.29,-8513.23 7764.56,-8578.69
8684.98,-8480.71 8694.89,-8456.93
8694.89,-8456.93 8696.77,-8440.73
8288.27,-8400.17 8280.51,-8425.95
8280.51,-8425.95 8279.94,-8435.14
9179.33,-8716.34 9223.73,-8659.35
7801.39,-8338.52 7768.48,-8401.44
7768.48,-8401.44 7752.34,-8466.5
7752.34,-8466.5 7750.66,-8495.45
8641.72,-8522.18 8667.01,-8502.74
8667.01,-8502.74 8684.98,-8480.71
7731.63,-9012.72 7724.82,-9015.9
7724.82,-9015.9 7710.78,-9021.95
8361.89,-8335.05 8329.77,-8353.71
8329.77,-8353.71 8304.91,-8375.72
8304.91,-8375.72 8288.27,-8400.17
7991.52,-8176.59 7914.15,-8224.83
7914.15,-8224.83 7850.3,-8279.21
7850.3,-8279.21 7801.39,-8338.52
7733.18,-8112.28 7639.77,-8178.35
7639.77,-8178.35 7562.69,-8250.95
7562.69,-8250.95 7503.87,-8327.83
7446.76,-8587.42 7441.89,-8532.74
7656.25,-8899.76 7575.58,-8828.93
7575.58,-8828.93 7513,-8752.25
7513,-8752.25 7469.77,-8671.24
7469.77,-8671.24 7446.76,-8587.42
9500.18,-8689.41 9462.81,-8756.65
9462.81,-8756.65 9400.69,-8832.6
9400.69,-8832.6 9320.52,-8902.84
9320.52,-8902.84 9223.89,-8965.94
7755.04,-8964.76 7745.4,-8974.84
8281.18,-8910.15 8397.52,-8925.94
8397.52,-8925.94 8516.56,-8931.28
8516.56,-8931.28 8635.52,-8926.08
8635.52,-8926.08 8751.65,-8910.47
8751.65,-8910.47 8862.28,-8884.81
7974.69,-8804.74 8067.25,-8848.87
8067.25,-8848.87 8170.22,-8884.27
8170.22,-8884.27 8281.18,-8910.15
8862.28,-8884.81 8964.82,-8849.71
8964.82,-8849.71 9056.87,-8805.97
9056.87,-8805.97 9136.27,-8754.64
9136.27,-8754.64 9179.33,-8716.34
6294.84,-7167.47 6187.82,-7224.95
7147.16,-7473.32 7729.99,-7229.44
6803.14,-7639.38 6779.64,-7656.71
6779.64,-7656.71 6209.68,-8077.42
7766.48,-7208.35 7730.19,-7229.3
6154.67,-8138.92 6118.38,-8159.87
6200.04,-8117.36 6186.27,-8125.38
6165.42,-8134.61 6154.87,-8138.83
5958.51,-7440.49 5919.17,-7519.13
7729.99,-7229.44 7730.19,-7229.3
5919.17,-7519.13 5899.99,-7593.87
5899.98,-7593.9 5896.52,-7643.66
5896.52,-7643.36 5899.96,-7594.27
5896.52,-7643.66 5896.52,-7643.36
5944.3,-7509.52 5944.11,-7541.98
6200.04,-8087.51 6200.04,-8117.36
7975.78,-7806.79 7998.07,-7747.48
7151.41,-7553.45 7150.34,-7541.33
7225.28,-8296.8 7225.83,-8315.84
7218.82,-8248.99 7220.5,-8286.14
7998.07,-7747.48 8010.24,-7682.92
6734.57,-7547.8 6736.41,-7564.41
6548.22,-6994.81 6548.13,-6994.37
7225.83,-8315.84 7225.93,-8316.28
8011.87,-7648.61 8011.87,-7648.87
7963.73,-7822.23 7963.66,-7856.85
8010.24,-7682.92 8011.87,-7648.61
7225.93,-8316.28 7239.22,-8344.9
7220.5,-8286.14 7225.28,-8296.8
6676.76,-7056.23 6668.81,-7039.1
6995.06,-7668.91 7211.83,-8230.86
7211.83,-8230.86 7218.82,-8248.99
6111.61,-8012.91 6209.68,-8077.42
6896.77,-7423.45 6676.76,-7056.23
6735.15,-7538.62 5944.3,-7509.52
5873.84,-7535.95 5886.2,-7536.72
5886.2,-7536.72 5900.96,-7538.07
5824.24,-7528.28 5873.81,-7535.95
8026.02,-7868.89 8075.59,-7876.56
5944.11,-7541.98 5916.11,-7540.23
5911.39,-7539.37 5900.96,-7538.07
7963.66,-7856.85 7995.76,-7861.81
7995.75,-7861.81 7995.76,-7861.81
6861.31,-7662.45 6902.2,-7670.14
8025.99,-7868.88 8026.02,-7868.89
8015.43,-7866.09 8025.99,-7868.88
7136.48,-7597.22 7170.83,-7606.56
7170.83,-7606.56 7946.73,-7817.6
7946.73,-7817.6 7963.73,-7822.23
8011.86,-7647.75 8011.86,-7648
8011.86,-7648 8011.87,-7648.61
5896.53,-7645.4 5896.52,-7644.39
5896.52,-7644.39 5896.52,-7644.08
5896.52,-7644.08 5896.52,-7643.66
8011.87,-7648.87 8011.86,-7649.59
8011.86,-7649.59 8011.86,-7649.84
7264.88,-7068.46 7116.8,-7048.2
7116.8,-7048.2 6966.84,-7039.24
6966.84,-7039.24 6818.58,-7041.89
6818.58,-7041.89 6675.11,-7056.4
6675.11,-7056.4 6539.06,-7082.77
6539.06,-7082.77 6412.11,-7120.04
6412.11,-7120.04 6294.84,-7167.47
7563.3,-7344.76 7485.97,-7295.16
7485.97,-7295.16 7396.83,-7252.92
7396.83,-7252.92 7297.95,-7218.96
7297.95,-7218.96 7191.57,-7194.02
7191.57,-7194.02 7080.11,-7178.62
7080.11,-7178.62 6966.08,-7173.08
6966.08,-7173.08 6852.06,-7177.5
6852.06,-7177.5 6740.62,-7191.76
6740.62,-7191.76 6634.23,-7215.53
6634.23,-7215.53 6535.32,-7248.29
6535.32,-7248.29 6446.16,-7289.26
7755.17,-7246.15 7655.94,-7189.92
7655.94,-7189.92 7539.8,-7140.82
7539.8,-7140.82 7407.45,-7099.63
7407.45,-7099.63 7264.88,-7068.46
7147.16,-7473.32 7114.98,-7452.91
7114.98,-7452.91 7076.79,-7436.78
7076.79,-7436.78 7034.17,-7425.48
7034.17,-7425.48 6988.81,-7419.39
6988.81,-7419.39 6942.54,-7418.68
6942.54,-7418.68 6897.2,-7423.35
6897.2,-7423.35 6854.63,-7433.17
6854.63,-7433.17 6816.53,-7447.71
6791.4,-7633.34 6823.84,-7650.02
6823.84,-7650.02 6861.31,-7662.45
7995.75,-7861.81 8002.43,-7863.1
8002.43,-7863.1 8015.43,-7866.09
6902.2,-7670.14 6944.74,-7672.8
6944.74,-7672.8 6987.11,-7670.37
6987.11,-7670.37 7027.61,-7662.97
7027.61,-7662.97 7064.6,-7650.93
7064.6,-7650.93 7096.36,-7634.84
7708,-7525.86 7675.61,-7461.44
7675.61,-7461.44 7627.01,-7400.61
7627.01,-7400.61 7563.3,-7344.76
6582.45,-8214.56 6724.57,-8238.51
6724.57,-8238.51 6871,-8250.62
6871,-8250.62 7018.84,-8250.67
7018.84,-8250.67 7165.14,-8238.68
6357.81,-7870.12 6433.24,-7919.1
6209.68,-8077.42 6322.4,-8133.23
6322.4,-8133.23 6447.5,-8179.24
6447.5,-8179.24 6582.45,-8214.56
7165.14,-8238.68 7307,-8214.9
7307,-8214.9 7441.61,-8179.79
7441.61,-8179.79 7566.28,-8134.05
7566.28,-8134.05 7678.53,-8078.6
7150.34,-7541.33 7141.32,-7516.6
6736.41,-7564.41 6746.66,-7589.73
6746.66,-7589.73 6765.3,-7613
6765.3,-7613 6791.4,-7633.34
8011.87,-7648.87 8010.97,-7623.36
8010.97,-7623.36 7995.44,-7540.07
7995.44,-7540.07 7961.09,-7458.93
7961.09,-7458.93 7908.74,-7381.74
7908.74,-7381.74 7839.6,-7310.29
7839.6,-7310.29 7755.17,-7246.15
7724.78,-7618.68 7723.43,-7592.33
7723.43,-7592.33 7708,-7525.86
6219.2,-7691.35 6249.49,-7754.9
6249.49,-7754.9 6296.07,-7814.97
6296.07,-7814.97 6357.81,-7870.12
7678.37,-7772.02 7710.16,-7705.68
7710.16,-7705.68 7724.11,-7637.46
7724.11,-7637.46 7724.78,-7619.04
6205.3,-7608.41 6205.93,-7625.89
6205.93,-7625.89 6219.2,-7691.35
7139.61,-7593.37 7149.52,-7569.59
7149.52,-7569.59 7151.41,-7553.39
6742.91,-7512.83 6735.15,-7538.62
6735.15,-7538.62 6734.57,-7547.8
7633.97,-7829.01 7678.37,-7772.02
6256.03,-7451.18 6223.12,-7514.1
6223.12,-7514.1 6206.98,-7579.16
6206.98,-7579.16 6205.3,-7608.12
7096.36,-7634.84 7121.65,-7615.41
7121.65,-7615.41 7139.61,-7593.37
6186.27,-8125.38 6179.46,-8128.56
6179.46,-8128.56 6165.42,-8134.61
6816.53,-7447.71 6784.41,-7466.37
6784.41,-7466.37 6759.55,-7488.38
6759.55,-7488.38 6742.91,-7512.83
6446.16,-7289.26 6368.79,-7337.49
6368.79,-7337.49 6304.94,-7391.87
6304.94,-7391.87 6256.03,-7451.18
6187.82,-7224.95 6094.41,-7291.02
6094.41,-7291.02 6017.33,-7363.62
6017.33,-7363.62 5958.51,-7440.49
5901.4,-7700.08 5896.53,-7645.4
6110.89,-8012.42 6030.22,-7941.59
6030.22,-7941.59 5967.64,-7864.91
5967.64,-7864.91 5924.41,-7783.9
5924.41,-7783.9 5901.4,-7700.08
7954.82,-7802.07 7917.45,-7869.31
7917.45,-7869.31 7855.33,-7945.26
7855.33,-7945.26 7775.16,-8015.5
7775.16,-8015.5 7678.53,-8078.6
6209.68,-8077.42 6200.04,-8087.51
6735.81,-8022.82 6852.16,-8038.6
6852.16,-8038.6 6971.2,-8043.94
6971.2,-8043.94 7090.16,-8038.74
7090.16,-8038.74 7206.29,-8023.13
7206.29,-8023.13 7316.92,-7997.47
6429.33,-7917.4 6521.88,-7961.53
6521.88,-7961.53 6624.86,-7996.94
6624.86,-7996.94 6735.81,-8022.82
7316.92,-7997.47 7419.46,-7962.37
7419.46,-7962.37 7511.51,-7918.64
7511.51,-7918.64 7590.91,-7867.3
7590.91,-7867.3 7633.97,-7829.01
7545.45,-13491.49 8002.27,-13755.23
7536,-13367.98 7536,-13475.13
8011.71,-13749.77 8011.71,-13616
7536,-13475.13 7545.45,-13491.49
8002.27,-13755.23 8011.71,-13749.77
5896,-12415.02 5896,-12522.13
6371.71,-12796.77 6371.71,-12689.66
5905.45,-12538.49 6362.27,-12802.23
5896,-12522.13 5905.45,-12538.49
6362.27,-12802.23 6371.71,-12796.77
11022.63,-7996.58 11902.42,-7488.63
11902.42,-7488.63 12509.51,-7138.13
11019,-8261.75 11019,-8005.74
11026.05,-12770.39 11026.05,-8266.25
11240.17,-8941.04 11240.17,-10832.32
11240.17,-12591.46 11240.17,-10836.51
11240.17,-10832.32 11240.17,-10836.51
11240.17,-8941.04 11240.16,-8918.84
11240.16,-8918.84 11240.77,-8390.22
13821.37,-14384.23 14153.27,-14384.23
11582.5,-10921.58 11582.5,-10829.39
11582.5,-10824.21 11582.5,-10829.39
11582.5,-10824.21 11586.73,-10822.05
11028.46,-12773.74 11069.12,-12797.22
13774.9,-14359.37 13815.56,-14382.84
13771.69,-14327.34 13747.8,-14313.55
11107.83,-12789.39 11148.47,-12812.86
11158.81,-12812.68 13738.06,-14301.78
11818.39,-11050.63 11818.39,-10958.59
11813.34,-11054.85 11818.39,-11050.63
14160.8,-9875.74 15649.18,-9016.37
11240.17,-12591.46 13600.17,-13953.97
13646.18,-13954.01 13771.69,-14026.47
15501.05,-9908.43 15501.31,-9908.32
13485.31,-13428.12 11356.29,-12198.96
13014.75,-11651.1 13014.75,-11748.46
15480.94,-9914.89 14293.28,-10599.73
14202.94,-10657.85 14265.53,-10621.8
15501.31,-9908.32 15561.79,-9873.4
13250.63,-11877.67 13250.63,-11785.48
13014.75,-11651.1 13018.98,-11648.94
11084.6,-12797.22 11098.15,-12789.39
13245.59,-11881.74 13249.92,-11879.23
15501.05,-10844.29 15501.31,-10844.18
13485.31,-12441.97 11356.29,-11212.81
15583.58,-13551.47 15570.03,-13543.64
13771.69,-14354.9 13771.69,-9851.41
14285.63,-11541.23 14293.27,-11535.58
15480.94,-10849.89 14293.28,-11535.59
14202.94,-11593.79 14265.53,-11557.66
15501.31,-10844.18 15561.79,-10809.26
13771.69,-12291.9 11244.27,-10832.72
11809.92,-11052.87 11813.34,-11054.85
13242.16,-11879.76 13245.59,-11881.74
11582.5,-10921.58 11809.92,-11052.87
13014.75,-11748.46 13242.16,-11879.76
11586.73,-10822.05 11815.97,-10954.4
13018.98,-11648.94 13248.21,-11781.29
13485.31,-11879.06 11356.29,-10649.9
14202.94,-9851.41 14202.94,-14354.89
14294.57,-14260.47 14294.57,-13878.68
14370.87,-13834.75 14370.87,-10554.99
14285.63,-12359.76 14293.27,-12354.11
14265.74,-12376.04 14265.53,-12376.19
15480.94,-11668.89 14293.28,-12354.12
14202.94,-12412.32 14265.53,-12376.19
15501.94,-11662.89 15560.88,-11628.33
14903.11,-13528.23 14903.11,-10248.08
15501.05,-12481.35 15501.31,-12481.24
11356.29,-9596.71 13485.31,-10825.87
14265.74,-13194.56 14265.53,-13194.72
15480.94,-12486.89 14292.94,-13172.89
14202.94,-13230.85 14265.53,-13194.72
15501.31,-12481.24 15560.66,-12446.98
13771.69,-10395.07 11244.88,-8936.21
15435.36,-13221.72 15435.36,-9941.18
15504.71,-13186.06 15504.71,-13558.45
15642.13,-9020.5 15642.13,-13524.64
15649.18,-8951.37 15649.18,-9016.37
15649.18,-8759.99 15649.18,-8951.37
14285.63,-13885.08 14293.3,-13879.42
14265.74,-13901.35 14265.53,-13901.5
15481.94,-13194.89 14293.28,-13879.43
14202.94,-13937.67 14265.53,-13901.5
15501.31,-13188.03 15560.46,-13153.87
15501.05,-13188.13 15501.31,-13188.03
11019,-8261.75 13813.83,-9875.74
15560.36,-13543.64 15519.71,-13567.11
14202.94,-14327.34 14282.47,-14281.42
14159.08,-14382.84 14199.73,-14359.36
15599.06,-13551.47 15639.72,-13527.99
13813.83,-9875.74 14160.8,-9875.74
12852.22,-7138.13 15645.55,-8750.82
12509.82,-7137.63 12852.22,-7138.13
15481.94,-13194.89 15501.05,-13188.13
14265.74,-13901.35 14275.38,-13893.23
14275.38,-13893.23 14285.63,-13885.08
15480.94,-12486.89 15501.05,-12481.35
14265.74,-13194.56 14292.94,-13172.89
14265.74,-12376.04 14275.38,-12367.92
14275.38,-12367.92 14285.63,-12359.76
15480.94,-11668.89 15501.94,-11662.89
14265.74,-11557.51 14275.38,-11549.39
14275.38,-11549.39 14285.63,-11541.23
15480.94,-10849.89 15484.69,-10848.8
15484.69,-10848.8 15492.94,-10846.41
15492.94,-10846.41 15501.05,-10844.29
14265.74,-10621.65 14275.38,-10613.53
14275.38,-10613.53 14285.63,-10605.37
15480.94,-9914.89 15484.69,-9912.94
15484.69,-9912.94 15492.94,-9910.55
15492.94,-9910.55 15501.05,-9908.43
14285.63,-10605.37 14293.28,-10599.73
15583.58,-13551.47 15592.92,-13553.58
15592.92,-13553.58 15599.06,-13551.47
15639.72,-13527.99 15642.13,-13524.64
15570.03,-13543.64 15560.36,-13543.64
15519.71,-13567.11 15507.61,-13560.12
15507.61,-13560.12 15504.71,-13558.45
15645.55,-8750.82 15649.18,-8759.99
11022.63,-7996.58 11019,-8005.74
13248.21,-11781.29 13250.63,-11785.48
11815.97,-10954.4 11818.39,-10958.59
11026.05,-12770.39 11028.46,-12773.74
11069.12,-12797.22 11084.6,-12797.22
11098.15,-12789.39 11107.83,-12789.39
11148.47,-12812.86 11158.81,-12812.68
13771.69,-14354.9 13774.9,-14359.37
13815.56,-14382.84 13821.37,-14384.23
14153.27,-14384.23 14159.08,-14382.84
14199.73,-14359.36 14202.94,-14354.89
14282.47,-14281.42 14294.57,-14260.47
13747.8,-14313.55 13738.06,-14301.78
13600.17,-13953.97 13646.18,-13954.01
13249.92,-11879.23 13250.63,-11877.67
13461.2,-8393.81 13354.18,-8451.29
14313.52,-8699.65 14896.35,-8455.78
13969.5,-8865.71 13946,-8883.05
13946,-8883.05 13376.04,-9303.76
14932.84,-8434.68 14896.55,-8455.64
13321.03,-9365.26 13284.74,-9386.21
13366.4,-9343.7 13352.63,-9351.72
13321.23,-9365.16 13321.03,-9365.26
13331.78,-9360.95 13321.23,-9365.16
13124.87,-8666.83 13085.53,-8745.47
14896.35,-8455.78 14896.55,-8455.64
13085.53,-8745.47 13066.35,-8820.21
13066.35,-8820.24 13062.88,-8870
13062.88,-8869.7 13066.32,-8820.6
13066.35,-8820.24 13066.35,-8820.21
13062.88,-8870 13062.88,-8869.7
13110.66,-8735.86 13110.47,-8768.31
13366.4,-9313.84 13366.4,-9343.7
15142.14,-9033.13 15164.43,-8973.81
14317.77,-8779.78 14316.7,-8767.67
14391.64,-9523.14 14392.2,-9542.18
14385.19,-9475.32 14386.86,-9512.48
15164.43,-8973.81 15176.6,-8909.26
13900.94,-8774.14 13902.77,-8790.74
14392.2,-9542.18 14392.29,-9542.62
15178.23,-8874.95 15178.23,-8875.2
15130.09,-9048.56 15130.03,-9083.18
15176.6,-8909.26 15178.23,-8874.95
14392.29,-9542.62 14405.58,-9571.24
14386.86,-9512.48 14391.64,-9523.14
13843.12,-8282.57 13835.17,-8265.44
14161.43,-8895.25 14378.19,-9457.19
14378.19,-9457.19 14385.19,-9475.32
13277.97,-9239.24 13376.04,-9303.76
14063.13,-8649.79 13843.12,-8282.57
13901.51,-8764.95 13110.66,-8735.86
13040.2,-8762.29 13052.56,-8763.06
13052.56,-8763.06 13067.32,-8764.4
12990.6,-8754.62 13040.17,-8762.29
15192.38,-9095.23 15241.96,-9102.89
13110.47,-8768.31 13082.47,-8766.57
13077.75,-8765.71 13067.32,-8764.4
15130.03,-9083.18 15162.12,-9088.15
14027.67,-8888.79 14068.56,-8896.48
15192.36,-9095.22 15192.38,-9095.23
15181.8,-9092.43 15192.36,-9095.22
14302.84,-8823.56 14337.19,-8832.9
14337.19,-8832.9 15113.09,-9043.94
15113.09,-9043.94 15130.09,-9048.56
15178.23,-8874.09 15178.23,-8874.34
15178.23,-8874.34 15178.23,-8874.95
13062.89,-8871.74 13062.88,-8870.73
13062.88,-8870.73 13062.88,-8870.42
13062.88,-8870.42 13062.88,-8870
15178.23,-8875.2 15178.23,-8875.93
15178.23,-8875.93 15178.23,-8876.18
14431.24,-8294.8 14283.16,-8274.54
14283.16,-8274.54 14133.2,-8265.58
14133.2,-8265.58 13984.94,-8268.23
13984.94,-8268.23 13841.47,-8282.74
13841.47,-8282.74 13705.43,-8309.11
13705.43,-8309.11 13578.47,-8346.38
13578.47,-8346.38 13461.2,-8393.81
14729.67,-8571.1 14652.34,-8521.5
14652.34,-8521.5 14563.19,-8479.26
14563.19,-8479.26 14464.31,-8445.3
14464.31,-8445.3 14357.94,-8420.36
14357.94,-8420.36 14246.47,-8404.96
14246.47,-8404.96 14132.44,-8399.42
14132.44,-8399.42 14018.42,-8403.83
14018.42,-8403.83 13906.98,-8418.1
13906.98,-8418.1 13800.59,-8441.87
13800.59,-8441.87 13701.68,-8474.62
13701.68,-8474.62 13612.52,-8515.59
14921.53,-8472.49 14822.31,-8416.26
14822.31,-8416.26 14706.16,-8367.16
14706.16,-8367.16 14573.81,-8325.96
14573.81,-8325.96 14431.24,-8294.8
14313.52,-8699.65 14281.34,-8679.25
14281.34,-8679.25 14243.16,-8663.12
14243.16,-8663.12 14200.53,-8651.82
14200.53,-8651.82 14155.17,-8645.72
14155.17,-8645.72 14108.9,-8645.02
14108.9,-8645.02 14063.56,-8649.69
14063.56,-8649.69 14020.99,-8659.51
14020.99,-8659.51 13982.89,-8674.05
13957.76,-8859.67 13990.2,-8876.36
13990.2,-8876.36 14027.67,-8888.79
15162.11,-9088.15 15168.79,-9089.44
15168.79,-9089.44 15181.8,-9092.43
14068.56,-8896.48 14111.1,-8899.14
14111.1,-8899.14 14153.47,-8896.7
14153.47,-8896.7 14193.97,-8889.31
14193.97,-8889.31 14230.96,-8877.27
14230.96,-8877.27 14262.72,-8861.18
14874.36,-8752.19 14841.98,-8687.78
14841.98,-8687.78 14793.37,-8626.95
14793.37,-8626.95 14729.67,-8571.1
13748.82,-9440.9 13890.93,-9464.84
13890.93,-9464.84 14037.36,-9476.95
14037.36,-9476.95 14185.2,-9477.01
14185.2,-9477.01 14331.51,-9465.02
13524.17,-9096.46 13599.6,-9145.44
13376.04,-9303.76 13488.76,-9359.57
13488.76,-9359.57 13613.86,-9405.58
13613.86,-9405.58 13748.82,-9440.9
14331.51,-9465.02 14473.37,-9441.23
14473.37,-9441.23 14607.97,-9406.13
14607.97,-9406.13 14732.64,-9360.39
14732.64,-9360.39 14844.89,-9304.94
14316.7,-8767.67 14307.68,-8742.93
13902.77,-8790.74 13913.02,-8816.06
13913.02,-8816.06 13931.66,-8839.34
13931.66,-8839.34 13957.76,-8859.67
15178.23,-8875.2 15177.33,-8849.7
15177.33,-8849.7 15161.8,-8766.41
15161.8,-8766.41 15127.45,-8685.27
15127.45,-8685.27 15075.1,-8608.08
15075.1,-8608.08 15005.96,-8536.63
15005.96,-8536.63 14921.53,-8472.49
14891.14,-8845.02 14889.79,-8818.67
14889.79,-8818.67 14874.36,-8752.19
13385.56,-8917.69 13415.85,-8981.24
13415.85,-8981.24 13462.44,-9041.3
13462.44,-9041.3 13524.17,-9096.46
14844.73,-8998.35 14876.52,-8932.02
14876.52,-8932.02 14890.47,-8863.8
14890.47,-8863.8 14891.14,-8845.38
13371.66,-8834.75 13372.29,-8852.23
13372.29,-8852.23 13385.56,-8917.69
14305.98,-8819.71 14315.89,-8795.93
14315.89,-8795.93 14317.77,-8779.73
13909.27,-8739.17 13901.51,-8764.95
13901.51,-8764.95 13900.94,-8774.14
14800.33,-9055.34 14844.73,-8998.35
13422.39,-8677.52 13389.48,-8740.44
13389.48,-8740.44 13373.34,-8805.5
13373.34,-8805.5 13371.66,-8834.45
14262.72,-8861.18 14288.01,-8841.74
14288.01,-8841.74 14305.98,-8819.71
13352.63,-9351.72 13345.83,-9354.9
13345.83,-9354.9 13331.78,-9360.95
13982.89,-8674.05 13950.77,-8692.71
13950.77,-8692.71 13925.91,-8714.72
13925.91,-8714.72 13909.27,-8739.17
13612.52,-8515.59 13535.15,-8563.83
13535.15,-8563.83 13471.3,-8618.21
13471.3,-8618.21 13422.39,-8677.52
13354.18,-8451.29 13260.77,-8517.35
13260.77,-8517.35 13183.69,-8589.95
13183.69,-8589.95 13124.87,-8666.83
13067.76,-8926.42 13062.89,-8871.74
13277.25,-9238.76 13196.58,-9167.93
13196.58,-9167.93 13134,-9091.25
13134,-9091.25 13090.77,-9010.24
13090.77,-9010.24 13067.76,-8926.42
15121.18,-9028.41 15083.81,-9095.65
15083.81,-9095.65 15021.69,-9171.6
15021.69,-9171.6 14941.52,-9241.84
14941.52,-9241.84 14844.89,-9304.94
13376.04,-9303.76 13366.4,-9313.84
13902.18,-9249.15 14018.52,-9264.94
14018.52,-9264.94 14137.56,-9270.28
14137.56,-9270.28 14256.52,-9265.08
14256.52,-9265.08 14372.65,-9249.47
14372.65,-9249.47 14483.28,-9223.81
13595.69,-9143.74 13688.25,-9187.87
13688.25,-9187.87 13791.22,-9223.27
13791.22,-9223.27 13902.18,-9249.15
14483.28,-9223.81 14585.82,-9188.71
14585.82,-9188.71 14677.87,-9144.97
14677.87,-9144.97 14757.27,-9093.64
14757.27,-9093.64 14800.33,-9055.34
11915.84,-7506.47 11808.82,-7563.95
12768.16,-7812.32 13350.99,-7568.44
12424.14,-7978.38 12400.64,-7995.71
12400.64,-7995.71 11830.68,-8416.42
13387.48,-7547.35 13351.19,-7568.3
11775.67,-8477.92 11739.38,-8498.87
11821.04,-8456.36 11807.27,-8464.38
11786.42,-8473.61 11775.87,-8477.83
11579.51,-7779.49 11540.17,-7858.13
13350.99,-7568.44 13351.19,-7568.3
11540.17,-7858.13 11520.99,-7932.87
11520.98,-7932.9 11517.52,-7982.66
11517.52,-7982.36 11520.96,-7933.27
11517.52,-7982.66 11517.52,-7982.36
11565.3,-7848.52 11565.11,-7880.98
11821.04,-8426.51 11821.04,-8456.36
13596.78,-8145.79 13619.07,-8086.48
12772.41,-7892.45 12771.34,-7880.33
12846.28,-8635.8 12846.83,-8654.84
12839.82,-8587.99 12841.5,-8625.14
13619.07,-8086.48 13631.24,-8021.92
12355.57,-7886.8 12357.41,-7903.41
12169.22,-7333.81 12169.13,-7333.37
12846.83,-8654.84 12846.93,-8655.28
13632.87,-7987.61 13632.87,-7987.87
13584.73,-8161.23 13584.66,-8195.85
13631.24,-8021.92 13632.87,-7987.61
12846.93,-8655.28 12860.22,-8683.9
12841.5,-8625.14 12846.28,-8635.8
12297.76,-7395.23 12289.81,-7378.1
12616.06,-8007.91 12832.83,-8569.86
12832.83,-8569.86 12839.82,-8587.99
11732.61,-8351.91 11830.68,-8416.42
12517.77,-7762.45 12297.76,-7395.23
12356.15,-7877.62 11565.3,-7848.52
11494.84,-7874.95 11507.2,-7875.72
11507.2,-7875.72 11521.96,-7877.07
11445.24,-7867.28 11494.81,-7874.95
13647.02,-8207.89 13696.59,-8215.56
11565.11,-7880.98 11537.11,-7879.23
11532.39,-7878.37 11521.96,-7877.07
13584.66,-8195.85 13616.76,-8200.81
13616.75,-8200.81 13616.76,-8200.81
12482.31,-8001.45 12523.2,-8009.14
13646.99,-8207.88 13647.02,-8207.89
13636.43,-8205.09 13646.99,-8207.88
12757.48,-7936.22 12791.83,-7945.56
12791.83,-7945.56 13567.73,-8156.6
13567.73,-8156.6 13584.73,-8161.23
13632.86,-7986.75 13632.86,-7987
13632.86,-7987 13632.87,-7987.61
11517.53,-7984.4 11517.52,-7983.39
11517.52,-7983.39 11517.52,-7983.08
11517.52,-7983.08 11517.52,-7982.66
13632.87,-7987.87 13632.86,-7988.59
13632.86,-7988.59 13632.86,-7988.84
12885.88,-7407.46 12737.8,-7387.2
12737.8,-7387.2 12587.84,-7378.24
12587.84,-7378.24 12439.58,-7380.89
12439.58,-7380.89 12296.11,-7395.4
12296.11,-7395.4 12160.06,-7421.77
12160.06,-7421.77 12033.11,-7459.04
12033.11,-7459.04 11915.84,-7506.47
13184.3,-7683.76 13106.97,-7634.16
13106.97,-7634.16 13017.83,-7591.92
13017.83,-7591.92 12918.95,-7557.97
12918.95,-7557.97 12812.57,-7533.02
12812.57,-7533.02 12701.11,-7517.62
12701.11,-7517.62 12587.08,-7512.08
12587.08,-7512.08 12473.06,-7516.5
12473.06,-7516.5 12361.62,-7530.76
12361.62,-7530.76 12255.23,-7554.54
12255.23,-7554.54 12156.32,-7587.29
12156.32,-7587.29 12067.16,-7628.26
13376.17,-7585.15 13276.94,-7528.92
13276.94,-7528.92 13160.8,-7479.82
13160.8,-7479.82 13028.45,-7438.63
13028.45,-7438.63 12885.88,-7407.46
12768.16,-7812.32 12735.98,-7791.91
12735.98,-7791.91 12697.79,-7775.78
12697.79,-7775.78 12655.17,-7764.48
12655.17,-7764.48 12609.81,-7758.39
12609.81,-7758.39 12563.54,-7757.68
12563.54,-7757.68 12518.2,-7762.35
12518.2,-7762.35 12475.63,-7772.17
12475.63,-7772.17 12437.53,-7786.71
12412.4,-7972.34 12444.84,-7989.02
12444.84,-7989.02 12482.31,-8001.45
13616.75,-8200.81 13623.43,-8202.1
13623.43,-8202.1 13636.43,-8205.09
12523.2,-8009.14 12565.74,-8011.8
12565.74,-8011.8 12608.11,-8009.37
12608.11,-8009.37 12648.61,-8001.98
12648.61,-8001.98 12685.6,-7989.93
12685.6,-7989.93 12717.36,-7973.84
13329,-7864.86 13296.62,-7800.44
13296.62,-7800.44 13248.01,-7739.61
13248.01,-7739.61 13184.3,-7683.76
12203.45,-8553.56 12345.57,-8577.51
12345.57,-8577.51 12492,-8589.62
12492,-8589.62 12639.84,-8589.67
12639.84,-8589.67 12786.15,-8577.68
11978.81,-8209.12 12054.24,-8258.1
11830.68,-8416.42 11943.4,-8472.23
11943.4,-8472.23 12068.5,-8518.24
12068.5,-8518.24 12203.45,-8553.56
12786.15,-8577.68 12928,-8553.9
12928,-8553.9 13062.61,-8518.79
13062.61,-8518.79 13187.28,-8473.05
13187.28,-8473.05 13299.53,-8417.6
12771.34,-7880.33 12762.32,-7855.6
12357.41,-7903.41 12367.66,-7928.73
12367.66,-7928.73 12386.3,-7952
12386.3,-7952 12412.4,-7972.34
13632.87,-7987.87 13631.97,-7962.36
13631.97,-7962.36 13616.44,-7879.07
13616.44,-7879.07 13582.09,-7797.93
13582.09,-7797.93 13529.74,-7720.74
13529.74,-7720.74 13460.6,-7649.29
13460.6,-7649.29 13376.17,-7585.15
13345.78,-7957.68 13344.43,-7931.33
13344.43,-7931.33 13329,-7864.86
11840.2,-8030.35 11870.49,-8093.9
11870.49,-8093.9 11917.07,-8153.97
11917.07,-8153.97 11978.81,-8209.12
13299.37,-8111.02 13331.16,-8044.68
13331.16,-8044.68 13345.11,-7976.46
13345.11,-7976.46 13345.78,-7958.04
11826.3,-7947.41 11826.93,-7964.89
11826.93,-7964.89 11840.2,-8030.35
12760.61,-7932.37 12770.52,-7908.59
12770.52,-7908.59 12772.41,-7892.39
12363.91,-7851.83 12356.15,-7877.62
12356.15,-7877.62 12355.57,-7886.8
13254.97,-8168.01 13299.37,-8111.02
11877.03,-7790.18 11844.12,-7853.1
11844.12,-7853.1 11827.98,-7918.16
11827.98,-7918.16 11826.3,-7947.12
12717.36,-7973.84 12742.65,-7954.41
12742.65,-7954.41 12760.61,-7932.37
11807.27,-8464.38 11800.46,-8467.56
11800.46,-8467.56 11786.42,-8473.61
12437.53,-7786.71 12405.41,-7805.37
12405.41,-7805.37 12380.55,-7827.38
12380.55,-7827.38 12363.91,-7851.83
12067.16,-7628.26 11989.79,-7676.49
11989.79,-7676.49 11925.94,-7730.87
11925.94,-7730.87 11877.03,-7790.18
11808.82,-7563.95 11715.41,-7630.02
11715.41,-7630.02 11638.33,-7702.62
11638.33,-7702.62 11579.51,-7779.49
11522.4,-8039.08 11517.53,-7984.4
11731.89,-8351.42 11651.22,-8280.59
11651.22,-8280.59 11588.64,-8203.91
11588.64,-8203.91 11545.41,-8122.9
11545.41,-8122.9 11522.4,-8039.08
13575.82,-8141.07 13538.45,-8208.31
13538.45,-8208.31 13476.33,-8284.26
13476.33,-8284.26 13396.16,-8354.5
13396.16,-8354.5 13299.53,-8417.6
11830.68,-8416.42 11821.04,-8426.51
12356.81,-8361.82 12473.16,-8377.6
12473.16,-8377.6 12592.2,-8382.94
12592.2,-8382.94 12711.16,-8377.74
12711.16,-8377.74 12827.29,-8362.13
12827.29,-8362.13 12937.92,-8336.47
12050.33,-8256.4 12142.88,-8300.53
12142.88,-8300.53 12245.86,-8335.94
12245.86,-8335.94 12356.81,-8361.82
12937.92,-8336.47 13040.46,-8301.37
13040.46,-8301.37 13132.51,-8257.64
13132.51,-8257.64 13211.91,-8206.3
13211.91,-8206.3 13254.97,-8168.01
13166.45,-13830.49 13623.27,-14094.23
13157,-13706.98 13157,-13814.13
13632.71,-14088.77 13632.71,-13955
13157,-13814.13 13166.45,-13830.49
13623.27,-14094.23 13632.71,-14088.77
11517,-12754.02 11517,-12861.13
11992.71,-13135.77 11992.71,-13028.66
11526.45,-12877.49 11983.27,-13141.23
11517,-12861.13 11526.45,-12877.49
11983.27,-13141.23 11992.71,-13135.77
7773.86,-13623.36 7773.86,-15658.57
