10492.31,-5879.1 12134.34,-4930.89
10492.31,-6092.74 10484.52,-6173.11
10492.31,-6092.74 10492.31,-5879.1
10493.08,-11155.76 10493.08,-6178.05
10639.01,-11191.26 10639.01,-10910.58
10725.28,-6312.11 10725.28,-10960.39
10939.4,-11085.55 10939.4,-11192.69
12767.98,-7491.44 12771.99,-7489.12
13151.71,-7491.44 14793.75,-6543.41
12776.53,-12471.91 13143.17,-12471.91
10493.08,-11155.76 10537.99,-11181.69
12726.47,-12445.18 12770.11,-12470.38
10580.75,-11173.05 10625.65,-11198.97
12724.55,-12403.96 10632.33,-11195.11
11415.12,-11467.33 11415.12,-11357.62
12535.13,-12002.84 12572.03,-12002.84
10948.85,-11209.05 11405.67,-11472.79
12151.5,-11903.38 12608.31,-12167.12
10580.62,-10876.87 12535.13,-12002.84
12572.03,-12002.84 12725.2,-12089.83
11495.29,-9237.46 11495.29,-9345.02
11751.86,-9388.22 11751.86,-9490.05
14604.43,-7531.41 13293.02,-8288.55
13149.58,-8378.04 13262.36,-8312.93
14627.48,-7524.78 14694.3,-7486.21
12457.41,-11452.77 10800.43,-10496.13
12142.05,-11779.88 12142.05,-11887.02
12572.03,-12002.84 12572.03,-7378.31
12617.76,-12161.67 12617.76,-12028.81
12681.9,-12064.92 12681.64,-12379.18
12770.11,-12470.38 12770.11,-7490.2
14692.19,-8486.05 14625.37,-8524.62
13260.25,-9312.77 13149.58,-9376.67
14594.97,-8548.84 13283.57,-9305.99
13260.25,-9312.77 13260.54,-9312.65
12457.41,-10363.41 10800.43,-9406.78
14723.17,-11551.99 14708.21,-11543.35
13149.58,-12470.38 13149.58,-7490.2
14603.11,-8542.81 14594.97,-8548.84
10555.09,-11181.69 10570.06,-11173.05
12527.91,-10053.22 10729.93,-9015.18
11746.51,-9490.05 11750.29,-9492.24
11495.29,-9345.02 11746.51,-9490.05
11749.19,-9383.59 11495.96,-9237.39
10800.43,-8785.32 12457.41,-9741.95
13299.26,-12335.2 13299.26,-11907.9
13378.73,-11862.02 13378.73,-8239.07
13386.3,-8213.29 13386.3,-7356
14692.19,-9390.24 14625.37,-9428.82
13260.25,-10216.97 13149.58,-10280.86
14594.98,-9453.05 13283.57,-10210.18
13966.68,-11522.57 13966.68,-7899.61
14625.37,-10333.01 14625.14,-10333.18
14692.19,-10294.44 14625.37,-10333.01
13260.25,-11121.16 13149.58,-11185.06
14594.98,-10357.24 13283.57,-11114.38
10800.43,-7646.59 12457.41,-8603.22
14548.48,-6685.02 14548.48,-7542.31
14554.63,-11183.11 14554.63,-7560.16
14639.26,-11140.94 14639.26,-11561.56
14787.85,-6546.82 14787.85,-11522.36
14795.41,-6256.93 14795.41,-6538.92
13262.6,-11935.72 13262.36,-11935.89
14604.43,-11154.37 13293.02,-11911.51
13149.58,-12001 13262.36,-11935.89
14627.48,-11147.74 14694.3,-11109.16
14627.2,-11147.86 14627.48,-11147.74
12527.91,-7957.08 10729.93,-6919.03
14697.52,-11543.35 14652.62,-11569.27
13198.47,-12408.82 13285.89,-12358.35
13149.58,-12470.38 13194.49,-12444.45
14740.28,-11551.99 14785.19,-11526.06
10484.52,-6173.11 12767.98,-7491.44
12775.77,-7492.4 13143.93,-7492.4
13151.71,-7491.44 13147.71,-7489.12
12502.5,-4930.89 13865.31,-5716.41
13865.31,-5716.41 14787.06,-6248.57
12134.34,-4930.89 12502.5,-4930.89
11882.39,-5557.98 11760.78,-5623.29
12850.94,-5905.53 13513.24,-5628.4
12460,-6094.23 12433.29,-6113.93
12433.29,-6113.93 11785.61,-6592.01
13554.7,-5604.43 13513.46,-5628.24
11723.1,-6661.9 11681.86,-6685.7
11774.66,-6637.4 11759.01,-6646.51
11723.33,-6661.79 11723.1,-6661.9
11735.32,-6657 11723.33,-6661.79
11500.19,-5868.23 11455.49,-5957.59
13513.24,-5628.4 13513.46,-5628.24
11455.49,-5957.59 11433.69,-6042.52
11433.69,-6042.56 11429.75,-6099.1
11429.75,-6098.76 11433.66,-6042.97
11433.69,-6042.56 11433.69,-6042.53
11429.75,-6099.1 11429.75,-6098.76
11484.04,-5946.67 11483.83,-5983.55
11774.66,-6603.47 11774.66,-6637.4
13792.55,-6284.48 13817.88,-6217.07
12855.76,-5996.59 12854.55,-5982.82
12939.71,-6841.31 12940.34,-6862.94
12932.37,-6786.97 12934.27,-6829.19
13817.88,-6217.07 13831.71,-6143.71
12382.09,-5990.17 12384.17,-6009.04
12940.34,-6862.94 12940.45,-6863.44
13833.55,-6104.73 13833.55,-6105.02
13778.85,-6302.02 13778.78,-6341.36
13831.71,-6143.71 13833.55,-6104.73
12940.45,-6863.44 12955.54,-6895.97
12934.27,-6829.19 12939.71,-6841.31
12316.39,-5431.57 12307.35,-5412.11
12678.1,-6127.8 12924.42,-6766.37
12924.42,-6766.37 12932.37,-6786.97
11674.17,-6518.7 11785.61,-6592.01
12566.4,-5848.86 12316.39,-5431.57
12382.74,-5979.73 11484.04,-5946.67
11403.98,-5976.71 11418.02,-5977.58
11418.02,-5977.58 11434.79,-5979.11
11347.61,-5967.99 11403.95,-5976.7
13849.64,-6355.04 13905.97,-6363.76
11483.83,-5983.55 11452.01,-5981.57
11446.65,-5980.59 11434.79,-5979.11
13778.78,-6341.36 13815.25,-6347
13815.24,-6347 13815.25,-6347
12526.1,-6120.46 12572.57,-6129.19
13849.61,-6355.04 13849.64,-6355.04
13837.61,-6351.87 13849.61,-6355.04
12838.79,-6046.33 12877.83,-6056.95
12877.83,-6056.95 13759.54,-6296.76
13759.54,-6296.76 13778.85,-6302.02
13833.55,-6103.75 13833.55,-6104.03
13833.55,-6104.03 13833.55,-6104.73
11429.76,-6101.08 11429.76,-6099.93
11429.76,-6099.93 11429.75,-6099.58
11429.75,-6099.58 11429.75,-6099.1
13833.55,-6105.02 13833.55,-6105.84
13833.55,-6105.84 13833.55,-6106.12
12984.71,-5445.47 12816.43,-5422.44
12816.43,-5422.44 12646.02,-5412.26
12646.02,-5412.26 12477.54,-5415.27
12477.54,-5415.27 12314.51,-5431.76
12314.51,-5431.76 12159.92,-5461.72
12159.92,-5461.72 12015.65,-5504.07
12015.65,-5504.07 11882.39,-5557.98
13323.83,-5759.44 13235.95,-5703.08
13235.95,-5703.08 13134.65,-5655.08
13134.65,-5655.08 13022.28,-5616.49
13022.28,-5616.49 12901.4,-5588.15
12901.4,-5588.15 12774.74,-5570.65
12774.74,-5570.65 12645.16,-5564.35
12645.16,-5564.35 12515.59,-5569.37
12515.59,-5569.37 12388.95,-5585.58
12388.95,-5585.58 12268.06,-5612.59
12268.06,-5612.59 12155.66,-5649.81
12155.66,-5649.81 12054.34,-5696.37
13541.85,-5647.38 13429.1,-5583.49
13429.1,-5583.49 13297.12,-5527.7
13297.12,-5527.7 13146.72,-5480.88
13146.72,-5480.88 12984.71,-5445.47
12850.94,-5905.53 12814.37,-5882.34
12814.37,-5882.34 12770.97,-5864.01
12770.97,-5864.01 12722.53,-5851.17
12722.53,-5851.17 12670.99,-5844.25
12670.99,-5844.25 12618.41,-5843.44
12618.41,-5843.44 12566.89,-5848.75
12566.89,-5848.75 12518.51,-5859.91
12518.51,-5859.91 12475.21,-5876.43
12446.66,-6087.37 12483.53,-6106.33
12483.53,-6106.33 12526.1,-6120.46
13815.24,-6347 13822.83,-6348.47
13822.83,-6348.47 13837.61,-6351.87
12572.57,-6129.19 12620.91,-6132.21
12620.91,-6132.21 12669.06,-6129.45
12669.06,-6129.45 12715.08,-6121.05
12715.08,-6121.05 12757.12,-6107.37
12757.12,-6107.37 12793.21,-6089.08
13488.25,-5965.23 13451.45,-5892.03
13451.45,-5892.03 13396.22,-5822.91
13396.22,-5822.91 13323.83,-5759.44
12209.22,-6747.85 12370.71,-6775.06
12370.71,-6775.06 12537.12,-6788.82
12537.12,-6788.82 12705.12,-6788.89
12705.12,-6788.89 12871.37,-6775.26
11953.95,-6356.44 12039.66,-6412.1
11785.61,-6592.01 11913.71,-6655.43
11913.71,-6655.43 12055.87,-6707.72
12055.87,-6707.72 12209.22,-6747.85
12871.37,-6775.26 13032.57,-6748.23
13032.57,-6748.23 13185.53,-6708.34
13185.53,-6708.34 13327.2,-6656.37
13327.2,-6656.37 13454.76,-6593.35
12854.55,-5982.82 12844.29,-5954.71
12384.17,-6009.04 12395.82,-6037.81
12395.82,-6037.81 12417,-6064.26
12417,-6064.26 12446.66,-6087.37
13833.55,-6105.02 13832.53,-6076.04
13832.53,-6076.04 13814.89,-5981.38
13814.89,-5981.38 13775.85,-5889.18
13775.85,-5889.18 13716.37,-5801.47
13716.37,-5801.47 13637.79,-5720.27
13637.79,-5720.27 13541.85,-5647.38
13507.32,-6070.72 13505.79,-6040.78
13505.79,-6040.78 13488.25,-5965.23
11796.44,-6153.3 11830.86,-6225.51
11830.86,-6225.51 11883.79,-6293.77
11883.79,-6293.77 11953.95,-6356.44
13454.58,-6244.96 13490.71,-6169.58
13490.71,-6169.58 13506.56,-6092.06
13506.56,-6092.06 13507.32,-6071.13
11780.64,-6059.05 11781.35,-6078.91
11781.35,-6078.91 11796.44,-6153.3
12842.36,-6041.95 12853.62,-6014.93
12853.62,-6014.93 12855.76,-5996.52
12391.56,-5950.43 12382.74,-5979.73
12382.74,-5979.73 12382.09,-5990.17
13404.12,-6309.72 13454.58,-6244.96
11838.28,-5880.38 11800.89,-5951.87
11800.89,-5951.87 11782.55,-6025.81
11782.55,-6025.81 11780.64,-6058.71
12793.21,-6089.08 12821.95,-6066.99
12821.95,-6066.99 12842.36,-6041.95
11759.01,-6646.51 11751.28,-6650.13
11751.28,-6650.13 11735.32,-6657
12475.21,-5876.43 12438.72,-5897.64
12438.72,-5897.64 12410.46,-5922.65
12410.46,-5922.65 12391.56,-5950.43
12054.34,-5696.37 11966.42,-5751.18
11966.42,-5751.18 11893.87,-5812.98
11893.87,-5812.98 11838.28,-5880.38
11760.78,-5623.29 11654.63,-5698.37
11654.63,-5698.37 11567.03,-5780.87
11567.03,-5780.87 11500.19,-5868.23
11435.3,-6163.22 11429.76,-6101.08
11673.35,-6518.15 11581.68,-6437.66
11581.68,-6437.66 11510.57,-6350.53
11510.57,-6350.53 11461.44,-6258.46
11461.44,-6258.46 11435.3,-6163.22
13768.73,-6279.12 13726.27,-6355.53
13726.27,-6355.53 13655.67,-6441.83
13655.67,-6441.83 13564.57,-6521.65
13564.57,-6521.65 13454.76,-6593.35
11785.61,-6592.01 11774.66,-6603.47
12383.5,-6529.96 12515.71,-6547.89
12515.71,-6547.89 12650.98,-6553.97
12650.98,-6553.97 12786.16,-6548.06
12786.16,-6548.06 12918.13,-6530.32
12918.13,-6530.32 13043.84,-6501.16
12035.21,-6410.17 12140.39,-6460.32
12140.39,-6460.32 12257.41,-6500.55
12257.41,-6500.55 12383.5,-6529.96
13043.84,-6501.16 13160.37,-6461.27
13160.37,-6461.27 13264.97,-6411.57
13264.97,-6411.57 13355.2,-6353.24
13355.2,-6353.24 13404.12,-6309.72
14787.06,-6248.57 14795.41,-6256.93
13293.02,-8288.55 13262.36,-8312.93
14604.43,-7531.41 14627.48,-7524.78
14603.11,-8542.81 14625.37,-8524.62
13260.54,-9312.65 13283.57,-9305.99
14594.98,-9453.05 14625.37,-9428.82
14594.98,-10357.24 14625.37,-10333.01
13260.25,-11121.16 13283.57,-11114.38
13262.6,-11935.72 13293.02,-11911.51
14604.43,-11154.37 14627.2,-11147.86
10537.99,-11181.69 10555.09,-11181.69
10570.06,-11173.05 10580.75,-11173.05
14652.62,-11569.27 14639.26,-11561.56
14787.85,-11522.36 14785.19,-11526.06
14740.28,-11551.99 14723.17,-11551.99
14697.52,-11543.35 14708.21,-11543.35
13299.26,-12335.2 13285.89,-12358.35
13198.47,-12408.82 13194.49,-12444.45
13143.17,-12471.91 13149.58,-12470.38
12770.11,-12470.38 12776.53,-12471.91
13260.25,-10216.97 13283.57,-10210.18
10939.4,-11192.69 10948.85,-11209.05
11405.67,-11472.79 11415.12,-11467.33
12142.05,-11887.02 12151.5,-11903.38
12608.31,-12167.12 12617.76,-12161.67
12726.47,-12445.18 12724.55,-12403.96
14793.75,-6543.41 14795.41,-6538.92
10625.65,-11198.97 10639.01,-11191.26
5068.71,-5833.09 6710.75,-4884.88
5068.72,-6046.74 5060.93,-6127.11
5068.72,-6046.74 5068.71,-5833.09
5069.48,-11109.75 5069.48,-6132.05
5215.42,-11145.25 5215.42,-10864.58
5301.69,-6266.11 5301.69,-10914.38
5515.81,-11039.54 5515.81,-11146.68
7344.38,-7445.43 7348.39,-7443.12
7728.12,-7445.43 9370.15,-6497.41
7352.93,-12425.91 7719.57,-12425.91
5069.48,-11109.75 5114.4,-11135.69
7302.87,-12399.17 7346.52,-12424.37
5157.16,-11127.04 5202.06,-11152.97
7300.96,-12357.95 5208.74,-11149.11
5991.52,-11421.33 5991.52,-11311.61
7111.54,-11956.84 7148.44,-11956.84
5525.26,-11163.05 5982.07,-11426.78
6727.9,-11857.38 7184.72,-12121.12
5157.03,-10830.87 7111.54,-11956.84
7148.44,-11956.84 7301.6,-12043.82
6071.7,-9191.45 6071.7,-9299.01
6328.27,-9342.21 6328.27,-9444.05
9180.83,-7485.4 7869.42,-8242.54
7725.99,-8332.04 7838.77,-8266.92
9203.89,-7478.78 9270.7,-7440.2
7033.82,-11406.76 5376.84,-10450.13
6718.45,-11733.87 6718.45,-11841.01
7148.44,-11956.84 7148.44,-7332.31
7194.17,-12115.66 7194.17,-11982.81
7258.31,-12018.92 7258.05,-12333.18
7346.52,-12424.37 7346.52,-7444.2
9268.59,-8440.04 9201.78,-8478.62
7836.66,-9266.76 7725.99,-9330.66
9171.37,-8502.83 7859.98,-9259.98
7836.66,-9266.76 7836.94,-9266.65
7033.82,-10317.41 5376.84,-9360.77
9299.58,-11505.99 9284.61,-11497.35
7725.99,-12424.37 7725.99,-7444.2
9179.51,-8496.81 9171.37,-8502.83
5131.5,-11135.69 5146.47,-11127.04
7104.32,-10007.22 5306.33,-8969.17
6322.92,-9444.05 6326.7,-9446.23
6071.7,-9299.01 6322.92,-9444.05
6325.59,-9337.58 6072.37,-9191.39
5376.84,-8739.32 7033.82,-9695.95
7875.66,-12289.2 7875.66,-11861.9
7955.13,-11816.02 7955.13,-8193.06
7962.7,-8167.29 7962.7,-7310
9268.59,-9344.24 9201.78,-9382.81
7836.66,-10170.96 7725.99,-10234.86
9171.39,-9407.04 7859.98,-10164.18
8543.09,-11476.56 8543.09,-7853.61
9201.78,-10287.01 9201.55,-10287.18
9268.59,-10248.43 9201.78,-10287.01
7836.66,-11075.16 7725.99,-11139.05
9171.39,-10311.24 7859.98,-11068.37
5376.84,-7600.58 7033.82,-8557.22
9124.88,-6639.02 9124.88,-7496.3
9131.04,-11137.11 9131.04,-7514.15
9215.66,-11094.93 9215.66,-11515.55
9364.26,-6500.81 9364.26,-11476.35
9371.81,-6210.92 9371.82,-6492.91
7839,-11889.71 7838.77,-11889.88
9180.83,-11108.36 7869.42,-11865.5
7725.99,-11955 7838.77,-11889.88
9203.89,-11101.73 9270.7,-11063.16
9203.6,-11101.85 9203.89,-11101.73
7104.32,-7911.07 5306.33,-6873.03
9273.92,-11497.35 9229.03,-11523.27
7774.87,-12362.82 7862.3,-12312.34
7725.99,-12424.37 7770.9,-12398.44
9316.69,-11505.99 9361.6,-11480.06
5060.93,-6127.11 7344.38,-7445.43
7352.17,-7446.39 7720.33,-7446.39
7728.12,-7445.43 7724.11,-7443.12
7078.91,-4884.88 8441.71,-5670.4
8441.71,-5670.4 9363.47,-6202.57
6710.75,-4884.88 7078.91,-4884.88
6458.8,-5511.97 6337.18,-5577.29
7427.34,-5859.52 8089.65,-5582.39
7036.41,-6048.23 7009.7,-6067.93
7009.7,-6067.93 6362.02,-6546
8131.11,-5558.42 8089.87,-5582.23
6299.51,-6615.89 6258.27,-6639.7
6351.06,-6591.4 6335.42,-6600.51
6299.73,-6615.78 6299.51,-6615.89
6311.72,-6611 6299.73,-6615.78
6076.6,-5822.22 6031.9,-5911.59
8089.65,-5582.39 8089.87,-5582.23
6031.9,-5911.59 6010.1,-5996.52
6010.1,-5996.55 6006.16,-6053.1
6006.16,-6052.76 6010.07,-5996.97
6010.1,-5996.55 6010.1,-5996.52
6006.16,-6053.1 6006.16,-6052.76
6060.45,-5900.67 6060.24,-5937.55
6351.06,-6557.47 6351.06,-6591.4
8368.95,-6238.47 8394.28,-6171.07
7432.17,-5950.58 7430.96,-5936.81
7516.11,-6795.3 7516.74,-6816.94
7508.78,-6740.97 7510.68,-6783.19
8394.28,-6171.07 8408.11,-6097.71
6958.49,-5944.17 6960.58,-5963.04
7516.74,-6816.94 7516.86,-6817.44
8409.96,-6058.72 8409.96,-6059.01
8355.26,-6256.01 8355.19,-6295.35
8408.11,-6097.71 8409.96,-6058.72
7516.86,-6817.44 7531.95,-6849.96
7510.68,-6783.19 7516.11,-6795.3
6892.79,-5385.57 6883.76,-5366.1
7254.5,-6081.79 7500.83,-6720.36
7500.83,-6720.36 7508.78,-6740.97
6250.58,-6472.69 6362.02,-6546
7142.8,-5802.86 6892.79,-5385.57
6959.14,-5933.73 6060.45,-5900.67
5980.39,-5930.7 5994.43,-5931.58
5994.43,-5931.58 6011.2,-5933.1
5924.02,-5921.98 5980.35,-5930.7
8426.05,-6309.04 8482.38,-6317.75
6060.24,-5937.55 6028.42,-5935.56
6023.05,-5934.58 6011.2,-5933.1
8355.19,-6295.35 8391.66,-6301
8391.64,-6300.99 8391.66,-6301
7102.51,-6074.45 7148.98,-6083.19
8426.02,-6309.03 8426.05,-6309.04
8414.02,-6305.86 8426.02,-6309.03
7415.2,-6000.32 7454.24,-6010.94
7454.24,-6010.94 8335.95,-6250.76
8335.95,-6250.76 8355.26,-6256.01
8409.96,-6057.75 8409.96,-6058.03
8409.96,-6058.03 8409.96,-6058.72
6006.17,-6055.08 6006.16,-6053.93
6006.16,-6053.93 6006.16,-6053.58
6006.16,-6053.58 6006.16,-6053.1
8409.96,-6059.01 8409.96,-6059.84
8409.96,-6059.84 8409.96,-6060.12
7561.11,-5399.46 7392.84,-5376.43
7392.84,-5376.43 7222.43,-5366.25
7222.43,-5366.25 7053.95,-5369.26
7053.95,-5369.26 6890.92,-5385.76
6890.92,-5385.76 6736.32,-5415.72
6736.32,-5415.72 6592.06,-5458.07
6592.06,-5458.07 6458.8,-5511.97
7900.23,-5713.44 7812.36,-5657.07
7812.36,-5657.07 7711.06,-5609.07
7711.06,-5609.07 7598.69,-5570.49
7598.69,-5570.49 7477.81,-5542.15
7477.81,-5542.15 7351.15,-5524.64
7351.15,-5524.64 7221.57,-5518.34
7221.57,-5518.34 7092,-5523.37
7092,-5523.37 6965.36,-5539.57
6965.36,-5539.57 6844.47,-5566.59
6844.47,-5566.59 6732.07,-5603.81
6732.07,-5603.81 6630.75,-5650.36
8118.26,-5601.38 8005.5,-5537.49
8005.5,-5537.49 7873.53,-5481.69
7873.53,-5481.69 7723.12,-5434.88
7723.12,-5434.88 7561.11,-5399.46
7427.34,-5859.52 7390.78,-5836.33
7390.78,-5836.33 7347.38,-5818.01
7347.38,-5818.01 7298.94,-5805.17
7298.94,-5805.17 7247.4,-5798.24
7247.4,-5798.24 7194.82,-5797.44
7194.82,-5797.44 7143.29,-5802.74
7143.29,-5802.74 7094.91,-5813.9
7094.91,-5813.9 7051.62,-5830.43
7023.06,-6041.36 7059.93,-6060.33
7059.93,-6060.33 7102.51,-6074.45
8391.64,-6300.99 8399.24,-6302.46
8399.24,-6302.46 8414.02,-6305.86
7148.98,-6083.19 7197.32,-6086.21
7197.32,-6086.21 7245.47,-6083.44
7245.47,-6083.44 7291.49,-6075.04
7291.49,-6075.04 7333.52,-6061.36
7333.52,-6061.36 7369.61,-6043.07
8064.66,-5919.23 8027.86,-5846.02
8027.86,-5846.02 7972.62,-5776.9
7972.62,-5776.9 7900.23,-5713.44
6785.63,-6701.85 6947.12,-6729.06
6947.12,-6729.06 7113.52,-6742.82
7113.52,-6742.82 7281.53,-6742.88
7281.53,-6742.88 7447.78,-6729.26
6530.36,-6310.44 6616.07,-6366.09
6362.02,-6546 6490.11,-6609.43
6490.11,-6609.43 6632.27,-6661.71
6632.27,-6661.71 6785.63,-6701.85
7447.78,-6729.26 7608.98,-6702.23
7608.98,-6702.23 7761.94,-6662.33
7761.94,-6662.33 7903.61,-6610.36
7903.61,-6610.36 8031.17,-6547.34
7430.96,-5936.81 7420.7,-5908.7
6960.58,-5963.04 6972.23,-5991.81
6972.23,-5991.81 6993.41,-6018.25
6993.41,-6018.25 7023.06,-6041.36
8409.96,-6059.01 8408.94,-6030.03
8408.94,-6030.03 8391.3,-5935.38
8391.3,-5935.38 8352.26,-5843.18
8352.26,-5843.18 8292.78,-5755.46
8292.78,-5755.46 8214.2,-5674.27
8214.2,-5674.27 8118.26,-5601.38
8083.73,-6024.71 8082.2,-5994.77
8082.2,-5994.77 8064.66,-5919.23
6372.84,-6107.29 6407.27,-6179.51
6407.27,-6179.51 6460.2,-6247.76
6460.2,-6247.76 6530.36,-6310.44
8030.99,-6198.95 8067.12,-6123.58
8067.12,-6123.58 8082.97,-6046.05
8082.97,-6046.05 8083.73,-6025.12
6357.05,-6013.04 6357.76,-6032.91
6357.76,-6032.91 6372.84,-6107.29
7418.77,-5995.95 7430.03,-5968.93
7430.03,-5968.93 7432.17,-5950.52
6967.97,-5904.42 6959.14,-5933.73
6959.14,-5933.73 6958.49,-5944.16
7980.53,-6263.72 8030.99,-6198.95
6414.69,-5834.37 6377.29,-5905.87
6377.29,-5905.87 6358.95,-5979.8
6358.95,-5979.8 6357.05,-6012.71
7369.61,-6043.07 7398.36,-6020.99
7398.36,-6020.99 7418.77,-5995.95
6335.42,-6600.51 6327.69,-6604.12
6327.69,-6604.12 6311.72,-6611
7051.62,-5830.43 7015.12,-5851.63
7015.12,-5851.63 6986.87,-5876.64
6986.87,-5876.64 6967.97,-5904.42
6630.75,-5650.36 6542.83,-5705.17
6542.83,-5705.17 6470.27,-5766.97
6470.27,-5766.97 6414.69,-5834.37
6337.18,-5577.29 6231.03,-5652.36
6231.03,-5652.36 6143.44,-5734.86
6143.44,-5734.86 6076.6,-5822.22
6011.7,-6117.21 6006.17,-6055.08
6249.76,-6472.15 6158.09,-6391.65
6158.09,-6391.65 6086.98,-6304.52
6086.98,-6304.52 6037.85,-6212.46
6037.85,-6212.46 6011.7,-6117.21
8345.13,-6233.11 8302.67,-6309.52
8302.67,-6309.52 8232.08,-6395.83
8232.08,-6395.83 8140.98,-6475.64
8140.98,-6475.64 8031.17,-6547.34
6362.02,-6546 6351.06,-6557.47
6959.9,-6483.95 7092.12,-6501.89
7092.12,-6501.89 7227.38,-6507.96
7227.38,-6507.96 7362.57,-6502.05
7362.57,-6502.05 7494.54,-6484.31
7494.54,-6484.31 7620.25,-6455.16
6611.62,-6364.16 6716.8,-6414.31
6716.8,-6414.31 6833.81,-6454.55
6833.81,-6454.55 6959.9,-6483.95
7620.25,-6455.16 7736.77,-6415.26
7736.77,-6415.26 7841.37,-6365.57
7841.37,-6365.57 7931.61,-6307.23
7931.61,-6307.23 7980.53,-6263.72
9363.47,-6202.57 9371.81,-6210.92
7869.42,-8242.54 7838.77,-8266.92
9180.83,-7485.4 9203.89,-7478.78
9179.51,-8496.81 9201.78,-8478.62
7836.94,-9266.65 7859.98,-9259.98
9171.39,-9407.04 9201.78,-9382.81
9171.39,-10311.24 9201.78,-10287.01
7836.66,-11075.16 7859.98,-11068.37
7839,-11889.71 7869.42,-11865.5
9180.83,-11108.36 9203.6,-11101.85
5114.4,-11135.69 5131.5,-11135.69
5146.47,-11127.04 5157.16,-11127.04
9229.03,-11523.27 9215.66,-11515.55
9364.26,-11476.35 9361.6,-11480.06
9316.69,-11505.99 9299.58,-11505.99
9273.92,-11497.35 9284.61,-11497.35
7875.66,-12289.2 7862.3,-12312.34
7774.87,-12362.82 7770.9,-12398.44
7719.57,-12425.91 7725.99,-12424.37
7346.52,-12424.37 7352.93,-12425.91
7836.66,-10170.96 7859.98,-10164.18
5515.81,-11146.68 5525.26,-11163.05
5982.07,-11426.78 5991.52,-11421.33
6718.45,-11841.01 6727.9,-11857.38
7184.72,-12121.12 7194.17,-12115.66
7302.87,-12399.17 7300.96,-12357.95
9370.15,-6497.41 9371.82,-6492.91
5202.06,-11152.97 5215.42,-11145.25
6956.31,-11989.25 6956.31,-13889.25
6956.31,-13889.25 4756.31,-13889.25
12379.9,-14235.25 4756.31,-14235.25
12379.9,-12035.25 12379.9,-14235.25
4756.31,-13689.25 4756.31,-14435.25
4756.31,-13689.25 4082.22,-14062.25
4082.22,-14062.25 4756.31,-14435.25
4082.22,-14062.25 2256.93,-14062.25
