8826.15,-16051.39 8826.15,-17931.46
8826.15,-17931.46 6626.15,-17931.46
11410.76,-18277.47 6626.15,-18277.47
6626.15,-17731.46 6626.15,-18477.47
6626.15,-17731.46 5952.05,-18104.46
5952.05,-18104.46 6626.15,-18477.47
5952.05,-18104.46 4126.76,-18104.46
14597.62,-18104.46 12084.86,-18104.46
20385.62,-18450.47 12084.86,-18450.47
12084.86,-17904.46 12084.86,-18650.47
12084.86,-17904.46 11410.76,-18277.47
11410.76,-18277.47 12084.86,-18650.47
6481.39,-10101.47 7361.19,-9593.52
7361.19,-9593.52 7968.27,-9243.02
6477.77,-10366.64 6477.76,-10110.63
6484.82,-14875.28 6484.82,-10371.15
6698.93,-11045.93 6698.93,-12937.21
6698.93,-14696.35 6698.93,-12941.4
6698.93,-12937.21 6698.93,-12941.4
6698.93,-11045.93 6698.93,-11023.74
6698.93,-11023.74 6699.53,-10495.11
9280.13,-16489.12 9612.03,-16489.12
7041.26,-13026.47 7041.26,-12934.28
7041.26,-12929.1 7041.26,-12934.28
7041.26,-12929.1 7045.5,-12926.94
6487.22,-14878.63 6527.88,-14902.11
9233.66,-16464.26 9274.32,-16487.73
9230.46,-16432.23 9206.57,-16418.44
6566.59,-14894.29 6607.23,-14917.75
6617.57,-14917.57 9196.82,-16406.67
7277.15,-13155.53 7277.15,-13063.48
7272.1,-13159.74 7277.15,-13155.53
9619.56,-11980.63 11107.94,-11121.26
6698.93,-14696.35 9058.93,-16058.86
9104.95,-16058.9 9230.46,-16131.36
10959.81,-12013.32 10960.07,-12013.21
8944.07,-15533.01 6815.06,-14303.85
8473.51,-13755.99 8473.51,-13853.36
10939.7,-12019.79 9752.04,-12704.62
9661.7,-12762.74 9724.29,-12726.69
10960.07,-12013.21 11020.56,-11978.29
8709.39,-13982.56 8709.39,-13890.37
8473.51,-13755.99 8477.74,-13753.83
6543.36,-14902.11 6556.91,-14894.29
8704.35,-13986.63 8708.68,-13984.12
10959.81,-12949.18 10960.07,-12949.07
8944.07,-14546.86 6815.06,-13317.7
11042.34,-15656.36 11028.8,-15648.53
9230.46,-16459.79 9230.46,-11956.31
9744.39,-13646.13 9752.03,-13640.47
10939.7,-12954.79 9752.04,-13640.48
9661.7,-13698.68 9724.29,-13662.55
10960.07,-12949.07 11020.56,-12914.15
9230.46,-14396.79 6703.03,-12937.61
7268.68,-13157.76 7272.1,-13159.74
8700.93,-13984.65 8704.35,-13986.63
7041.26,-13026.47 7268.68,-13157.76
8473.51,-13853.36 8700.93,-13984.65
7045.5,-12926.94 7274.73,-13059.29
8477.74,-13753.83 8706.97,-13886.18
8944.07,-13983.95 6815.06,-12754.79
9661.7,-11956.3 9661.7,-16459.79
9753.33,-16365.36 9753.33,-15983.57
9829.63,-15939.64 9829.63,-12659.88
9744.39,-14464.65 9752.03,-14459
9724.5,-14480.93 9724.29,-14481.08
10939.7,-13773.79 9752.04,-14459.01
9661.7,-14517.21 9724.29,-14481.08
10960.7,-13767.79 11019.64,-13733.22
10361.88,-15633.12 10361.88,-12352.97
10959.81,-14586.24 10960.07,-14586.13
6815.06,-11701.6 8944.07,-12930.76
9724.5,-15299.46 9724.29,-15299.61
10939.7,-14591.79 9751.7,-15277.79
9661.7,-15335.74 9724.29,-15299.61
10960.07,-14586.13 11019.42,-14551.87
9230.46,-12499.96 6703.64,-11041.1
10894.13,-15326.61 10894.13,-12046.07
10963.47,-15290.95 10963.47,-15663.34
11100.89,-11125.39 11100.89,-15629.53
11107.94,-11056.27 11107.94,-11121.26
11107.94,-10864.88 11107.94,-11056.27
9744.39,-15989.97 9752.06,-15984.31
9724.5,-16006.24 9724.29,-16006.39
10940.7,-15299.79 9752.04,-15984.32
9661.7,-16042.57 9724.29,-16006.39
10960.07,-15292.92 11019.22,-15258.77
10959.81,-15293.02 10960.07,-15292.92
6477.77,-10366.64 9272.6,-11980.63
11019.12,-15648.53 10978.47,-15672
9661.7,-16432.23 9741.24,-16386.31
9617.84,-16487.73 9658.5,-16464.26
11057.83,-15656.36 11098.49,-15632.88
9272.6,-11980.63 9619.56,-11980.63
8310.98,-9243.02 11104.31,-10855.72
7968.58,-9242.52 8310.98,-9243.02
10940.7,-15299.79 10959.81,-15293.02
9724.5,-16006.24 9734.14,-15998.12
9734.14,-15998.12 9744.39,-15989.97
10939.7,-14591.79 10959.81,-14586.24
9724.5,-15299.46 9751.7,-15277.79
9724.5,-14480.93 9734.14,-14472.81
9734.14,-14472.81 9744.39,-14464.65
10939.7,-13773.79 10960.7,-13767.79
9724.5,-13662.4 9734.14,-13654.28
9734.14,-13654.28 9744.39,-13646.13
10939.7,-12954.79 10943.45,-12953.69
10943.45,-12953.69 10951.7,-12951.3
10951.7,-12951.3 10959.81,-12949.18
9724.5,-12726.54 9734.14,-12718.42
9734.14,-12718.42 9744.39,-12710.26
10939.7,-12019.79 10943.45,-12017.83
10943.45,-12017.83 10951.7,-12015.44
10951.7,-12015.44 10959.81,-12013.32
9744.39,-12710.26 9752.04,-12704.62
11042.34,-15656.36 11051.68,-15658.47
11051.68,-15658.47 11057.83,-15656.36
11098.49,-15632.88 11100.89,-15629.53
11028.8,-15648.53 11019.12,-15648.53
10978.47,-15672 10966.38,-15665.02
10966.38,-15665.02 10963.47,-15663.34
11104.31,-10855.72 11107.94,-10864.88
6481.39,-10101.47 6477.76,-10110.63
8706.97,-13886.18 8709.39,-13890.37
7274.73,-13059.29 7277.15,-13063.48
6484.82,-14875.28 6487.22,-14878.63
6527.88,-14902.11 6543.36,-14902.11
6556.91,-14894.29 6566.59,-14894.29
6607.23,-14917.75 6617.57,-14917.57
9230.46,-16459.79 9233.66,-16464.26
9274.32,-16487.73 9280.13,-16489.12
9612.03,-16489.12 9617.84,-16487.73
9658.5,-16464.26 9661.7,-16459.79
9741.24,-16386.31 9753.33,-16365.36
9206.57,-16418.44 9196.82,-16406.67
9058.93,-16058.86 9104.95,-16058.9
8708.68,-13984.12 8709.39,-13982.56
8919.97,-10498.7 8812.95,-10556.18
9772.29,-10804.54 10355.11,-10560.67
9428.27,-10970.61 9404.76,-10987.94
9404.76,-10987.94 8834.8,-11408.65
10391.6,-10539.58 10355.31,-10560.53
8779.79,-11470.15 8743.5,-11491.1
8825.16,-11448.59 8811.39,-11456.61
8779.99,-11470.05 8779.79,-11470.15
8790.54,-11465.84 8779.99,-11470.05
8583.63,-10771.72 8544.29,-10850.36
10355.11,-10560.67 10355.31,-10560.53
8544.29,-10850.36 8525.11,-10925.1
8525.11,-10925.13 8521.65,-10974.89
8521.65,-10974.59 8525.08,-10925.49
8525.11,-10925.13 8525.11,-10925.1
8521.65,-10974.89 8521.65,-10974.59
8569.42,-10840.75 8569.23,-10873.21
8825.16,-11418.73 8825.16,-11448.59
10600.9,-11138.02 10623.19,-11078.71
9776.53,-10884.68 9775.47,-10872.56
9850.4,-11628.03 9850.96,-11647.07
9843.95,-11580.21 9845.62,-11617.37
10623.19,-11078.71 10635.36,-11014.15
9359.7,-10879.03 9361.54,-10895.64
9850.96,-11647.07 9851.06,-11647.51
10636.99,-10979.84 10636.99,-10980.09
10588.85,-11153.45 10588.79,-11188.08
10635.36,-11014.15 10636.99,-10979.84
9851.06,-11647.51 9864.34,-11676.13
9845.62,-11617.37 9850.4,-11628.03
9301.88,-10387.46 9293.93,-10370.33
9620.19,-11000.14 9836.95,-11562.08
9836.95,-11562.08 9843.95,-11580.21
8736.73,-11344.14 8834.8,-11408.65
9521.89,-10754.68 9301.88,-10387.46
9360.27,-10869.84 8569.42,-10840.75
8498.96,-10867.18 8511.32,-10867.95
8511.32,-10867.95 8526.08,-10869.29
8449.36,-10859.51 8498.93,-10867.18
10651.14,-11200.12 10700.72,-11207.79
8569.23,-10873.21 8541.23,-10871.46
8536.51,-10870.6 8526.08,-10869.29
10588.79,-11188.08 10620.89,-11193.04
9486.43,-10993.68 9527.32,-11001.37
10651.12,-11200.11 10651.14,-11200.12
10640.56,-11197.32 10651.12,-11200.11
9761.6,-10928.45 9795.95,-10937.79
9795.95,-10937.79 10571.86,-11148.83
10571.86,-11148.83 10588.85,-11153.45
10636.99,-10978.98 10636.99,-10979.23
10636.99,-10979.23 10636.99,-10979.84
8521.65,-10976.63 8521.65,-10975.62
8521.65,-10975.62 8521.65,-10975.31
8521.65,-10975.31 8521.65,-10974.89
10636.99,-10980.09 10636.99,-10980.82
10636.99,-10980.82 10636.99,-10981.07
9890,-10399.69 9741.92,-10379.43
9741.92,-10379.43 9591.96,-10370.47
9591.96,-10370.47 9443.7,-10373.12
9443.7,-10373.12 9300.23,-10387.63
9300.23,-10387.63 9164.19,-10414
9164.19,-10414 9037.23,-10451.27
9037.23,-10451.27 8919.97,-10498.7
10188.43,-10675.99 10111.1,-10626.39
10111.1,-10626.39 10021.95,-10584.15
10021.95,-10584.15 9923.07,-10550.19
9923.07,-10550.19 9816.7,-10525.25
9816.7,-10525.25 9705.23,-10509.85
9705.23,-10509.85 9591.2,-10504.31
9591.2,-10504.31 9477.18,-10508.73
9477.18,-10508.73 9365.74,-10522.99
9365.74,-10522.99 9259.36,-10546.76
9259.36,-10546.76 9160.45,-10579.52
9160.45,-10579.52 9071.28,-10620.48
10380.29,-10577.38 10281.07,-10521.15
10281.07,-10521.15 10164.93,-10472.05
10164.93,-10472.05 10032.57,-10430.86
10032.57,-10430.86 9890,-10399.69
9772.29,-10804.54 9740.11,-10784.14
9740.11,-10784.14 9701.92,-10768.01
9701.92,-10768.01 9659.29,-10756.71
9659.29,-10756.71 9613.93,-10750.62
9613.93,-10750.62 9567.66,-10749.91
9567.66,-10749.91 9522.32,-10754.58
9522.32,-10754.58 9479.75,-10764.4
9479.75,-10764.4 9441.65,-10778.94
9416.52,-10964.56 9448.97,-10981.25
9448.97,-10981.25 9486.43,-10993.68
10620.87,-11193.04 10627.56,-11194.33
10627.56,-11194.33 10640.56,-11197.32
9527.32,-11001.37 9569.86,-11004.03
9569.86,-11004.03 9612.24,-11001.59
9612.24,-11001.59 9652.73,-10994.2
9652.73,-10994.2 9689.72,-10982.16
9689.72,-10982.16 9721.48,-10966.07
10333.12,-10857.08 10300.74,-10792.67
10300.74,-10792.67 10252.13,-10731.84
10252.13,-10731.84 10188.43,-10675.99
9207.58,-11545.79 9349.69,-11569.73
9349.69,-11569.73 9496.13,-11581.85
9496.13,-11581.85 9643.97,-11581.9
9643.97,-11581.9 9790.27,-11569.91
8982.94,-11201.35 9058.36,-11250.33
8834.8,-11408.65 8947.52,-11464.46
8947.52,-11464.46 9072.62,-11510.47
9072.62,-11510.47 9207.58,-11545.79
9790.27,-11569.91 9932.13,-11546.13
9932.13,-11546.13 10066.73,-11511.02
10066.73,-11511.02 10191.4,-11465.28
10191.4,-11465.28 10303.65,-11409.83
9775.47,-10872.56 9766.44,-10847.82
9361.54,-10895.64 9371.78,-10920.95
9371.78,-10920.95 9390.42,-10944.23
9390.42,-10944.23 9416.52,-10964.56
10636.99,-10980.09 10636.09,-10954.59
10636.09,-10954.59 10620.56,-10871.3
10620.56,-10871.3 10586.21,-10790.16
10586.21,-10790.16 10533.87,-10712.97
10533.87,-10712.97 10464.72,-10641.52
10464.72,-10641.52 10380.29,-10577.38
10349.9,-10949.91 10348.56,-10923.56
10348.56,-10923.56 10333.12,-10857.08
8844.32,-11022.58 8874.62,-11086.13
8874.62,-11086.13 8921.2,-11146.19
8921.2,-11146.19 8982.94,-11201.35
10303.5,-11103.24 10335.29,-11036.91
10335.29,-11036.91 10349.24,-10968.69
10349.24,-10968.69 10349.9,-10950.27
8830.42,-10939.64 8831.05,-10957.12
8831.05,-10957.12 8844.32,-11022.58
9764.74,-10924.6 9774.65,-10900.82
9774.65,-10900.82 9776.53,-10884.62
9368.04,-10844.06 9360.27,-10869.84
9360.27,-10869.84 9359.7,-10879.03
10259.09,-11160.23 10303.5,-11103.24
8881.15,-10782.41 8848.24,-10845.33
8848.24,-10845.33 8832.1,-10910.39
8832.1,-10910.39 8830.42,-10939.34
9721.48,-10966.07 9746.78,-10946.64
9746.78,-10946.64 9764.74,-10924.6
8811.39,-11456.61 8804.59,-11459.79
8804.59,-11459.79 8790.54,-11465.84
9441.65,-10778.94 9409.53,-10797.6
9409.53,-10797.6 9384.67,-10819.61
9384.67,-10819.61 9368.04,-10844.06
9071.28,-10620.48 8993.91,-10668.72
8993.91,-10668.72 8930.06,-10723.1
8930.06,-10723.1 8881.15,-10782.41
8812.95,-10556.18 8719.53,-10622.25
8719.53,-10622.25 8642.45,-10694.84
8642.45,-10694.84 8583.63,-10771.72
8526.52,-11031.31 8521.65,-10976.63
8736.01,-11343.65 8655.34,-11272.82
8655.34,-11272.82 8592.76,-11196.14
8592.76,-11196.14 8549.53,-11115.13
8549.53,-11115.13 8526.52,-11031.31
10579.94,-11133.3 10542.58,-11200.54
10542.58,-11200.54 10480.46,-11276.49
10480.46,-11276.49 10400.29,-11346.73
10400.29,-11346.73 10303.65,-11409.83
8834.8,-11408.65 8825.16,-11418.73
9360.94,-11354.04 9477.29,-11369.83
9477.29,-11369.83 9596.32,-11375.17
9596.32,-11375.17 9715.28,-11369.97
9715.28,-11369.97 9831.42,-11354.36
9831.42,-11354.36 9942.04,-11328.7
9054.45,-11248.63 9147.01,-11292.76
9147.01,-11292.76 9249.98,-11328.16
9249.98,-11328.16 9360.94,-11354.04
9942.04,-11328.7 10044.58,-11293.6
10044.58,-11293.6 10136.63,-11249.86
10136.63,-11249.86 10216.04,-11198.53
10216.04,-11198.53 10259.09,-11160.23
7374.6,-9611.36 7267.58,-9668.84
8226.92,-9917.21 8809.75,-9673.33
7882.9,-10083.27 7859.4,-10100.6
7859.4,-10100.6 7289.44,-10521.31
8846.24,-9652.24 8809.95,-9673.19
7234.43,-10582.81 7198.14,-10603.76
7279.8,-10561.26 7266.03,-10569.27
7245.18,-10578.5 7234.63,-10582.72
7038.27,-9884.38 6998.93,-9963.02
8809.75,-9673.33 8809.95,-9673.19
6998.93,-9963.02 6979.75,-10037.76
6979.75,-10037.79 6976.28,-10087.55
6976.28,-10087.25 6979.72,-10038.16
6976.28,-10087.55 6976.28,-10087.25
7024.06,-9953.41 7023.87,-9985.87
7279.8,-10531.4 7279.8,-10561.26
9055.54,-10250.68 9077.83,-10191.37
8231.17,-9997.34 8230.11,-9985.22
8305.04,-10740.69 8305.6,-10759.73
8298.59,-10692.88 8300.26,-10730.03
9077.83,-10191.37 9090,-10126.81
7814.34,-9991.69 7816.17,-10008.3
7627.99,-9438.7 7627.89,-9438.26
8305.6,-10759.73 8305.7,-10760.17
9091.63,-10092.5 9091.63,-10092.76
9043.49,-10266.12 9043.43,-10300.74
9090,-10126.81 9091.63,-10092.5
8305.7,-10760.17 8318.98,-10788.79
8300.26,-10730.03 8305.04,-10740.69
7756.52,-9500.12 7748.57,-9483
8074.83,-10112.81 8291.59,-10674.75
8291.59,-10674.75 8298.59,-10692.88
7191.37,-10456.8 7289.44,-10521.31
7976.53,-9867.34 7756.52,-9500.12
7814.91,-9982.51 7024.06,-9953.41
6953.6,-9979.84 6965.96,-9980.62
6965.96,-9980.62 6980.72,-9981.96
6904,-9972.17 6953.57,-9979.84
9105.78,-10312.78 9155.36,-10320.45
7023.87,-9985.87 6995.87,-9984.12
6991.15,-9983.26 6980.72,-9981.96
9043.43,-10300.74 9075.52,-10305.7
9075.51,-10305.7 9075.52,-10305.7
7941.07,-10106.35 7981.96,-10114.03
9105.76,-10312.77 9105.78,-10312.78
9095.2,-10309.99 9105.76,-10312.77
8216.24,-10041.11 8250.59,-10050.45
8250.59,-10050.45 9026.5,-10261.49
9026.5,-10261.49 9043.49,-10266.12
9091.63,-10091.65 9091.63,-10091.89
9091.63,-10091.89 9091.63,-10092.5
6976.29,-10089.29 6976.29,-10088.28
6976.29,-10088.28 6976.28,-10087.97
6976.28,-10087.97 6976.28,-10087.55
9091.63,-10092.76 9091.63,-10093.48
9091.63,-10093.48 9091.63,-10093.73
8344.64,-9512.35 8196.56,-9492.09
8196.56,-9492.09 8046.6,-9483.13
8046.6,-9483.13 7898.34,-9485.78
7898.34,-9485.78 7754.87,-9500.29
7754.87,-9500.29 7618.83,-9526.66
7618.83,-9526.66 7491.87,-9563.93
7491.87,-9563.93 7374.6,-9611.36
8643.07,-9788.65 8565.74,-9739.05
8565.74,-9739.05 8476.59,-9696.81
8476.59,-9696.81 8377.71,-9662.86
8377.71,-9662.86 8271.34,-9637.92
8271.34,-9637.92 8159.87,-9622.51
8159.87,-9622.51 8045.84,-9616.97
8045.84,-9616.97 7931.82,-9621.39
7931.82,-9621.39 7820.38,-9635.65
7820.38,-9635.65 7714,-9659.43
7714,-9659.43 7615.08,-9692.18
7615.08,-9692.18 7525.92,-9733.15
8834.93,-9690.04 8735.71,-9633.82
8735.71,-9633.82 8619.57,-9584.72
8619.57,-9584.72 8487.21,-9543.52
8487.21,-9543.52 8344.64,-9512.35
8226.92,-9917.21 8194.75,-9896.8
8194.75,-9896.8 8156.56,-9880.67
8156.56,-9880.67 8113.93,-9869.37
8113.93,-9869.37 8068.57,-9863.28
8068.57,-9863.28 8022.3,-9862.57
8022.3,-9862.57 7976.96,-9867.24
7976.96,-9867.24 7934.39,-9877.06
7934.39,-9877.06 7896.29,-9891.6
7871.16,-10077.23 7903.6,-10093.92
7903.6,-10093.92 7941.07,-10106.35
9075.51,-10305.7 9082.19,-10306.99
9082.19,-10306.99 9095.2,-10309.99
7981.96,-10114.03 8024.5,-10116.69
8024.5,-10116.69 8066.87,-10114.26
8066.87,-10114.26 8107.37,-10106.87
8107.37,-10106.87 8144.36,-10094.82
8144.36,-10094.82 8176.12,-10078.73
8787.76,-9969.75 8755.38,-9905.33
8755.38,-9905.33 8706.77,-9844.5
8706.77,-9844.5 8643.07,-9788.65
7662.22,-10658.45 7804.33,-10682.4
7804.33,-10682.4 7950.76,-10694.51
7950.76,-10694.51 8098.6,-10694.56
8098.6,-10694.56 8244.91,-10682.57
7437.58,-10314.01 7513,-10362.99
7289.44,-10521.31 7402.16,-10577.12
7402.16,-10577.12 7527.26,-10623.14
7527.26,-10623.14 7662.22,-10658.45
8244.91,-10682.57 8386.77,-10658.79
8386.77,-10658.79 8521.37,-10623.68
8521.37,-10623.68 8646.04,-10577.94
8646.04,-10577.94 8758.29,-10522.49
8230.11,-9985.22 8221.08,-9960.49
7816.17,-10008.3 7826.42,-10033.62
7826.42,-10033.62 7845.06,-10056.89
7845.06,-10056.89 7871.16,-10077.23
9091.63,-10092.76 9090.73,-10067.26
9090.73,-10067.26 9075.2,-9983.96
9075.2,-9983.96 9040.85,-9902.82
9040.85,-9902.82 8988.5,-9825.64
8988.5,-9825.64 8919.36,-9754.18
8919.36,-9754.18 8834.93,-9690.04
8804.54,-10062.57 8803.19,-10036.23
8803.19,-10036.23 8787.76,-9969.75
7298.96,-10135.24 7329.26,-10198.79
7329.26,-10198.79 7375.84,-10258.86
7375.84,-10258.86 7437.58,-10314.01
8758.13,-10215.91 8789.93,-10149.57
8789.93,-10149.57 8803.87,-10081.35
8803.87,-10081.35 8804.54,-10062.94
7285.06,-10052.31 7285.69,-10069.78
7285.69,-10069.78 7298.96,-10135.24
8219.38,-10037.26 8229.29,-10013.48
8229.29,-10013.48 8231.17,-9997.28
7822.67,-9956.72 7814.91,-9982.51
7814.91,-9982.51 7814.34,-9991.69
8713.73,-10272.9 8758.13,-10215.91
7335.79,-9895.07 7302.88,-9957.99
7302.88,-9957.99 7286.74,-10023.05
7286.74,-10023.05 7285.06,-10052.01
8176.12,-10078.73 8201.42,-10059.3
8201.42,-10059.3 8219.38,-10037.26
7266.03,-10569.27 7259.23,-10572.46
7259.23,-10572.46 7245.18,-10578.5
7896.29,-9891.6 7864.17,-9910.26
7864.17,-9910.26 7839.31,-9932.27
7839.31,-9932.27 7822.67,-9956.72
7525.92,-9733.15 7448.55,-9781.38
7448.55,-9781.38 7384.7,-9835.76
7384.7,-9835.76 7335.79,-9895.07
7267.58,-9668.84 7174.17,-9734.91
7174.17,-9734.91 7097.09,-9807.51
7097.09,-9807.51 7038.27,-9884.38
6981.16,-10143.97 6976.29,-10089.29
7190.65,-10456.32 7109.98,-10385.48
7109.98,-10385.48 7047.4,-10308.81
7047.4,-10308.81 7004.17,-10227.79
7004.17,-10227.79 6981.16,-10143.97
9034.58,-10245.96 8997.22,-10313.21
8997.22,-10313.21 8935.09,-10389.16
8935.09,-10389.16 8854.93,-10459.39
8854.93,-10459.39 8758.29,-10522.49
7289.44,-10521.31 7279.8,-10531.4
7815.58,-10466.71 7931.92,-10482.49
7931.92,-10482.49 8050.96,-10487.83
8050.96,-10487.83 8169.92,-10482.63
8169.92,-10482.63 8286.06,-10467.02
8286.06,-10467.02 8396.68,-10441.37
7509.09,-10361.29 7601.65,-10405.42
7601.65,-10405.42 7704.62,-10440.83
7704.62,-10440.83 7815.58,-10466.71
8396.68,-10441.37 8499.22,-10406.26
8499.22,-10406.26 8591.27,-10362.53
8591.27,-10362.53 8670.68,-10311.19
8670.68,-10311.19 8713.73,-10272.9
8625.21,-15935.38 9082.03,-16199.12
8615.76,-15811.87 8615.76,-15919.02
9091.48,-16193.66 9091.48,-16059.89
8615.76,-15919.02 8625.21,-15935.38
9082.03,-16199.12 9091.48,-16193.66
6975.76,-14858.91 6975.76,-14966.02
7451.48,-15240.66 7451.48,-15133.55
6985.21,-14982.38 7442.03,-15246.12
6975.76,-14966.02 6985.21,-14982.38
7442.03,-15246.12 7451.48,-15240.66
12225.39,-10403.82 13105.19,-9895.87
13105.19,-9895.87 13712.27,-9545.37
12221.77,-10668.99 12221.76,-10412.98
12228.82,-15177.63 12228.82,-10673.49
12442.93,-11348.28 12442.93,-13239.56
12442.93,-14998.7 12442.93,-13243.75
12442.93,-13239.56 12442.93,-13243.75
12442.93,-11348.28 12442.93,-11326.08
12442.93,-11326.08 12443.53,-10797.46
15024.13,-16791.47 15356.03,-16791.47
12785.26,-13328.82 12785.26,-13236.63
12785.26,-13231.45 12785.26,-13236.63
12785.26,-13231.45 12789.5,-13229.29
12231.22,-15180.98 12271.88,-15204.46
14977.66,-16766.61 15018.32,-16790.08
14974.46,-16734.58 14950.57,-16720.79
12310.59,-15196.63 12351.23,-15220.1
12361.57,-15219.92 14940.82,-16709.02
13021.15,-13457.87 13021.15,-13365.83
13016.1,-13462.09 13021.15,-13457.87
15363.56,-12282.98 16851.94,-11423.61
12442.93,-14998.7 14802.93,-16361.21
14848.95,-16361.25 14974.46,-16433.71
16703.81,-12315.67 16704.07,-12315.56
14688.07,-15835.36 12559.06,-14606.2
14217.51,-14058.34 14217.51,-14155.7
16683.7,-12322.13 15496.04,-13006.97
15405.7,-13065.09 15468.29,-13029.04
16704.07,-12315.56 16764.56,-12280.64
14453.39,-14284.91 14453.39,-14192.72
14217.51,-14058.34 14221.74,-14056.18
12287.36,-15204.46 12300.91,-15196.63
14448.35,-14288.98 14452.68,-14286.47
16703.81,-13251.53 16704.07,-13251.42
14688.07,-14849.21 12559.06,-13620.05
16786.34,-15958.7 16772.8,-15950.88
14974.46,-16762.14 14974.46,-12258.65
15488.39,-13948.47 15496.03,-13942.82
16683.7,-13257.13 15496.04,-13942.83
15405.7,-14001.03 15468.29,-13964.9
16704.07,-13251.42 16764.56,-13216.5
14974.46,-14699.14 12447.03,-13239.96
13012.68,-13460.11 13016.1,-13462.09
14444.93,-14287 14448.35,-14288.98
12785.26,-13328.82 13012.68,-13460.11
14217.51,-14155.7 14444.93,-14287
12789.5,-13229.29 13018.73,-13361.64
14221.74,-14056.18 14450.97,-14188.53
14688.07,-14286.3 12559.06,-13057.14
15405.7,-12258.65 15405.7,-16762.13
15497.33,-16667.71 15497.33,-16285.92
15573.63,-16241.99 15573.63,-12962.23
15488.39,-14767 15496.03,-14761.35
15468.5,-14783.28 15468.29,-14783.43
16683.7,-14076.13 15496.04,-14761.36
15405.7,-14819.56 15468.29,-14783.43
16704.7,-14070.13 16763.64,-14035.57
16105.88,-15935.47 16105.88,-12655.32
16703.81,-14888.59 16704.07,-14888.48
12559.06,-12003.95 14688.07,-13233.11
15468.5,-15601.8 15468.29,-15601.96
16683.7,-14894.13 15495.7,-15580.13
15405.7,-15638.09 15468.29,-15601.96
16704.07,-14888.48 16763.42,-14854.22
14974.46,-12802.31 12447.64,-11343.45
16638.13,-15628.96 16638.13,-12348.42
16707.47,-15593.3 16707.47,-15965.69
16844.89,-11427.74 16844.89,-15931.88
16851.94,-11358.61 16851.94,-11423.61
16851.94,-11167.23 16851.94,-11358.61
15488.39,-16292.32 15496.06,-16286.66
15468.5,-16308.59 15468.29,-16308.74
16684.7,-15602.13 15496.04,-16286.67
15405.7,-16344.91 15468.29,-16308.74
16704.07,-15595.27 16763.23,-15561.11
16703.81,-15595.37 16704.07,-15595.27
12221.77,-10668.99 15016.6,-12282.98
16763.12,-15950.88 16722.47,-15974.35
15405.7,-16734.58 15485.24,-16688.66
15361.84,-16790.08 15402.5,-16766.6
16801.83,-15958.7 16842.49,-15935.23
15016.6,-12282.98 15363.56,-12282.98
14054.98,-9545.37 16848.31,-11158.06
13712.58,-9544.87 14054.98,-9545.37
16684.7,-15602.13 16703.81,-15595.37
15468.5,-16308.59 15478.14,-16300.47
15478.14,-16300.47 15488.39,-16292.32
16683.7,-14894.13 16703.81,-14888.59
15468.5,-15601.8 15495.7,-15580.13
15468.5,-14783.28 15478.14,-14775.16
15478.14,-14775.16 15488.39,-14767
16683.7,-14076.13 16704.7,-14070.13
15468.5,-13964.75 15478.14,-13956.63
15478.14,-13956.63 15488.39,-13948.47
16683.7,-13257.13 16687.45,-13256.04
16687.45,-13256.04 16695.7,-13253.65
16695.7,-13253.65 16703.81,-13251.53
15468.5,-13028.89 15478.14,-13020.77
15478.14,-13020.77 15488.39,-13012.61
16683.7,-12322.13 16687.45,-12320.18
16687.45,-12320.18 16695.7,-12317.79
16695.7,-12317.79 16703.81,-12315.67
15488.39,-13012.61 15496.04,-13006.97
16786.34,-15958.7 16795.68,-15960.82
16795.68,-15960.82 16801.83,-15958.7
16842.49,-15935.23 16844.89,-15931.88
16772.8,-15950.88 16763.12,-15950.88
16722.47,-15974.35 16710.38,-15967.36
16710.38,-15967.36 16707.47,-15965.69
16848.31,-11158.06 16851.94,-11167.23
12225.39,-10403.82 12221.76,-10412.98
14450.97,-14188.53 14453.39,-14192.72
13018.73,-13361.64 13021.15,-13365.83
12228.82,-15177.63 12231.22,-15180.98
12271.88,-15204.46 12287.36,-15204.46
12300.91,-15196.63 12310.59,-15196.63
12351.23,-15220.1 12361.57,-15219.92
14974.46,-16762.14 14977.66,-16766.61
15018.32,-16790.08 15024.13,-16791.47
15356.03,-16791.47 15361.84,-16790.08
15402.5,-16766.6 15405.7,-16762.13
15485.24,-16688.66 15497.33,-16667.71
14950.57,-16720.79 14940.82,-16709.02
14802.93,-16361.21 14848.95,-16361.25
14452.68,-14286.47 14453.39,-14284.91
14663.97,-10801.05 14556.95,-10858.53
15516.29,-11106.89 16099.11,-10863.02
15172.27,-11272.95 15148.76,-11290.29
15148.76,-11290.29 14578.8,-11711
16135.6,-10841.92 16099.31,-10862.88
14523.79,-11772.5 14487.5,-11793.45
14569.16,-11750.94 14555.39,-11758.96
14523.99,-11772.4 14523.79,-11772.5
14534.54,-11768.19 14523.99,-11772.4
14327.63,-11074.07 14288.29,-11152.71
16099.11,-10863.02 16099.31,-10862.88
14288.29,-11152.71 14269.11,-11227.45
14269.11,-11227.48 14265.65,-11277.24
14265.65,-11276.94 14269.08,-11227.84
14269.11,-11227.48 14269.11,-11227.45
14265.65,-11277.24 14265.65,-11276.94
14313.42,-11143.1 14313.23,-11175.55
14569.16,-11721.08 14569.16,-11750.94
16344.9,-11440.37 16367.19,-11381.05
15520.53,-11187.02 15519.47,-11174.91
15594.4,-11930.38 15594.96,-11949.42
15587.95,-11882.56 15589.62,-11919.72
16367.19,-11381.05 16379.36,-11316.5
15103.7,-11181.38 15105.54,-11197.98
15594.96,-11949.42 15595.06,-11949.86
16380.99,-11282.19 16380.99,-11282.44
16332.85,-11455.8 16332.79,-11490.42
16379.36,-11316.5 16380.99,-11282.19
15595.06,-11949.86 15608.34,-11978.48
15589.62,-11919.72 15594.4,-11930.38
15045.88,-10689.81 15037.93,-10672.68
15364.19,-11302.49 15580.95,-11864.43
15580.95,-11864.43 15587.95,-11882.56
14480.73,-11646.48 14578.8,-11711
15265.89,-11057.03 15045.88,-10689.81
15104.27,-11172.19 14313.42,-11143.1
14242.96,-11169.53 14255.32,-11170.3
14255.32,-11170.3 14270.08,-11171.64
14193.36,-11161.86 14242.93,-11169.53
16395.15,-11502.47 16444.72,-11510.13
14313.23,-11175.55 14285.23,-11173.81
14280.51,-11172.95 14270.08,-11171.64
16332.79,-11490.42 16364.89,-11495.39
15230.43,-11296.03 15271.32,-11303.72
16395.12,-11502.46 16395.15,-11502.47
16384.56,-11499.67 16395.12,-11502.46
15505.6,-11230.8 15539.95,-11240.14
15539.95,-11240.14 16315.86,-11451.18
16315.86,-11451.18 16332.85,-11455.8
16380.99,-11281.33 16380.99,-11281.58
16380.99,-11281.58 16380.99,-11282.19
14265.65,-11278.98 14265.65,-11277.97
14265.65,-11277.97 14265.65,-11277.66
14265.65,-11277.66 14265.65,-11277.24
16380.99,-11282.44 16380.99,-11283.17
16380.99,-11283.17 16380.99,-11283.42
15634,-10702.04 15485.92,-10681.78
15485.92,-10681.78 15335.96,-10672.81
15335.96,-10672.81 15187.7,-10675.47
15187.7,-10675.47 15044.23,-10689.98
15044.23,-10689.98 14908.19,-10716.35
14908.19,-10716.35 14781.23,-10753.62
14781.23,-10753.62 14663.97,-10801.05
15932.43,-10978.34 15855.1,-10928.74
15855.1,-10928.74 15765.95,-10886.5
15765.95,-10886.5 15667.07,-10852.54
15667.07,-10852.54 15560.7,-10827.6
15560.7,-10827.6 15449.23,-10812.2
15449.23,-10812.2 15335.2,-10806.66
15335.2,-10806.66 15221.18,-10811.07
15221.18,-10811.07 15109.74,-10825.34
15109.74,-10825.34 15003.36,-10849.11
15003.36,-10849.11 14904.45,-10881.86
14904.45,-10881.86 14815.28,-10922.83
16124.29,-10879.73 16025.07,-10823.5
16025.07,-10823.5 15908.93,-10774.4
15908.93,-10774.4 15776.57,-10733.2
15776.57,-10733.2 15634,-10702.04
15516.29,-11106.89 15484.11,-11086.49
15484.11,-11086.49 15445.92,-11070.36
15445.92,-11070.36 15403.29,-11059.06
15403.29,-11059.06 15357.93,-11052.96
15357.93,-11052.96 15311.66,-11052.26
15311.66,-11052.26 15266.32,-11056.93
15266.32,-11056.93 15223.75,-11066.75
15223.75,-11066.75 15185.65,-11081.29
15160.52,-11266.91 15192.97,-11283.6
15192.97,-11283.6 15230.43,-11296.03
16364.87,-11495.39 16371.56,-11496.68
16371.56,-11496.68 16384.56,-11499.67
15271.32,-11303.72 15313.86,-11306.38
15313.86,-11306.38 15356.24,-11303.94
15356.24,-11303.94 15396.73,-11296.55
15396.73,-11296.55 15433.72,-11284.51
15433.72,-11284.51 15465.48,-11268.42
16077.12,-11159.43 16044.74,-11095.02
16044.74,-11095.02 15996.13,-11034.19
15996.13,-11034.19 15932.43,-10978.34
14951.58,-11848.14 15093.69,-11872.08
15093.69,-11872.08 15240.13,-11884.19
15240.13,-11884.19 15387.97,-11884.25
15387.97,-11884.25 15534.27,-11872.26
14726.94,-11503.7 14802.36,-11552.68
14578.8,-11711 14691.52,-11766.81
14691.52,-11766.81 14816.62,-11812.82
14816.62,-11812.82 14951.58,-11848.14
15534.27,-11872.26 15676.13,-11848.47
15676.13,-11848.47 15810.73,-11813.37
15810.73,-11813.37 15935.4,-11767.63
15935.4,-11767.63 16047.65,-11712.18
15519.47,-11174.91 15510.44,-11150.17
15105.54,-11197.98 15115.78,-11223.3
15115.78,-11223.3 15134.42,-11246.58
15134.42,-11246.58 15160.52,-11266.91
16380.99,-11282.44 16380.09,-11256.94
16380.09,-11256.94 16364.56,-11173.65
16364.56,-11173.65 16330.21,-11092.51
16330.21,-11092.51 16277.87,-11015.32
16277.87,-11015.32 16208.72,-10943.87
16208.72,-10943.87 16124.29,-10879.73
16093.9,-11252.26 16092.56,-11225.91
16092.56,-11225.91 16077.12,-11159.43
14588.32,-11324.93 14618.62,-11388.48
14618.62,-11388.48 14665.2,-11448.54
14665.2,-11448.54 14726.94,-11503.7
16047.5,-11405.59 16079.29,-11339.26
16079.29,-11339.26 16093.24,-11271.04
16093.24,-11271.04 16093.9,-11252.62
14574.42,-11241.99 14575.05,-11259.47
14575.05,-11259.47 14588.32,-11324.93
15508.74,-11226.95 15518.65,-11203.17
15518.65,-11203.17 15520.53,-11186.97
15112.04,-11146.41 15104.27,-11172.19
15104.27,-11172.19 15103.7,-11181.38
16003.09,-11462.58 16047.5,-11405.59
14625.15,-11084.76 14592.24,-11147.68
14592.24,-11147.68 14576.1,-11212.74
14576.1,-11212.74 14574.42,-11241.69
15465.48,-11268.42 15490.78,-11248.98
15490.78,-11248.98 15508.74,-11226.95
14555.39,-11758.96 14548.59,-11762.14
14548.59,-11762.14 14534.54,-11768.19
15185.65,-11081.29 15153.53,-11099.95
15153.53,-11099.95 15128.67,-11121.96
15128.67,-11121.96 15112.04,-11146.41
14815.28,-10922.83 14737.91,-10971.07
14737.91,-10971.07 14674.06,-11025.45
14674.06,-11025.45 14625.15,-11084.76
14556.95,-10858.53 14463.53,-10924.59
14463.53,-10924.59 14386.45,-10997.19
14386.45,-10997.19 14327.63,-11074.07
14270.52,-11333.66 14265.65,-11278.98
14480.01,-11646 14399.34,-11575.17
14399.34,-11575.17 14336.76,-11498.49
14336.76,-11498.49 14293.53,-11417.48
14293.53,-11417.48 14270.52,-11333.66
16323.94,-11435.65 16286.58,-11502.89
16286.58,-11502.89 16224.46,-11578.84
16224.46,-11578.84 16144.29,-11649.08
16144.29,-11649.08 16047.65,-11712.18
14578.8,-11711 14569.16,-11721.08
15104.94,-11656.39 15221.29,-11672.18
15221.29,-11672.18 15340.32,-11677.52
15340.32,-11677.52 15459.28,-11672.32
15459.28,-11672.32 15575.42,-11656.71
15575.42,-11656.71 15686.04,-11631.05
14798.45,-11550.98 14891.01,-11595.11
14891.01,-11595.11 14993.98,-11630.51
14993.98,-11630.51 15104.94,-11656.39
15686.04,-11631.05 15788.58,-11595.95
15788.58,-11595.95 15880.63,-11552.21
15880.63,-11552.21 15960.04,-11500.88
15960.04,-11500.88 16003.09,-11462.58
13118.6,-9913.71 13011.58,-9971.19
13970.92,-10219.56 14553.75,-9975.68
13626.9,-10385.62 13603.4,-10402.95
13603.4,-10402.95 13033.44,-10823.66
14590.24,-9954.59 14553.95,-9975.54
12978.43,-10885.16 12942.14,-10906.11
13023.8,-10863.6 13010.03,-10871.62
12989.18,-10880.85 12978.63,-10885.07
12782.27,-10186.73 12742.93,-10265.37
14553.75,-9975.68 14553.95,-9975.54
12742.93,-10265.37 12723.75,-10340.11
12723.75,-10340.14 12720.28,-10389.9
12720.28,-10389.6 12723.72,-10340.51
12720.28,-10389.9 12720.28,-10389.6
12768.06,-10255.76 12767.87,-10288.22
13023.8,-10833.75 13023.8,-10863.6
14799.54,-10553.03 14821.83,-10493.72
13975.17,-10299.69 13974.11,-10287.57
14049.04,-11043.04 14049.6,-11062.08
14042.59,-10995.23 14044.26,-11032.38
14821.83,-10493.72 14834,-10429.16
13558.34,-10294.04 13560.17,-10310.65
13371.99,-9741.05 13371.89,-9740.61
14049.6,-11062.08 14049.7,-11062.52
14835.63,-10394.85 14835.63,-10395.11
14787.49,-10568.47 14787.43,-10603.09
14834,-10429.16 14835.63,-10394.85
14049.7,-11062.52 14062.98,-11091.14
14044.26,-11032.38 14049.04,-11043.04
13500.52,-9802.47 13492.57,-9785.34
13818.83,-10415.15 14035.59,-10977.1
14035.59,-10977.1 14042.59,-10995.23
12935.37,-10759.15 13033.44,-10823.66
13720.53,-10169.69 13500.52,-9802.47
13558.91,-10284.86 12768.06,-10255.76
12697.6,-10282.19 12709.96,-10282.96
12709.96,-10282.96 12724.72,-10284.31
12648,-10274.52 12697.57,-10282.19
14849.78,-10615.13 14899.36,-10622.8
12767.87,-10288.22 12739.87,-10286.47
12735.15,-10285.61 12724.72,-10284.31
14787.43,-10603.09 14819.52,-10608.05
14819.51,-10608.05 14819.52,-10608.05
13685.07,-10408.69 13725.96,-10416.38
14849.76,-10615.12 14849.78,-10615.13
14839.2,-10612.33 14849.76,-10615.12
13960.24,-10343.46 13994.59,-10352.8
13994.59,-10352.8 14770.5,-10563.84
14770.5,-10563.84 14787.49,-10568.47
14835.63,-10393.99 14835.63,-10394.24
14835.63,-10394.24 14835.63,-10394.85
12720.29,-10391.64 12720.29,-10390.63
12720.29,-10390.63 12720.28,-10390.32
12720.28,-10390.32 12720.28,-10389.9
14835.63,-10395.11 14835.63,-10395.83
14835.63,-10395.83 14835.63,-10396.08
14088.64,-9814.7 13940.56,-9794.44
13940.56,-9794.44 13790.6,-9785.48
13790.6,-9785.48 13642.34,-9788.13
13642.34,-9788.13 13498.87,-9802.64
13498.87,-9802.64 13362.83,-9829.01
13362.83,-9829.01 13235.87,-9866.28
13235.87,-9866.28 13118.6,-9913.71
14387.07,-10091 14309.74,-10041.4
14309.74,-10041.4 14220.59,-9999.16
14220.59,-9999.16 14121.71,-9965.2
14121.71,-9965.2 14015.34,-9940.26
14015.34,-9940.26 13903.87,-9924.86
13903.87,-9924.86 13789.84,-9919.32
13789.84,-9919.32 13675.82,-9923.74
13675.82,-9923.74 13564.38,-9938
13564.38,-9938 13458,-9961.78
13458,-9961.78 13359.08,-9994.53
13359.08,-9994.53 13269.92,-10035.5
14578.93,-9992.39 14479.71,-9936.16
14479.71,-9936.16 14363.57,-9887.06
14363.57,-9887.06 14231.21,-9845.87
14231.21,-9845.87 14088.64,-9814.7
13970.92,-10219.56 13938.75,-10199.15
13938.75,-10199.15 13900.56,-10183.02
13900.56,-10183.02 13857.93,-10171.72
13857.93,-10171.72 13812.57,-10165.63
13812.57,-10165.63 13766.3,-10164.92
13766.3,-10164.92 13720.96,-10169.59
13720.96,-10169.59 13678.39,-10179.41
13678.39,-10179.41 13640.29,-10193.95
13615.16,-10379.58 13647.6,-10396.26
13647.6,-10396.26 13685.07,-10408.69
14819.51,-10608.05 14826.19,-10609.34
14826.19,-10609.34 14839.2,-10612.33
13725.96,-10416.38 13768.5,-10419.04
13768.5,-10419.04 13810.87,-10416.61
13810.87,-10416.61 13851.37,-10409.21
13851.37,-10409.21 13888.36,-10397.17
13888.36,-10397.17 13920.12,-10381.08
14531.76,-10272.1 14499.38,-10207.68
14499.38,-10207.68 14450.77,-10146.85
14450.77,-10146.85 14387.07,-10091
13406.22,-10960.8 13548.33,-10984.75
13548.33,-10984.75 13694.76,-10996.86
13694.76,-10996.86 13842.6,-10996.91
13842.6,-10996.91 13988.91,-10984.92
13181.58,-10616.36 13257,-10665.34
13033.44,-10823.66 13146.16,-10879.47
13146.16,-10879.47 13271.26,-10925.48
13271.26,-10925.48 13406.22,-10960.8
13988.91,-10984.92 14130.77,-10961.14
14130.77,-10961.14 14265.37,-10926.03
14265.37,-10926.03 14390.04,-10880.29
14390.04,-10880.29 14502.29,-10824.84
13974.11,-10287.57 13965.08,-10262.84
13560.17,-10310.65 13570.42,-10335.97
13570.42,-10335.97 13589.06,-10359.24
13589.06,-10359.24 13615.16,-10379.58
14835.63,-10395.11 14834.73,-10369.6
14834.73,-10369.6 14819.2,-10286.31
14819.2,-10286.31 14784.85,-10205.17
14784.85,-10205.17 14732.5,-10127.98
14732.5,-10127.98 14663.36,-10056.53
14663.36,-10056.53 14578.93,-9992.39
14548.54,-10364.92 14547.19,-10338.57
14547.19,-10338.57 14531.76,-10272.1
13042.96,-10437.59 13073.26,-10501.14
13073.26,-10501.14 13119.84,-10561.21
13119.84,-10561.21 13181.58,-10616.36
14502.13,-10518.26 14533.93,-10451.92
14533.93,-10451.92 14547.87,-10383.7
14547.87,-10383.7 14548.54,-10365.28
13029.06,-10354.65 13029.69,-10372.13
13029.69,-10372.13 13042.96,-10437.59
13963.38,-10339.61 13973.29,-10315.83
13973.29,-10315.83 13975.17,-10299.63
13566.67,-10259.07 13558.91,-10284.86
13558.91,-10284.86 13558.34,-10294.04
14457.73,-10575.25 14502.13,-10518.26
13079.79,-10197.42 13046.88,-10260.34
13046.88,-10260.34 13030.74,-10325.4
13030.74,-10325.4 13029.06,-10354.36
13920.12,-10381.08 13945.42,-10361.65
13945.42,-10361.65 13963.38,-10339.61
13010.03,-10871.62 13003.23,-10874.8
13003.23,-10874.8 12989.18,-10880.85
13640.29,-10193.95 13608.17,-10212.61
13608.17,-10212.61 13583.31,-10234.62
13583.31,-10234.62 13566.67,-10259.07
13269.92,-10035.5 13192.55,-10083.73
13192.55,-10083.73 13128.7,-10138.11
13128.7,-10138.11 13079.79,-10197.42
13011.58,-9971.19 12918.17,-10037.26
12918.17,-10037.26 12841.09,-10109.86
12841.09,-10109.86 12782.27,-10186.73
12725.16,-10446.32 12720.29,-10391.64
12934.65,-10758.66 12853.98,-10687.83
12853.98,-10687.83 12791.4,-10611.15
12791.4,-10611.15 12748.17,-10530.14
12748.17,-10530.14 12725.16,-10446.32
14778.58,-10548.31 14741.22,-10615.55
14741.22,-10615.55 14679.09,-10691.5
14679.09,-10691.5 14598.93,-10761.74
14598.93,-10761.74 14502.29,-10824.84
13033.44,-10823.66 13023.8,-10833.75
13559.58,-10769.06 13675.93,-10784.84
13675.93,-10784.84 13794.96,-10790.18
13794.96,-10790.18 13913.92,-10784.98
13913.92,-10784.98 14030.06,-10769.37
14030.06,-10769.37 14140.68,-10743.71
13253.09,-10663.64 13345.65,-10707.77
13345.65,-10707.77 13448.62,-10743.18
13448.62,-10743.18 13559.58,-10769.06
14140.68,-10743.71 14243.22,-10708.61
14243.22,-10708.61 14335.27,-10664.88
14335.27,-10664.88 14414.68,-10613.54
14414.68,-10613.54 14457.73,-10575.25
14369.21,-16237.73 14826.03,-16501.47
14359.76,-16114.22 14359.76,-16221.37
14835.48,-16496.01 14835.48,-16362.24
14359.76,-16221.37 14369.21,-16237.73
14826.03,-16501.47 14835.48,-16496.01
12719.76,-15161.26 12719.76,-15268.37
13195.48,-15543.01 13195.48,-15435.9
12729.21,-15284.73 13186.03,-15548.47
12719.76,-15268.37 12729.21,-15284.73
13186.03,-15548.47 13195.48,-15543.01
14597.62,-16369.6 14597.62,-18104.46
18013.39,-11018.82 18893.19,-10510.87
18893.19,-10510.87 19500.27,-10160.37
18009.77,-11283.99 18009.76,-11027.98
18016.82,-15792.63 18016.82,-11288.49
18230.93,-11963.28 18230.93,-13854.56
18230.93,-15613.7 18230.93,-13858.75
18230.93,-13854.56 18230.93,-13858.75
18230.93,-11963.28 18230.93,-11941.08
18230.93,-11941.08 18231.53,-11412.46
20812.13,-17406.47 21144.03,-17406.47
18573.26,-13943.82 18573.26,-13851.63
18573.26,-13846.45 18573.26,-13851.63
18573.26,-13846.45 18577.5,-13844.29
18019.22,-15795.98 18059.88,-15819.46
20765.66,-17381.61 20806.32,-17405.08
20762.46,-17349.58 20738.57,-17335.79
18098.59,-15811.63 18139.23,-15835.1
18149.57,-15834.92 20728.82,-17324.02
18809.15,-14072.87 18809.15,-13980.83
18804.1,-14077.09 18809.15,-14072.87
21151.56,-12897.98 22639.94,-12038.61
18230.93,-15613.7 20590.93,-16976.21
20636.95,-16976.25 20762.46,-17048.71
22491.81,-12930.67 22492.07,-12930.56
20476.07,-16450.36 18347.06,-15221.2
20005.51,-14673.34 20005.51,-14770.7
22471.7,-12937.13 21284.04,-13621.97
21193.7,-13680.09 21256.29,-13644.04
22492.07,-12930.56 22552.56,-12895.64
20241.39,-14899.91 20241.39,-14807.72
20005.51,-14673.34 20009.74,-14671.18
18075.36,-15819.46 18088.91,-15811.63
20236.35,-14903.98 20240.68,-14901.47
22491.81,-13866.53 22492.07,-13866.42
20476.07,-15464.21 18347.06,-14235.05
22574.34,-16573.7 22560.8,-16565.88
20762.46,-17377.14 20762.46,-12873.65
21276.39,-14563.47 21284.03,-14557.82
22471.7,-13872.13 21284.04,-14557.83
21193.7,-14616.03 21256.29,-14579.9
22492.07,-13866.42 22552.56,-13831.5
20762.46,-15314.14 18235.03,-13854.96
18800.68,-14075.11 18804.1,-14077.09
20232.93,-14902 20236.35,-14903.98
18573.26,-13943.82 18800.68,-14075.11
20005.51,-14770.7 20232.93,-14902
18577.5,-13844.29 18806.73,-13976.64
20009.74,-14671.18 20238.97,-14803.53
20476.07,-14901.3 18347.06,-13672.14
21193.7,-12873.65 21193.7,-17377.13
21285.33,-17282.71 21285.33,-16900.92
21361.63,-16856.99 21361.63,-13577.23
21276.39,-15382 21284.03,-15376.35
21256.5,-15398.28 21256.29,-15398.43
22471.7,-14691.13 21284.04,-15376.36
21193.7,-15434.56 21256.29,-15398.43
22492.7,-14685.13 22551.64,-14650.57
21893.88,-16550.47 21893.88,-13270.32
22491.81,-15503.59 22492.07,-15503.48
18347.06,-12618.95 20476.07,-13848.11
21256.5,-16216.8 21256.29,-16216.96
22471.7,-15509.13 21283.7,-16195.13
21193.7,-16253.09 21256.29,-16216.96
22492.07,-15503.48 22551.42,-15469.22
20762.46,-13417.31 18235.64,-11958.45
22426.13,-16243.96 22426.13,-12963.42
22495.47,-16208.3 22495.47,-16580.69
22632.89,-12042.74 22632.89,-16546.88
22639.94,-11973.61 22639.94,-12038.61
22639.94,-11782.23 22639.94,-11973.61
21276.39,-16907.32 21284.06,-16901.66
21256.5,-16923.59 21256.29,-16923.74
22472.7,-16217.13 21284.04,-16901.67
21193.7,-16959.91 21256.29,-16923.74
22492.07,-16210.26 22551.22,-16176.11
22491.81,-16210.37 22492.07,-16210.26
18009.77,-11283.99 20804.6,-12897.98
22551.12,-16565.88 22510.47,-16589.35
21193.7,-17349.58 21273.24,-17303.66
21149.84,-17405.08 21190.5,-17381.6
22589.83,-16573.7 22630.49,-16550.23
20804.6,-12897.98 21151.56,-12897.98
19842.98,-10160.37 22636.31,-11773.06
19500.58,-10159.87 19842.98,-10160.37
22472.7,-16217.13 22491.81,-16210.37
21256.5,-16923.59 21266.14,-16915.47
21266.14,-16915.47 21276.39,-16907.32
22471.7,-15509.13 22491.81,-15503.59
21256.5,-16216.8 21283.7,-16195.13
21256.5,-15398.28 21266.14,-15390.16
21266.14,-15390.16 21276.39,-15382
22471.7,-14691.13 22492.7,-14685.13
21256.5,-14579.75 21266.14,-14571.63
21266.14,-14571.63 21276.39,-14563.47
22471.7,-13872.13 22475.45,-13871.04
22475.45,-13871.04 22483.7,-13868.65
22483.7,-13868.65 22491.81,-13866.53
21256.5,-13643.89 21266.14,-13635.77
21266.14,-13635.77 21276.39,-13627.61
22471.7,-12937.13 22475.45,-12935.18
22475.45,-12935.18 22483.7,-12932.79
22483.7,-12932.79 22491.81,-12930.67
21276.39,-13627.61 21284.04,-13621.97
22574.34,-16573.7 22583.68,-16575.82
22583.68,-16575.82 22589.83,-16573.7
22630.49,-16550.23 22632.89,-16546.88
22560.8,-16565.88 22551.12,-16565.88
22510.47,-16589.35 22498.38,-16582.36
22498.38,-16582.36 22495.47,-16580.69
22636.31,-11773.06 22639.94,-11782.23
18013.39,-11018.82 18009.76,-11027.98
20238.97,-14803.53 20241.39,-14807.72
18806.73,-13976.64 18809.15,-13980.83
18016.82,-15792.63 18019.22,-15795.98
18059.88,-15819.46 18075.36,-15819.46
18088.91,-15811.63 18098.59,-15811.63
18139.23,-15835.1 18149.57,-15834.92
20762.46,-17377.14 20765.66,-17381.61
20806.32,-17405.08 20812.13,-17406.47
21144.03,-17406.47 21149.84,-17405.08
21190.5,-17381.6 21193.7,-17377.13
21273.24,-17303.66 21285.33,-17282.71
20738.57,-17335.79 20728.82,-17324.02
20590.93,-16976.21 20636.95,-16976.25
20240.68,-14901.47 20241.39,-14899.91
20451.97,-11416.05 20344.95,-11473.52
21304.29,-11721.89 21887.11,-11478.02
20960.26,-11887.95 20936.76,-11905.29
20936.76,-11905.29 20366.8,-12326
21923.6,-11456.92 21887.31,-11477.88
20311.79,-12387.5 20275.5,-12408.45
20357.16,-12365.94 20343.39,-12373.96
20311.99,-12387.4 20311.79,-12387.5
20322.54,-12383.19 20311.99,-12387.4
20115.63,-11689.07 20076.29,-11767.71
21887.11,-11478.02 21887.31,-11477.88
20076.29,-11767.71 20057.11,-11842.45
20057.11,-11842.48 20053.65,-11892.24
20053.65,-11891.94 20057.08,-11842.84
20057.11,-11842.48 20057.11,-11842.45
20053.65,-11892.24 20053.65,-11891.94
20101.42,-11758.1 20101.23,-11790.55
20357.16,-12336.08 20357.16,-12365.94
22132.9,-12055.37 22155.19,-11996.05
21308.53,-11802.02 21307.47,-11789.91
21382.4,-12545.38 21382.96,-12564.42
21375.95,-12497.56 21377.62,-12534.72
22155.19,-11996.05 22167.36,-11931.5
20891.7,-11796.38 20893.54,-11812.98
21382.96,-12564.42 21383.06,-12564.86
22168.99,-11897.19 22168.99,-11897.44
22120.85,-12070.8 22120.79,-12105.42
22167.36,-11931.5 22168.99,-11897.19
21383.06,-12564.86 21396.34,-12593.48
21377.62,-12534.72 21382.4,-12545.38
20833.88,-11304.81 20825.93,-11287.68
21152.19,-11917.49 21368.95,-12479.43
21368.95,-12479.43 21375.95,-12497.56
20268.73,-12261.48 20366.8,-12326
21053.89,-11672.03 20833.88,-11304.81
20892.27,-11787.19 20101.42,-11758.1
20030.96,-11784.53 20043.32,-11785.3
20043.32,-11785.3 20058.08,-11786.64
19981.36,-11776.86 20030.93,-11784.53
22183.14,-12117.47 22232.72,-12125.13
20101.23,-11790.55 20073.23,-11788.81
20068.51,-11787.95 20058.08,-11786.64
22120.79,-12105.42 22152.89,-12110.39
21018.43,-11911.03 21059.32,-11918.72
22183.12,-12117.46 22183.14,-12117.47
22172.56,-12114.67 22183.12,-12117.46
21293.6,-11845.8 21327.95,-11855.14
21327.95,-11855.14 22103.86,-12066.18
22103.86,-12066.18 22120.85,-12070.8
22168.99,-11896.33 22168.99,-11896.58
22168.99,-11896.58 22168.99,-11897.19
20053.65,-11893.98 20053.65,-11892.97
20053.65,-11892.97 20053.65,-11892.66
20053.65,-11892.66 20053.65,-11892.24
22168.99,-11897.44 22168.99,-11898.17
22168.99,-11898.17 22168.99,-11898.42
21422,-11317.04 21273.92,-11296.78
21273.92,-11296.78 21123.96,-11287.81
21123.96,-11287.81 20975.7,-11290.47
20975.7,-11290.47 20832.23,-11304.98
20832.23,-11304.98 20696.19,-11331.35
20696.19,-11331.35 20569.23,-11368.61
20569.23,-11368.61 20451.97,-11416.05
21720.43,-11593.34 21643.1,-11543.74
21643.1,-11543.74 21553.95,-11501.5
21553.95,-11501.5 21455.07,-11467.54
21455.07,-11467.54 21348.7,-11442.6
21348.7,-11442.6 21237.23,-11427.2
21237.23,-11427.2 21123.2,-11421.66
21123.2,-11421.66 21009.18,-11426.07
21009.18,-11426.07 20897.74,-11440.34
20897.74,-11440.34 20791.36,-11464.11
20791.36,-11464.11 20692.44,-11496.86
20692.44,-11496.86 20603.28,-11537.83
21912.29,-11494.73 21813.07,-11438.5
21813.07,-11438.5 21696.93,-11389.4
21696.93,-11389.4 21564.57,-11348.2
21564.57,-11348.2 21422,-11317.04
21304.29,-11721.89 21272.11,-11701.49
21272.11,-11701.49 21233.92,-11685.36
21233.92,-11685.36 21191.29,-11674.06
21191.29,-11674.06 21145.93,-11667.96
21145.93,-11667.96 21099.66,-11667.26
21099.66,-11667.26 21054.32,-11671.93
21054.32,-11671.93 21011.75,-11681.75
21011.75,-11681.75 20973.65,-11696.29
20948.52,-11881.91 20980.97,-11898.6
20980.97,-11898.6 21018.43,-11911.03
22152.87,-12110.39 22159.56,-12111.68
22159.56,-12111.68 22172.56,-12114.67
21059.32,-11918.72 21101.86,-11921.38
21101.86,-11921.38 21144.24,-11918.94
21144.24,-11918.94 21184.73,-11911.55
21184.73,-11911.55 21221.72,-11899.51
21221.72,-11899.51 21253.48,-11883.42
21865.12,-11774.43 21832.74,-11710.02
21832.74,-11710.02 21784.13,-11649.19
21784.13,-11649.19 21720.43,-11593.34
20739.58,-12463.14 20881.69,-12487.08
20881.69,-12487.08 21028.13,-12499.19
21028.13,-12499.19 21175.97,-12499.25
21175.97,-12499.25 21322.27,-12487.26
20514.94,-12118.7 20590.36,-12167.68
20366.8,-12326 20479.52,-12381.81
20479.52,-12381.81 20604.62,-12427.82
20604.62,-12427.82 20739.58,-12463.14
21322.27,-12487.26 21464.13,-12463.47
21464.13,-12463.47 21598.73,-12428.37
21598.73,-12428.37 21723.4,-12382.63
21723.4,-12382.63 21835.65,-12327.18
21307.47,-11789.91 21298.44,-11765.17
20893.54,-11812.98 20903.78,-11838.3
20903.78,-11838.3 20922.42,-11861.58
20922.42,-11861.58 20948.52,-11881.91
22168.99,-11897.44 22168.09,-11871.94
22168.09,-11871.94 22152.56,-11788.65
22152.56,-11788.65 22118.21,-11707.51
22118.21,-11707.51 22065.87,-11630.32
22065.87,-11630.32 21996.72,-11558.87
21996.72,-11558.87 21912.29,-11494.73
21881.9,-11867.26 21880.56,-11840.91
21880.56,-11840.91 21865.12,-11774.43
20376.32,-11939.93 20406.62,-12003.48
20406.62,-12003.48 20453.2,-12063.54
20453.2,-12063.54 20514.94,-12118.7
21835.5,-12020.59 21867.29,-11954.26
21867.29,-11954.26 21881.24,-11886.04
21881.24,-11886.04 21881.9,-11867.62
20362.42,-11856.99 20363.05,-11874.47
20363.05,-11874.47 20376.32,-11939.93
21296.74,-11841.95 21306.65,-11818.17
21306.65,-11818.17 21308.53,-11801.97
20900.04,-11761.41 20892.27,-11787.19
20892.27,-11787.19 20891.7,-11796.38
21791.09,-12077.58 21835.5,-12020.59
20413.15,-11699.76 20380.24,-11762.68
20380.24,-11762.68 20364.1,-11827.74
20364.1,-11827.74 20362.42,-11856.69
21253.48,-11883.42 21278.78,-11863.98
21278.78,-11863.98 21296.74,-11841.95
20343.39,-12373.96 20336.59,-12377.14
20336.59,-12377.14 20322.54,-12383.19
20973.65,-11696.29 20941.53,-11714.95
20941.53,-11714.95 20916.67,-11736.96
20916.67,-11736.96 20900.04,-11761.41
20603.28,-11537.83 20525.91,-11586.07
20525.91,-11586.07 20462.06,-11640.45
20462.06,-11640.45 20413.15,-11699.76
20344.95,-11473.52 20251.53,-11539.59
20251.53,-11539.59 20174.45,-11612.19
20174.45,-11612.19 20115.63,-11689.07
20058.52,-11948.66 20053.65,-11893.98
20268.01,-12261 20187.34,-12190.17
20187.34,-12190.17 20124.76,-12113.49
20124.76,-12113.49 20081.53,-12032.48
20081.53,-12032.48 20058.52,-11948.66
22111.94,-12050.65 22074.58,-12117.89
22074.58,-12117.89 22012.46,-12193.84
22012.46,-12193.84 21932.29,-12264.08
21932.29,-12264.08 21835.65,-12327.18
20366.8,-12326 20357.16,-12336.08
20892.94,-12271.39 21009.29,-12287.18
21009.29,-12287.18 21128.32,-12292.52
21128.32,-12292.52 21247.28,-12287.32
21247.28,-12287.32 21363.42,-12271.71
21363.42,-12271.71 21474.04,-12246.05
20586.45,-12165.98 20679.01,-12210.11
20679.01,-12210.11 20781.98,-12245.51
20781.98,-12245.51 20892.94,-12271.39
21474.04,-12246.05 21576.58,-12210.95
21576.58,-12210.95 21668.63,-12167.21
21668.63,-12167.21 21748.04,-12115.88
21748.04,-12115.88 21791.09,-12077.58
18906.6,-10528.71 18799.58,-10586.19
19758.92,-10834.56 20341.75,-10590.68
19414.9,-11000.62 19391.4,-11017.95
19391.4,-11017.95 18821.44,-11438.66
20378.24,-10569.59 20341.95,-10590.54
18766.43,-11500.16 18730.14,-11521.11
18811.8,-11478.6 18798.03,-11486.62
18777.18,-11495.85 18766.63,-11500.07
18570.27,-10801.73 18530.93,-10880.37
20341.75,-10590.68 20341.95,-10590.54
18530.93,-10880.37 18511.75,-10955.11
18511.75,-10955.14 18508.28,-11004.9
18508.28,-11004.6 18511.72,-10955.51
18508.28,-11004.9 18508.28,-11004.6
18556.06,-10870.76 18555.87,-10903.22
18811.8,-11448.75 18811.8,-11478.6
20587.54,-11168.03 20609.83,-11108.72
19763.17,-10914.69 19762.11,-10902.57
19837.04,-11658.04 19837.6,-11677.08
19830.59,-11610.23 19832.26,-11647.38
20609.83,-11108.72 20622,-11044.16
19346.34,-10909.04 19348.17,-10925.65
19159.99,-10356.05 19159.89,-10355.61
19837.6,-11677.08 19837.7,-11677.52
20623.63,-11009.85 20623.63,-11010.11
20575.49,-11183.47 20575.43,-11218.09
20622,-11044.16 20623.63,-11009.85
19837.7,-11677.52 19850.98,-11706.14
19832.26,-11647.38 19837.04,-11658.04
19288.52,-10417.47 19280.57,-10400.34
19606.83,-11030.15 19823.59,-11592.1
19823.59,-11592.1 19830.59,-11610.23
18723.37,-11374.15 18821.44,-11438.66
19508.53,-10784.69 19288.52,-10417.47
19346.91,-10899.86 18556.06,-10870.76
18485.6,-10897.19 18497.96,-10897.96
18497.96,-10897.96 18512.72,-10899.31
18436,-10889.52 18485.57,-10897.19
20637.78,-11230.13 20687.36,-11237.8
18555.87,-10903.22 18527.87,-10901.47
18523.15,-10900.61 18512.72,-10899.31
20575.43,-11218.09 20607.52,-11223.05
20607.51,-11223.05 20607.52,-11223.05
19473.07,-11023.69 19513.96,-11031.38
20637.76,-11230.12 20637.78,-11230.13
20627.2,-11227.33 20637.76,-11230.12
19748.24,-10958.46 19782.59,-10967.8
19782.59,-10967.8 20558.5,-11178.84
20558.5,-11178.84 20575.49,-11183.47
20623.63,-11008.99 20623.63,-11009.24
20623.63,-11009.24 20623.63,-11009.85
18508.29,-11006.64 18508.29,-11005.63
18508.29,-11005.63 18508.28,-11005.32
18508.28,-11005.32 18508.28,-11004.9
20623.63,-11010.11 20623.63,-11010.83
20623.63,-11010.83 20623.63,-11011.08
19876.64,-10429.7 19728.56,-10409.44
19728.56,-10409.44 19578.6,-10400.48
19578.6,-10400.48 19430.34,-10403.13
19430.34,-10403.13 19286.87,-10417.64
19286.87,-10417.64 19150.83,-10444.01
19150.83,-10444.01 19023.87,-10481.28
19023.87,-10481.28 18906.6,-10528.71
20175.07,-10706 20097.74,-10656.4
20097.74,-10656.4 20008.59,-10614.16
20008.59,-10614.16 19909.71,-10580.2
19909.71,-10580.2 19803.34,-10555.26
19803.34,-10555.26 19691.87,-10539.86
19691.87,-10539.86 19577.84,-10534.32
19577.84,-10534.32 19463.82,-10538.74
19463.82,-10538.74 19352.38,-10553
19352.38,-10553 19246,-10576.77
19246,-10576.77 19147.08,-10609.53
19147.08,-10609.53 19057.92,-10650.5
20366.93,-10607.39 20267.71,-10551.16
20267.71,-10551.16 20151.57,-10502.06
20151.57,-10502.06 20019.21,-10460.87
20019.21,-10460.87 19876.64,-10429.7
19758.92,-10834.56 19726.74,-10814.15
19726.74,-10814.15 19688.56,-10798.02
19688.56,-10798.02 19645.93,-10786.72
19645.93,-10786.72 19600.57,-10780.63
19600.57,-10780.63 19554.3,-10779.92
19554.3,-10779.92 19508.96,-10784.59
19508.96,-10784.59 19466.39,-10794.41
19466.39,-10794.41 19428.29,-10808.95
19403.16,-10994.58 19435.6,-11011.26
19435.6,-11011.26 19473.07,-11023.69
20607.51,-11223.05 20614.19,-11224.34
20614.19,-11224.34 20627.2,-11227.33
19513.96,-11031.38 19556.5,-11034.04
19556.5,-11034.04 19598.87,-11031.61
19598.87,-11031.61 19639.37,-11024.21
19639.37,-11024.21 19676.36,-11012.17
19676.36,-11012.17 19708.12,-10996.08
20319.76,-10887.1 20287.38,-10822.68
20287.38,-10822.68 20238.77,-10761.85
20238.77,-10761.85 20175.07,-10706
19194.22,-11575.8 19336.33,-11599.75
19336.33,-11599.75 19482.76,-11611.86
19482.76,-11611.86 19630.6,-11611.91
19630.6,-11611.91 19776.91,-11599.92
18969.58,-11231.36 19045,-11280.34
18821.44,-11438.66 18934.16,-11494.47
18934.16,-11494.47 19059.26,-11540.48
19059.26,-11540.48 19194.22,-11575.8
19776.91,-11599.92 19918.77,-11576.14
19918.77,-11576.14 20053.37,-11541.03
20053.37,-11541.03 20178.04,-11495.29
20178.04,-11495.29 20290.29,-11439.84
19762.11,-10902.57 19753.08,-10877.84
19348.17,-10925.65 19358.42,-10950.97
19358.42,-10950.97 19377.06,-10974.24
19377.06,-10974.24 19403.16,-10994.58
20623.63,-11010.11 20622.73,-10984.6
20622.73,-10984.6 20607.2,-10901.31
20607.2,-10901.31 20572.85,-10820.17
20572.85,-10820.17 20520.5,-10742.98
20520.5,-10742.98 20451.36,-10671.53
20451.36,-10671.53 20366.93,-10607.39
20336.54,-10979.92 20335.19,-10953.57
20335.19,-10953.57 20319.76,-10887.1
18830.96,-11052.59 18861.26,-11116.14
18861.26,-11116.14 18907.84,-11176.21
18907.84,-11176.21 18969.58,-11231.36
20290.13,-11133.26 20321.92,-11066.92
20321.92,-11066.92 20335.87,-10998.7
20335.87,-10998.7 20336.54,-10980.28
18817.06,-10969.65 18817.69,-10987.13
18817.69,-10987.13 18830.96,-11052.59
19751.38,-10954.61 19761.29,-10930.83
19761.29,-10930.83 19763.17,-10914.63
19354.67,-10874.07 19346.91,-10899.86
19346.91,-10899.86 19346.34,-10909.04
20245.73,-11190.25 20290.13,-11133.26
18867.79,-10812.42 18834.88,-10875.34
18834.88,-10875.34 18818.74,-10940.4
18818.74,-10940.4 18817.06,-10969.36
19708.12,-10996.08 19733.42,-10976.65
19733.42,-10976.65 19751.38,-10954.61
18798.03,-11486.62 18791.23,-11489.8
18791.23,-11489.8 18777.18,-11495.85
19428.29,-10808.95 19396.17,-10827.61
19396.17,-10827.61 19371.31,-10849.62
19371.31,-10849.62 19354.67,-10874.07
19057.92,-10650.5 18980.55,-10698.73
18980.55,-10698.73 18916.7,-10753.11
18916.7,-10753.11 18867.79,-10812.42
18799.58,-10586.19 18706.17,-10652.26
18706.17,-10652.26 18629.09,-10724.86
18629.09,-10724.86 18570.27,-10801.73
18513.16,-11061.32 18508.29,-11006.64
18722.65,-11373.66 18641.98,-11302.83
18641.98,-11302.83 18579.4,-11226.15
18579.4,-11226.15 18536.17,-11145.14
18536.17,-11145.14 18513.16,-11061.32
20566.58,-11163.31 20529.22,-11230.55
20529.22,-11230.55 20467.09,-11306.5
20467.09,-11306.5 20386.93,-11376.74
20386.93,-11376.74 20290.29,-11439.84
18821.44,-11438.66 18811.8,-11448.75
19347.58,-11384.06 19463.92,-11399.84
19463.92,-11399.84 19582.96,-11405.18
19582.96,-11405.18 19701.92,-11399.98
19701.92,-11399.98 19818.06,-11384.37
19818.06,-11384.37 19928.68,-11358.71
19041.09,-11278.64 19133.65,-11322.77
19133.65,-11322.77 19236.62,-11358.18
19236.62,-11358.18 19347.58,-11384.06
19928.68,-11358.71 20031.22,-11323.61
20031.22,-11323.61 20123.27,-11279.88
20123.27,-11279.88 20202.68,-11228.54
20202.68,-11228.54 20245.73,-11190.25
20157.21,-16852.73 20614.03,-17116.47
20147.76,-16729.22 20147.76,-16836.37
20623.48,-17111.01 20623.48,-16977.24
20147.76,-16836.37 20157.21,-16852.73
20614.03,-17116.47 20623.48,-17111.01
18507.76,-15776.26 18507.76,-15883.37
18983.48,-16158.01 18983.48,-16050.9
18517.21,-15899.73 18974.03,-16163.47
18507.76,-15883.37 18517.21,-15899.73
18974.03,-16163.47 18983.48,-16158.01
20385.62,-16984.6 20385.62,-18450.47
