2875,-2576 5638.66,-980.41
5803.88,-1128.44 3153.17,-2689.29
3768.04,-3176.77 6563.01,-1563.1
7926.72,-2343.43 5125.69,-3960.59
9017.62,-2968.56 6320.68,-4525.99
6150.25,-4693 9189.56,-2938.15
9289.66,-2995.94 6250.65,-4751.05
9305.84,-14938.68 9908.45,-14938.68
2874.77,-2935.44 2874.77,-3046.41
2875,-2576 2874.77,-2935.44
2893.46,-11240.02 2893.46,-3057.2
3025.71,-10763.38 3025.71,-3133.55
3047.47,-11328.85 3047.47,-10775.94
3153.04,-2923.81 3153.17,-2689.29
3201.78,-3235.2 3200.54,-10897.09
3273.18,-10203.89 3273.18,-9734.35
3273.18,-9046.98 3273.03,-8577.91
3273.18,-7891.54 3273.18,-7421.89
3273.2,-6735.67 3273.03,-6265.96
3273.24,-5578.88 3273.96,-5109.94
2893.46,-11240.02 9305.84,-14938.68
4309.99,-10802.96 4310.02,-10332.76
4309.99,-8490.13 4310.02,-8020.33
4310.02,-7333.8 4310.02,-6864.59
4310.02,-6177.8 4310.02,-5707.98
4403.33,-11546.49 4403.33,-5612.34
4579.4,-11660.39 4579.4,-5731.06
8996.35,-14246.94 7835.64,-13577.17
7619.78,-13449.41 4560.7,-11686.36
9216.74,-14337.7 9027.87,-14228.66
7835.64,-13540.33 7651.51,-13431.06
4579.4,-11660.39 4403.33,-11546.49
3200.54,-10864.32 3025.71,-10763.38
8945.1,-13478.5 7908.28,-12878.79
4309.99,-10802.96 3273.18,-10203.89
8945.1,-13008.96 7908.04,-12409.9
4310.02,-10332.76 3273.18,-9734.35
9916.61,-6751.03 12557.38,-5226.44
8945.1,-12321.85 7908.25,-11722.74
4310.01,-9645.78 3273.18,-9046.98
8945.1,-11852.67 7908.04,-11253.9
4309.16,-9176.21 3273.03,-8577.91
8997.25,-8264.59 9032.58,-8244.18
4403.33,-11546.49 4367.78,-11567.01
12449.64,-13471.43 12384.67,-13433.97
7614.22,-10458.39 4582.84,-8708.26
8945.1,-11166.16 7908.28,-10567.56
4309.99,-8490.13 3273.18,-7891.54
7624.02,-7482.41 7624.02,-13446.96
7835.64,-13577.17 7835.64,-7611
7908.28,-12878.79 7908.04,-12409.9
7908.25,-11722.74 7908.04,-11253.9
7908.28,-10567.56 7908.28,-10097.86
7908.28,-9411.39 7908.28,-8941.31
7908.28,-8254.86 7908.28,-7783.73
12231.62,-7099.44 9991.4,-8393.42
12175.71,-7217.61 10221.07,-8346.12
8945.03,-10696.07 7908.28,-10097.86
4310.02,-8020.33 3273.18,-7421.89
8945.92,-10010.46 7908.28,-9411.39
4310.02,-7333.8 3273.2,-6735.67
8945.92,-9540.75 7908.28,-8941.31
4310.02,-6864.59 3273.03,-6265.96
8945.1,-13478.5 8945.1,-13008.96
8945.1,-12321.85 8945.1,-11852.67
8945.1,-11166.16 8945.03,-10696.07
8945.1,-8853.83 8945.1,-8384.73
9030.46,-6600.21 9031.02,-14230.47
9216.74,-14887.29 9216.74,-6707.86
8945.1,-8853.83 7908.28,-8254.86
4310.02,-6177.8 3273.24,-5578.88
8945.1,-8384.73 7908.28,-7783.73
4310.02,-5707.98 3273.96,-5109.94
8997.25,-8264.59 3201.78,-4918.55
3201.51,-4881.75 3029.59,-4782.49
9216.74,-8350.51 9032.58,-8244.18
9991.4,-6707.86 9991.4,-14890.68
10241.11,-13917.74 10242.04,-8361.72
12175.71,-9995.35 10241.58,-11112.02
7619.78,-13449.41 7651.51,-13431.06
9291.7,-6751.03 9916.61,-6751.03
11174.04,-13379.12 11175.42,-7822.84
2874.77,-3046.41 9291.7,-6751.03
6250.65,-4751.05 6150.25,-4693
3153.04,-2923.81 5929.55,-4526.01
9027.87,-14228.66 8996.35,-14246.94
3333.42,-2615.66 6473.08,-4437.98
12108.79,-12839.44 12108.79,-7283.96
12225.02,-7103.25 12225.02,-12990.31
12231.62,-5414.48 12231.62,-7099.44
12384.67,-13433.97 12384.99,-12898.93
12538.69,-5237.19 12539.02,-13419.87
12557.38,-5115.43 12557.38,-5226.44
12557.38,-5115.43 12557.38,-4752.5
12187.71,-12793.88 10241.11,-13917.74
9991.4,-14266.27 12384.99,-12898.93
12384.68,-13420.54 9991.4,-14802.29
9908.45,-14938.68 9991.4,-14890.68
12449.64,-13471.43 12539.02,-13419.87
6320.68,-4525.99 5929.55,-4526.01
4436.5,-1978.8 7584.55,-3796.13
5539.58,-1341.94 8687.37,-3159.27
9289.66,-3086.09 9393.51,-3144.57
9289.66,-2995.94 9189.56,-2938.15
12557.38,-4752.5 6033.62,-984.33
3200.54,-10897.09 4367.78,-11567.01
4309.16,-9176.21 4310.01,-9645.78
8945.92,-10010.46 8945.92,-9540.75
12151.22,-11862.32 10242.04,-12964.58
12151.22,-8158.66 10242.04,-9260.92
5803.88,-1128.44 9017.62,-2968.56
9393.51,-3144.57 6367.34,-4926.28
7295.89,-5229.07 10091.86,-3614.82
11454.57,-4395.72 8653.54,-6012.89
12545.47,-5020.86 9848.61,-6578.03
6480.51,-4859.64 9456.78,-6578.03
6861.27,-4667.96 10008.99,-6485.64
9848.61,-6578.03 9456.78,-6578.03
7964.35,-4031.1 11112.55,-5848.51
9067.44,-3394.24 12215.49,-5211.73
9384.88,-3209.33 12545.47,-5020.86
6250.65,-4751.05 6250.65,-4840.65
6250.65,-4840.65 6367.34,-4926.28
6150.25,-4794.49 6041.02,-4732.03
5638.66,-980.41 6033.62,-984.33
4579.4,-11660.39 4560.7,-11686.36
9289.66,-3086.09 9289.66,-2995.94
6150.25,-4693 6150.25,-4794.49
5792.77,-11671.46 6501.3,-12084.63
5792.77,-12396.44 5792.77,-11671.46
6501.3,-12084.63 6501.3,-12805.5
4100.78,-11420.53 4100.78,-11588.12
4100.78,-11588.12 4851.73,-12020.32
4851.73,-12020.32 4851.73,-11854.08
5947.78,-12485.78 5947.78,-12651.86
5947.78,-12651.86 6698.73,-13087.16
6698.73,-13087.16 6698.73,-12918.57
7753.78,-13529.71 7753.78,-13695.49
7753.78,-13695.49 8504.73,-14132.1
8504.73,-14132.1 8504.73,-13963.26
