21.09,-13.3 21.09,-19.57
31.68,-13.3 31.68,-20.57
42.25,-13.3 42.25,-21.21
14.5,-12.63 21.44,-13.5
22.31,-12.45 22.6,-12.49
21.62,-13.06 22.59,-12.2
14.51,-6.42 14.5,-6.59
15.42,-5.61 14.51,-6.41
22.71,-6.2 21.88,-6.09
18.74,-5.7 18.51,-5.67
21.84,-7.61 22.59,-6.95
14.5,-6.61 14.5,-12.63
14.75,-12.61 14.75,-12.38
21.62,-8.39 21.84,-7.61
21.62,-13.34 21.62,-8.39
21.25,-13.2 21.25,-13.43
22.7,-12.4 22.69,-6.22
14.63,-9.4 19.49,-10.01
14.62,-6.65 14.62,-9.39
14.62,-12.31 21.3,-13.15
14.62,-9.52 14.62,-12.31
21.62,-12.97 22.46,-12.19
20.53,-13.29 15.43,-12.65
20.53,-13.29 20.62,-13.36
20.62,-13.36 21.3,-13.45
21.3,-13.45 21.3,-13.49
14.65,-12.64 14.65,-12.61
14.65,-12.61 15.34,-12.69
15.42,-12.58 14.99,-12.53
21.19,-13.31 20.76,-13.26
22.71,-6.2 21.48,-7.29
18.65,-6.94 14.52,-6.42
21.48,-7.49 14.5,-6.61
21.84,-7.6 21.84,-7.16
22.69,-6.4 21.48,-7.48
21.48,-7.29 21.48,-13.47
17.98,-6.85 17.98,-7.05
21.62,-13.34 21.44,-13.5
22.6,-12.49 22.7,-12.4
22.6,-12.14 22.6,-12.49
22.6,-6.49 22.6,-12.14
22.46,-12.19 22.46,-7.06
21.3,-13.15 21.3,-7.5
14.63,-6.66 21.3,-7.5
18.49,-7.11 18.49,-7.11
14.63,-9.52 19.49,-10.14
16.14,-12.5 16.14,-11.54
14.75,-12.38 21.25,-13.2
15.77,-12 15.77,-12.37
16.07,-12.04 15.77,-12
16.07,-12.41 16.07,-12.04
15.77,-12.37 16.07,-12.41
15.71,-12.37 15.71,-11.99
15.15,-12.3 15.71,-12.37
15.15,-11.92 15.15,-12.3
15.71,-11.99 15.15,-11.92
18.49,-7.11 18.49,-7.11
15.34,-12.69 15.43,-12.65
14.99,-12.53 14.99,-12.41
15.42,-12.58 15.42,-12.47
20.76,-13.26 20.76,-13.14
21.19,-13.31 21.19,-13.19
18.66,-5 18.66,-4.89
15.27,-4.89 15.27,-5
18.52,-5.85 18.51,-5.39
15.42,-5.39 15.42,-5.85
15.32,-4.76 15.55,-4.58
15.55,-4.58 15.58,-4.57
15.58,-4.57 15.61,-4.55
15.61,-4.55 15.94,-4.44
15.94,-4.44 16.21,-4.38
16.21,-4.38 16.74,-4.33
16.74,-4.33 17.22,-4.33
17.22,-4.33 17.63,-4.37
17.63,-4.37 18.11,-4.47
18.11,-4.47 18.15,-4.48
18.15,-4.48 18.19,-4.5
18.19,-4.5 18.57,-4.7
18.57,-4.7 18.58,-4.72
18.58,-4.72 18.6,-4.74
18.6,-4.74 18.66,-4.86
18.66,-4.86 18.66,-4.89
18.66,-4.89 18.66,-4.91
18.66,-4.91 18.66,-4.93
18.66,-4.93 18.65,-4.94
18.65,-4.94 18.65,-4.96
18.65,-4.96 18.5,-5.13
18.5,-5.13 18.48,-5.14
18.48,-5.14 18.45,-5.16
18.45,-5.16 17.89,-5.36
17.89,-5.36 17.41,-5.43
17.41,-5.43 17.15,-5.45
17.15,-5.45 16.53,-5.43
16.53,-5.43 16.48,-5.43
16.48,-5.43 16.14,-5.38
16.14,-5.38 15.81,-5.3
15.81,-5.3 15.54,-5.19
15.54,-5.19 15.51,-5.18
15.51,-5.18 15.36,-5.07
15.36,-5.07 15.34,-5.05
15.34,-5.05 15.33,-5.03
15.33,-5.03 15.32,-5.02
15.32,-5.02 15.28,-4.93
15.28,-4.93 15.27,-4.91
15.27,-4.91 15.27,-4.89
15.27,-4.89 15.27,-4.88
15.27,-4.88 15.28,-4.82
15.28,-4.82 15.29,-4.81
15.29,-4.81 15.3,-4.79
15.3,-4.79 15.31,-4.77
15.31,-4.77 15.32,-4.76
15.27,-5 15.27,-5.01
15.27,-5.01 15.27,-5.02
18.42,-5.49 18.13,-5.63
18.13,-5.63 18.09,-5.65
18.09,-5.65 17.77,-5.73
17.77,-5.73 17.35,-5.79
17.35,-5.79 17,-5.8
17,-5.8 16.95,-5.8
16.95,-5.8 16.9,-5.8
16.9,-5.8 16.85,-5.8
16.85,-5.8 16.7,-5.79
16.7,-5.79 16.22,-5.74
16.22,-5.74 15.89,-5.66
15.89,-5.66 15.56,-5.55
18.51,-5.77 18.63,-5.85
18.63,-5.85 18.7,-5.94
18.7,-5.94 18.73,-6.04
18.73,-6.04 18.71,-6.13
18.71,-6.13 18.38,-6.39
18.38,-6.39 17.96,-6.53
17.96,-6.53 17.32,-6.62
17.32,-6.62 17.27,-6.62
17.27,-6.62 16.63,-6.62
16.63,-6.62 16.12,-6.56
16.65,-6.36 17.05,-6.37
17.05,-6.37 17.59,-6.33
17.59,-6.33 18.18,-6.17
18.18,-6.17 18.3,-6.12
18.3,-6.12 18.48,-5.96
18.48,-5.96 18.51,-5.88
18.51,-5.88 18.52,-5.85
15.42,-5.85 15.42,-5.86
15.42,-5.86 15.42,-5.88
15.42,-5.88 15.42,-5.89
15.42,-5.89 15.49,-6.01
15.49,-6.01 15.58,-6.09
15.58,-6.09 15.61,-6.1
15.61,-6.1 15.63,-6.11
15.63,-6.11 15.88,-6.22
15.88,-6.22 16.2,-6.3
16.2,-6.3 16.24,-6.31
16.24,-6.31 16.29,-6.32
16.29,-6.32 16.65,-6.36
16.12,-6.56 15.78,-6.48
15.78,-6.48 15.5,-6.37
15.5,-6.37 15.31,-6.24
15.31,-6.24 15.22,-6.12
15.22,-6.12 15.22,-6.1
15.22,-6.1 15.21,-6.08
15.21,-6.08 15.21,-6.05
15.21,-6.05 15.25,-5.92
15.25,-5.92 15.26,-5.91
15.26,-5.91 15.27,-5.89
15.27,-5.89 15.42,-5.77
15.42,-5.39 15.56,-5.55
18.42,-5.49 18.51,-5.39
15.27,-5.02 15.42,-5.39
18.66,-5 18.51,-5.39
14.62,-11.35 16.14,-11.54
18.65,-6.94 21.48,-7.29
22.03,-5.42 22.03,-5.31
18.64,-5.31 18.64,-5.42
21.88,-6.27 21.88,-5.82
18.79,-5.81 18.79,-6.27
18.69,-5.18 18.92,-5
18.92,-5 18.95,-4.99
18.95,-4.99 18.98,-4.97
18.98,-4.97 19.31,-4.86
19.31,-4.86 19.57,-4.81
19.57,-4.81 20.11,-4.75
20.11,-4.75 20.59,-4.75
20.59,-4.75 21,-4.79
21,-4.79 21.48,-4.89
21.48,-4.89 21.52,-4.91
21.52,-4.91 21.55,-4.92
21.55,-4.92 21.94,-5.13
21.94,-5.13 21.95,-5.14
21.95,-5.14 21.97,-5.16
21.97,-5.16 22.03,-5.28
22.03,-5.28 22.03,-5.31
22.03,-5.31 22.03,-5.33
22.03,-5.33 22.03,-5.35
22.03,-5.35 22.02,-5.37
22.02,-5.37 22.02,-5.38
22.02,-5.38 21.87,-5.55
21.87,-5.55 21.85,-5.57
21.85,-5.57 21.82,-5.58
21.82,-5.58 21.26,-5.79
21.26,-5.79 20.78,-5.86
20.78,-5.86 20.52,-5.87
20.52,-5.87 19.9,-5.86
19.9,-5.86 19.85,-5.85
19.85,-5.85 19.51,-5.8
19.51,-5.8 19.17,-5.72
19.17,-5.72 18.91,-5.61
18.91,-5.61 18.88,-5.6
18.88,-5.6 18.73,-5.49
18.73,-5.49 18.71,-5.47
18.71,-5.47 18.7,-5.46
18.7,-5.46 18.69,-5.44
18.69,-5.44 18.65,-5.35
18.65,-5.35 18.64,-5.33
18.64,-5.33 18.64,-5.32
18.64,-5.32 18.64,-5.3
18.64,-5.3 18.65,-5.25
18.65,-5.25 18.66,-5.23
18.66,-5.23 18.67,-5.21
18.67,-5.21 18.68,-5.2
18.68,-5.2 18.69,-5.18
18.64,-5.42 18.64,-5.43
18.64,-5.43 18.64,-5.45
21.79,-5.91 21.5,-6.06
21.5,-6.06 21.46,-6.07
21.46,-6.07 21.14,-6.15
21.14,-6.15 20.72,-6.21
20.72,-6.21 20.37,-6.23
20.37,-6.23 20.32,-6.23
20.32,-6.23 20.27,-6.22
20.27,-6.22 20.22,-6.22
20.22,-6.22 20.07,-6.22
20.07,-6.22 19.59,-6.16
19.59,-6.16 19.26,-6.09
19.26,-6.09 18.93,-5.97
21.88,-6.19 22,-6.27
22,-6.27 22.06,-6.36
22.06,-6.36 22.1,-6.47
22.1,-6.47 22.08,-6.56
22.08,-6.56 21.75,-6.82
21.75,-6.82 21.33,-6.95
21.33,-6.95 20.69,-7.04
20.69,-7.04 20.64,-7.05
20.64,-7.05 20,-7.04
20,-7.04 19.49,-6.98
20.02,-6.78 20.42,-6.79
20.42,-6.79 20.96,-6.75
20.96,-6.75 21.55,-6.6
21.55,-6.6 21.66,-6.54
21.66,-6.54 21.85,-6.39
21.85,-6.39 21.88,-6.3
21.88,-6.3 21.88,-6.27
18.79,-6.27 18.79,-6.28
18.79,-6.28 18.79,-6.3
18.79,-6.3 18.79,-6.32
18.79,-6.32 18.86,-6.43
18.86,-6.43 18.95,-6.51
18.95,-6.51 18.98,-6.52
18.98,-6.52 19,-6.54
19,-6.54 19.25,-6.64
19.25,-6.64 19.57,-6.72
19.57,-6.72 19.61,-6.73
19.61,-6.73 19.66,-6.74
19.66,-6.74 20.02,-6.78
19.49,-6.98 19.14,-6.9
19.14,-6.9 18.87,-6.79
18.87,-6.79 18.68,-6.66
18.68,-6.66 18.59,-6.54
18.59,-6.54 18.58,-6.52
18.58,-6.52 18.58,-6.51
18.58,-6.51 18.58,-6.47
18.58,-6.47 18.61,-6.35
18.61,-6.35 18.63,-6.33
18.63,-6.33 18.64,-6.31
18.64,-6.31 18.79,-6.19
18.79,-5.81 18.93,-5.97
21.79,-5.91 21.88,-5.81
18.64,-5.45 18.79,-5.81
22.03,-5.42 21.88,-5.81
19.49,-7.27 19.49,-12.92
17.98,-6.85 18.79,-6.09
25.69,-12.7 32,-13.5
32.87,-12.45 33.16,-12.48
32.18,-13.05 33.15,-12.2
25.69,-6.5 25.69,-6.67
26.29,-5.96 25.7,-6.48
33.27,-6.19 32.64,-6.11
32.4,-7.6 33.15,-6.94
25.69,-6.68 25.69,-12.7
25.94,-12.68 25.94,-12.46
32.18,-8.38 32.4,-7.6
32.18,-13.34 32.18,-8.38
31.85,-13.2 31.85,-13.43
33.26,-12.4 33.25,-6.21
25.82,-9.47 31.86,-10.23
25.81,-6.73 25.81,-9.46
25.81,-12.38 31.86,-13.14
25.81,-9.6 25.81,-12.38
32.18,-12.96 33.02,-12.18
31.12,-13.29 26.62,-12.72
31.12,-13.29 31.22,-13.36
31.22,-13.36 31.9,-13.45
31.9,-13.45 31.9,-13.49
25.84,-12.71 25.84,-12.68
25.84,-12.68 26.53,-12.77
26.61,-12.66 26.18,-12.6
31.79,-13.31 31.36,-13.26
33.27,-6.19 32.03,-7.29
29.84,-7.01 25.7,-6.49
32.03,-7.48 25.69,-6.68
32.4,-7.59 32.4,-7.16
33.25,-6.4 32.04,-7.47
32.03,-7.29 32.04,-13.47
28.83,-6.89 28.83,-7.08
32.18,-13.34 32,-13.5
33.16,-12.48 33.26,-12.4
33.16,-12.13 33.16,-12.48
33.16,-6.48 33.16,-12.13
33.02,-12.18 33.02,-7.05
31.86,-10.23 31.86,-7.49
25.82,-6.73 31.86,-7.49
29.68,-7.19 29.68,-7.19
31.86,-13.14 31.86,-10.36
25.82,-9.6 31.86,-10.36
27.32,-12.57 27.32,-11.62
25.94,-12.46 31.85,-13.2
26.96,-12.07 26.96,-12.45
27.26,-12.11 26.96,-12.07
27.26,-12.49 27.26,-12.11
26.96,-12.45 27.26,-12.49
26.89,-12.44 26.89,-12.06
26.34,-12.37 26.89,-12.44
26.34,-11.99 26.34,-12.37
26.89,-12.06 26.34,-11.99
29.68,-7.19 29.68,-7.19
26.53,-12.77 26.62,-12.72
26.18,-12.6 26.18,-12.49
26.61,-12.66 26.61,-12.54
31.36,-13.26 31.36,-13.14
31.79,-13.31 31.79,-13.19
26.29,-4.96 26.29,-5.08
29.54,-5.92 29.53,-5.8
26.44,-5.46 26.44,-5.92
26.34,-4.83 26.57,-4.65
26.57,-4.65 26.6,-4.64
26.6,-4.64 26.63,-4.63
26.63,-4.63 26.96,-4.51
26.96,-4.51 27.22,-4.46
27.22,-4.46 27.76,-4.4
27.76,-4.4 28.24,-4.4
28.24,-4.4 28.65,-4.44
28.65,-4.44 29.13,-4.55
29.13,-4.55 29.17,-4.56
29.17,-4.56 29.2,-4.57
29.2,-4.57 29.59,-4.78
29.59,-4.78 29.6,-4.79
29.6,-4.79 29.62,-4.81
29.62,-4.81 29.68,-4.93
29.68,-4.93 29.68,-4.97
29.68,-4.97 29.68,-4.98
29.68,-4.98 29.68,-5
29.68,-5 29.68,-5
29.4,-5.26 28.91,-5.44
28.91,-5.44 28.43,-5.51
28.43,-5.51 28.17,-5.52
28.17,-5.52 27.55,-5.51
27.55,-5.51 27.5,-5.5
27.5,-5.5 27.16,-5.46
27.16,-5.46 26.82,-5.37
26.82,-5.37 26.56,-5.27
26.56,-5.27 26.53,-5.25
26.53,-5.25 26.38,-5.14
26.38,-5.14 26.36,-5.12
26.36,-5.12 26.35,-5.11
26.35,-5.11 26.34,-5.09
26.34,-5.09 26.3,-5
26.3,-5 26.29,-4.99
26.29,-4.99 26.29,-4.97
26.29,-4.97 26.29,-4.95
26.29,-4.95 26.3,-4.9
26.3,-4.9 26.31,-4.88
26.31,-4.88 26.32,-4.86
26.32,-4.86 26.33,-4.85
26.33,-4.85 26.34,-4.83
26.29,-5.08 26.29,-5.08
26.29,-5.08 26.29,-5.1
29.44,-5.57 29.15,-5.71
29.15,-5.71 29.11,-5.72
29.11,-5.72 28.79,-5.8
28.79,-5.8 28.37,-5.86
28.37,-5.86 28.02,-5.88
28.02,-5.88 27.97,-5.88
27.97,-5.88 27.92,-5.88
27.92,-5.88 27.87,-5.87
27.87,-5.87 27.72,-5.87
27.72,-5.87 27.24,-5.81
27.24,-5.81 26.91,-5.74
26.91,-5.74 26.58,-5.62
29.33,-6.49 28.98,-6.6
28.98,-6.6 28.34,-6.69
28.34,-6.69 28.29,-6.7
28.29,-6.7 27.65,-6.7
27.65,-6.7 27.14,-6.63
27.67,-6.43 28.07,-6.44
28.07,-6.44 28.61,-6.4
28.61,-6.4 29.2,-6.25
29.2,-6.25 29.31,-6.19
29.31,-6.19 29.5,-6.04
29.5,-6.04 29.53,-5.95
29.53,-5.95 29.54,-5.92
26.44,-5.92 26.44,-5.93
26.44,-5.93 26.44,-5.95
26.44,-5.95 26.44,-5.97
26.44,-5.97 26.51,-6.08
26.51,-6.08 26.6,-6.16
26.6,-6.16 26.63,-6.17
26.63,-6.17 26.65,-6.19
26.65,-6.19 26.9,-6.29
26.9,-6.29 27.22,-6.38
27.22,-6.38 27.26,-6.38
27.26,-6.38 27.31,-6.39
27.31,-6.39 27.67,-6.43
27.14,-6.63 26.79,-6.55
26.79,-6.55 26.52,-6.44
26.52,-6.44 26.33,-6.31
26.33,-6.31 26.24,-6.19
26.24,-6.19 26.23,-6.18
26.23,-6.18 26.23,-6.16
26.23,-6.16 26.23,-6.12
26.23,-6.12 26.27,-6
26.27,-6 26.28,-5.98
26.28,-5.98 26.29,-5.96
26.29,-5.96 26.44,-5.84
26.44,-5.46 26.58,-5.62
26.29,-5.1 26.44,-5.46
25.81,-11.42 27.32,-11.62
29.84,-7.01 32.03,-7.29
32.79,-5.44 32.79,-5.33
29.4,-5.33 29.4,-5.44
32.64,-6.29 32.63,-5.83
29.55,-5.83 29.54,-6.29
29.7,-5 29.73,-4.99
29.73,-4.99 30.06,-4.88
30.06,-4.88 30.33,-4.82
30.33,-4.82 30.87,-4.77
30.87,-4.77 31.35,-4.77
31.35,-4.77 31.75,-4.81
31.75,-4.81 32.23,-4.91
32.23,-4.91 32.27,-4.92
32.27,-4.92 32.31,-4.93
32.31,-4.93 32.69,-5.14
32.69,-5.14 32.71,-5.16
32.71,-5.16 32.72,-5.17
32.72,-5.17 32.78,-5.3
32.78,-5.3 32.79,-5.33
32.79,-5.33 32.78,-5.35
32.78,-5.35 32.78,-5.37
32.78,-5.37 32.78,-5.38
32.78,-5.38 32.77,-5.4
32.77,-5.4 32.62,-5.57
32.62,-5.57 32.6,-5.58
32.6,-5.58 32.58,-5.6
32.58,-5.6 32.01,-5.8
32.01,-5.8 31.54,-5.87
31.54,-5.87 31.28,-5.89
31.28,-5.89 30.65,-5.87
30.65,-5.87 30.6,-5.87
30.6,-5.87 30.27,-5.82
30.27,-5.82 29.93,-5.74
29.93,-5.74 29.66,-5.63
29.66,-5.63 29.63,-5.62
29.63,-5.62 29.48,-5.5
29.48,-5.5 29.47,-5.49
29.47,-5.49 29.45,-5.47
29.45,-5.47 29.44,-5.45
29.44,-5.45 29.4,-5.37
29.4,-5.37 29.4,-5.35
29.4,-5.35 29.4,-5.33
29.4,-5.33 29.4,-5.32
29.4,-5.32 29.41,-5.27
29.4,-5.44 29.4,-5.45
29.4,-5.45 29.4,-5.46
32.54,-5.93 32.25,-6.07
32.25,-6.07 32.22,-6.08
32.22,-6.08 31.9,-6.17
31.9,-6.17 31.48,-6.23
31.48,-6.23 31.13,-6.24
31.13,-6.24 31.08,-6.24
31.08,-6.24 31.03,-6.24
31.03,-6.24 30.98,-6.24
30.98,-6.24 30.83,-6.23
30.83,-6.23 30.35,-6.18
30.35,-6.18 30.02,-6.1
30.02,-6.1 29.69,-5.99
32.64,-6.2 32.75,-6.29
32.75,-6.29 32.82,-6.38
32.82,-6.38 32.85,-6.48
32.85,-6.48 32.83,-6.57
32.83,-6.57 32.51,-6.83
32.51,-6.83 32.09,-6.97
32.09,-6.97 31.45,-7.06
31.45,-7.06 31.4,-7.06
31.4,-7.06 30.76,-7.06
30.76,-7.06 30.25,-7
30.78,-6.8 31.18,-6.81
31.18,-6.81 31.71,-6.76
31.71,-6.76 32.31,-6.61
32.31,-6.61 32.42,-6.56
32.42,-6.56 32.6,-6.4
32.6,-6.4 32.64,-6.32
32.64,-6.32 32.64,-6.29
29.54,-6.29 29.54,-6.3
29.54,-6.3 29.54,-6.32
29.54,-6.32 29.55,-6.33
29.55,-6.33 29.61,-6.45
29.61,-6.45 29.71,-6.52
29.71,-6.52 29.73,-6.54
29.73,-6.54 29.76,-6.55
29.76,-6.55 30,-6.66
30,-6.66 30.32,-6.74
30.32,-6.74 30.37,-6.75
30.37,-6.75 30.41,-6.76
30.41,-6.76 30.78,-6.8
30.25,-7 29.9,-6.92
29.9,-6.92 29.62,-6.81
29.62,-6.81 29.43,-6.68
29.43,-6.68 29.35,-6.56
29.35,-6.56 29.34,-6.54
29.34,-6.54 29.34,-6.52
29.34,-6.52 29.33,-6.49
29.33,-6.49 29.37,-6.36
29.37,-6.36 29.38,-6.35
29.38,-6.35 29.4,-6.33
29.4,-6.33 29.54,-6.21
29.55,-5.83 29.69,-5.99
32.54,-5.93 32.64,-5.83
29.4,-5.46 29.55,-5.83
32.79,-5.44 32.64,-5.83
29.68,-5 29.4,-5.26
29.7,-5 29.41,-5.27
29.68,-5 29.68,-5.03
28.83,-6.89 29.33,-6.49
36.26,-12.71 42.57,-13.5
43.44,-12.45 43.73,-12.49
42.75,-13.05 43.72,-12.2
36.27,-6.5 36.26,-6.67
36.86,-5.97 36.27,-6.48
43.84,-6.19 43.21,-6.11
42.97,-7.61 43.72,-6.94
36.26,-6.68 36.26,-12.71
36.51,-12.69 36.51,-12.46
42.75,-8.38 42.97,-7.61
42.75,-13.34 42.75,-8.38
42.42,-13.2 42.42,-13.43
43.83,-12.4 43.82,-6.21
36.39,-9.48 42.43,-10.24
36.38,-6.73 36.38,-9.47
36.38,-12.38 42.43,-13.14
36.38,-9.6 36.38,-12.38
42.75,-12.97 43.59,-12.18
41.69,-13.29 37.19,-12.72
41.69,-13.29 41.79,-13.36
41.79,-13.36 42.47,-13.45
42.47,-13.45 42.47,-13.49
36.41,-12.72 36.41,-12.68
36.41,-12.68 37.1,-12.77
37.18,-12.66 36.75,-12.61
42.36,-13.31 41.93,-13.26
43.84,-6.19 42.61,-7.29
40.41,-7.01 36.27,-6.5
42.61,-7.49 36.26,-6.68
42.97,-7.6 42.97,-7.16
43.82,-6.4 42.61,-7.47
42.61,-7.29 42.61,-13.47
39.41,-6.89 39.41,-7.08
42.75,-13.34 42.57,-13.5
43.73,-12.49 43.83,-12.4
43.73,-12.14 43.73,-12.49
43.73,-6.48 43.73,-12.14
43.59,-12.18 43.59,-7.05
42.43,-10.24 42.43,-7.49
36.39,-6.73 42.43,-7.49
40.25,-7.19 40.25,-7.19
42.43,-13.14 42.43,-10.36
36.39,-9.6 42.43,-10.36
37.89,-12.57 37.89,-11.62
36.51,-12.46 42.42,-13.2
37.53,-12.07 37.53,-12.45
37.83,-12.11 37.53,-12.07
37.83,-12.49 37.83,-12.11
37.53,-12.45 37.83,-12.49
37.46,-12.44 37.46,-12.07
36.91,-12.37 37.46,-12.44
36.91,-12 36.91,-12.37
37.46,-12.07 36.91,-12
40.25,-7.19 40.25,-7.19
37.1,-12.77 37.19,-12.72
36.75,-12.61 36.75,-12.49
37.18,-12.66 37.18,-12.54
41.93,-13.26 41.93,-13.14
42.36,-13.31 42.36,-13.19
36.86,-4.96 36.86,-5.08
40.11,-5.93 40.1,-5.8
37.01,-5.47 37.01,-5.93
36.91,-4.83 37.14,-4.66
37.14,-4.66 37.17,-4.64
37.17,-4.64 37.2,-4.63
37.2,-4.63 37.53,-4.52
37.53,-4.52 37.8,-4.46
37.8,-4.46 38.33,-4.4
38.33,-4.4 38.81,-4.41
38.81,-4.41 39.22,-4.44
39.22,-4.44 39.7,-4.55
39.7,-4.55 39.74,-4.56
39.74,-4.56 39.78,-4.57
39.78,-4.57 40.16,-4.78
40.16,-4.78 40.17,-4.8
40.17,-4.8 40.19,-4.81
40.19,-4.81 40.25,-4.93
40.25,-4.93 40.25,-4.97
40.25,-4.97 40.25,-4.99
40.25,-4.99 40.25,-5
40.25,-5 40.25,-5
39.97,-5.26 39.48,-5.44
39.48,-5.44 39,-5.51
39,-5.51 38.74,-5.53
38.74,-5.53 38.12,-5.51
38.12,-5.51 38.07,-5.51
38.07,-5.51 37.73,-5.46
37.73,-5.46 37.4,-5.38
37.4,-5.38 37.13,-5.27
37.13,-5.27 37.1,-5.25
37.1,-5.25 36.95,-5.14
36.95,-5.14 36.93,-5.13
36.93,-5.13 36.92,-5.11
36.92,-5.11 36.91,-5.09
36.91,-5.09 36.87,-5.01
36.87,-5.01 36.86,-4.99
36.86,-4.99 36.86,-4.97
36.86,-4.97 36.86,-4.95
36.86,-4.95 36.87,-4.9
36.87,-4.9 36.88,-4.88
36.88,-4.88 36.89,-4.87
36.89,-4.87 36.9,-4.85
36.9,-4.85 36.91,-4.83
36.86,-5.08 36.86,-5.08
36.86,-5.08 36.86,-5.1
40.01,-5.57 39.72,-5.71
39.72,-5.71 39.68,-5.72
39.68,-5.72 39.36,-5.8
39.36,-5.8 38.94,-5.86
38.94,-5.86 38.59,-5.88
38.59,-5.88 38.54,-5.88
38.54,-5.88 38.49,-5.88
38.49,-5.88 38.44,-5.88
38.44,-5.88 38.29,-5.87
38.29,-5.87 37.81,-5.82
37.81,-5.82 37.48,-5.74
37.48,-5.74 37.15,-5.63
39.9,-6.49 39.55,-6.61
39.55,-6.61 38.91,-6.7
38.91,-6.7 38.86,-6.7
38.86,-6.7 38.22,-6.7
38.22,-6.7 37.71,-6.64
38.24,-6.44 38.64,-6.44
38.64,-6.44 39.18,-6.4
39.18,-6.4 39.77,-6.25
39.77,-6.25 39.89,-6.19
39.89,-6.19 40.07,-6.04
40.07,-6.04 40.1,-5.96
40.1,-5.96 40.11,-5.93
37.01,-5.93 37.01,-5.94
37.01,-5.94 37.01,-5.95
37.01,-5.95 37.01,-5.97
37.01,-5.97 37.08,-6.08
37.08,-6.08 37.17,-6.16
37.17,-6.16 37.2,-6.18
37.2,-6.18 37.22,-6.19
37.22,-6.19 37.47,-6.3
37.47,-6.3 37.79,-6.38
37.79,-6.38 37.83,-6.39
37.83,-6.39 37.88,-6.39
37.88,-6.39 38.24,-6.44
37.71,-6.64 37.37,-6.55
37.37,-6.55 37.09,-6.44
37.09,-6.44 36.9,-6.32
36.9,-6.32 36.81,-6.2
36.81,-6.2 36.81,-6.18
36.81,-6.18 36.8,-6.16
36.8,-6.16 36.8,-6.12
36.8,-6.12 36.84,-6
36.84,-6 36.85,-5.98
36.85,-5.98 36.86,-5.97
36.86,-5.97 37.01,-5.84
37.01,-5.47 37.15,-5.63
36.86,-5.1 37.01,-5.47
36.38,-11.43 37.89,-11.62
40.41,-7.01 42.61,-7.29
43.36,-5.44 43.36,-5.33
39.97,-5.33 39.97,-5.44
43.21,-6.29 43.2,-5.83
40.12,-5.83 40.11,-6.29
40.27,-5.01 40.3,-4.99
40.3,-4.99 40.63,-4.88
40.63,-4.88 40.9,-4.83
40.9,-4.83 41.44,-4.77
41.44,-4.77 41.92,-4.77
41.92,-4.77 42.32,-4.81
42.32,-4.81 42.8,-4.91
42.8,-4.91 42.84,-4.92
42.84,-4.92 42.88,-4.94
42.88,-4.94 43.26,-5.14
43.26,-5.14 43.28,-5.16
43.28,-5.16 43.29,-5.18
43.29,-5.18 43.35,-5.3
43.35,-5.3 43.36,-5.33
43.36,-5.33 43.35,-5.35
43.35,-5.35 43.35,-5.37
43.35,-5.37 43.35,-5.38
43.35,-5.38 43.34,-5.4
43.34,-5.4 43.2,-5.57
43.2,-5.57 43.17,-5.59
43.17,-5.59 43.15,-5.6
43.15,-5.6 42.58,-5.8
42.58,-5.8 42.11,-5.87
42.11,-5.87 41.85,-5.89
41.85,-5.89 41.23,-5.88
41.23,-5.88 41.17,-5.87
41.17,-5.87 40.84,-5.82
40.84,-5.82 40.5,-5.74
40.5,-5.74 40.23,-5.63
40.23,-5.63 40.21,-5.62
40.21,-5.62 40.05,-5.51
40.05,-5.51 40.04,-5.49
40.04,-5.49 40.02,-5.47
40.02,-5.47 40.01,-5.46
40.01,-5.46 39.97,-5.37
39.97,-5.37 39.97,-5.35
39.97,-5.35 39.97,-5.34
39.97,-5.34 39.97,-5.32
39.97,-5.32 39.98,-5.27
39.97,-5.44 39.97,-5.45
39.97,-5.45 39.97,-5.46
43.11,-5.93 42.82,-6.07
42.82,-6.07 42.79,-6.09
42.79,-6.09 42.47,-6.17
42.47,-6.17 42.05,-6.23
42.05,-6.23 41.7,-6.24
41.7,-6.24 41.65,-6.24
41.65,-6.24 41.6,-6.24
41.6,-6.24 41.55,-6.24
41.55,-6.24 41.4,-6.24
41.4,-6.24 40.92,-6.18
40.92,-6.18 40.59,-6.1
40.59,-6.1 40.26,-5.99
43.21,-6.21 43.32,-6.29
43.32,-6.29 43.39,-6.38
43.39,-6.38 43.42,-6.48
43.42,-6.48 43.4,-6.57
43.4,-6.57 43.08,-6.84
43.08,-6.84 42.66,-6.97
42.66,-6.97 42.02,-7.06
42.02,-7.06 41.97,-7.06
41.97,-7.06 41.33,-7.06
41.33,-7.06 40.82,-7
41.35,-6.8 41.75,-6.81
41.75,-6.81 42.28,-6.77
42.28,-6.77 42.88,-6.61
42.88,-6.61 42.99,-6.56
42.99,-6.56 43.17,-6.4
43.17,-6.4 43.21,-6.32
43.21,-6.32 43.21,-6.29
40.11,-6.29 40.11,-6.3
40.11,-6.3 40.11,-6.32
40.11,-6.32 40.12,-6.33
40.12,-6.33 40.18,-6.45
40.18,-6.45 40.28,-6.53
40.28,-6.53 40.3,-6.54
40.3,-6.54 40.33,-6.56
40.33,-6.56 40.57,-6.66
40.57,-6.66 40.89,-6.74
40.89,-6.74 40.94,-6.75
40.94,-6.75 40.98,-6.76
40.98,-6.76 41.35,-6.8
40.82,-7 40.47,-6.92
40.47,-6.92 40.19,-6.81
40.19,-6.81 40,-6.68
40,-6.68 39.92,-6.56
39.92,-6.56 39.91,-6.54
39.91,-6.54 39.91,-6.52
39.91,-6.52 39.9,-6.49
39.9,-6.49 39.94,-6.37
39.94,-6.37 39.95,-6.35
39.95,-6.35 39.97,-6.33
39.97,-6.33 40.11,-6.21
40.12,-5.83 40.26,-5.99
43.11,-5.93 43.21,-5.83
39.97,-5.46 40.12,-5.83
43.36,-5.44 43.21,-5.83
40.25,-5 39.97,-5.26
40.27,-5.01 39.98,-5.27
40.25,-5 40.25,-5.03
39.41,-6.89 39.9,-6.49
46.83,-12.71 53.14,-13.5
54.01,-12.45 54.3,-12.49
53.32,-13.05 54.29,-12.2
46.84,-6.5 46.83,-6.67
47.43,-5.97 46.84,-6.48
54.41,-6.19 53.78,-6.11
53.54,-7.61 54.29,-6.94
46.83,-6.68 46.83,-12.71
47.08,-12.69 47.08,-12.46
53.32,-8.38 53.54,-7.61
53.32,-13.34 53.32,-8.38
52.99,-13.2 52.99,-13.43
54.4,-12.4 54.39,-6.21
46.96,-9.48 53,-10.24
46.95,-6.73 46.95,-9.47
46.95,-12.38 53,-13.14
46.95,-9.6 46.95,-12.38
53.32,-12.97 54.16,-12.18
52.26,-13.29 47.76,-12.72
52.26,-13.29 52.36,-13.36
52.36,-13.36 53.04,-13.45
53.04,-13.45 53.04,-13.49
46.98,-12.72 46.98,-12.68
46.98,-12.68 47.67,-12.77
47.75,-12.66 47.32,-12.61
52.93,-13.31 52.5,-13.26
54.41,-6.19 53.18,-7.29
50.98,-7.01 46.84,-6.5
53.18,-7.49 46.83,-6.68
53.54,-7.6 53.54,-7.16
54.39,-6.4 53.18,-7.47
53.18,-7.29 53.18,-13.47
49.98,-6.89 49.98,-7.08
53.32,-13.34 53.14,-13.5
54.3,-12.49 54.4,-12.4
54.3,-12.14 54.3,-12.49
54.3,-6.48 54.3,-12.14
54.16,-12.18 54.16,-7.05
53,-10.24 53,-7.49
46.96,-6.73 53,-7.49
50.82,-7.19 50.82,-7.19
53,-13.14 53,-10.36
46.96,-9.6 53,-10.36
48.46,-12.57 48.46,-11.62
47.08,-12.46 52.99,-13.2
48.1,-12.07 48.1,-12.45
48.4,-12.11 48.1,-12.07
48.4,-12.49 48.4,-12.11
48.1,-12.45 48.4,-12.49
48.03,-12.44 48.03,-12.07
47.48,-12.37 48.03,-12.44
47.48,-12 47.48,-12.37
48.03,-12.07 47.48,-12
50.82,-7.19 50.82,-7.19
47.67,-12.77 47.76,-12.72
47.32,-12.61 47.32,-12.49
47.75,-12.66 47.75,-12.54
52.5,-13.26 52.5,-13.14
52.93,-13.31 52.93,-13.19
47.43,-4.96 47.43,-5.08
50.68,-5.93 50.67,-5.8
47.58,-5.47 47.58,-5.93
47.48,-4.83 47.71,-4.66
47.71,-4.66 47.74,-4.64
47.74,-4.64 47.77,-4.63
47.77,-4.63 48.1,-4.52
48.1,-4.52 48.37,-4.46
48.37,-4.46 48.9,-4.4
48.9,-4.4 49.38,-4.41
49.38,-4.41 49.79,-4.44
49.79,-4.44 50.27,-4.55
50.27,-4.55 50.31,-4.56
50.31,-4.56 50.35,-4.57
50.35,-4.57 50.73,-4.78
50.73,-4.78 50.74,-4.8
50.74,-4.8 50.76,-4.81
50.76,-4.81 50.82,-4.93
50.82,-4.93 50.82,-4.97
50.82,-4.97 50.82,-4.99
50.82,-4.99 50.82,-5
50.82,-5 50.82,-5
50.54,-5.26 50.05,-5.44
50.05,-5.44 49.57,-5.51
49.57,-5.51 49.31,-5.53
49.31,-5.53 48.69,-5.51
48.69,-5.51 48.64,-5.51
48.64,-5.51 48.3,-5.46
48.3,-5.46 47.97,-5.38
47.97,-5.38 47.7,-5.27
47.7,-5.27 47.67,-5.25
47.67,-5.25 47.52,-5.14
47.52,-5.14 47.5,-5.13
47.5,-5.13 47.49,-5.11
47.49,-5.11 47.48,-5.09
47.48,-5.09 47.44,-5.01
47.44,-5.01 47.43,-4.99
47.43,-4.99 47.43,-4.97
47.43,-4.97 47.43,-4.95
47.43,-4.95 47.44,-4.9
47.44,-4.9 47.45,-4.88
47.45,-4.88 47.46,-4.87
47.46,-4.87 47.47,-4.85
47.47,-4.85 47.48,-4.83
47.43,-5.08 47.43,-5.08
47.43,-5.08 47.43,-5.1
50.58,-5.57 50.29,-5.71
50.29,-5.71 50.25,-5.72
50.25,-5.72 49.93,-5.8
49.93,-5.8 49.51,-5.86
49.51,-5.86 49.16,-5.88
49.16,-5.88 49.11,-5.88
49.11,-5.88 49.06,-5.88
49.06,-5.88 49.01,-5.88
49.01,-5.88 48.86,-5.87
48.86,-5.87 48.38,-5.82
48.38,-5.82 48.05,-5.74
48.05,-5.74 47.72,-5.63
50.47,-6.49 50.12,-6.61
50.12,-6.61 49.48,-6.7
49.48,-6.7 49.43,-6.7
49.43,-6.7 48.79,-6.7
48.79,-6.7 48.28,-6.64
48.81,-6.44 49.21,-6.44
49.21,-6.44 49.75,-6.4
49.75,-6.4 50.34,-6.25
50.34,-6.25 50.46,-6.19
50.46,-6.19 50.64,-6.04
50.64,-6.04 50.67,-5.96
50.67,-5.96 50.68,-5.93
47.58,-5.93 47.58,-5.94
47.58,-5.94 47.58,-5.95
47.58,-5.95 47.58,-5.97
47.58,-5.97 47.65,-6.08
47.65,-6.08 47.74,-6.16
47.74,-6.16 47.77,-6.18
47.77,-6.18 47.79,-6.19
47.79,-6.19 48.04,-6.3
48.04,-6.3 48.36,-6.38
48.36,-6.38 48.4,-6.39
48.4,-6.39 48.45,-6.39
48.45,-6.39 48.81,-6.44
48.28,-6.64 47.94,-6.55
47.94,-6.55 47.66,-6.44
47.66,-6.44 47.47,-6.32
47.47,-6.32 47.38,-6.2
47.38,-6.2 47.38,-6.18
47.38,-6.18 47.37,-6.16
47.37,-6.16 47.37,-6.12
47.37,-6.12 47.41,-6
47.41,-6 47.42,-5.98
47.42,-5.98 47.43,-5.97
47.43,-5.97 47.58,-5.84
47.58,-5.47 47.72,-5.63
47.43,-5.1 47.58,-5.47
46.95,-11.43 48.46,-11.62
50.98,-7.01 53.18,-7.29
53.93,-5.44 53.93,-5.33
50.54,-5.33 50.54,-5.44
53.78,-6.29 53.77,-5.83
50.69,-5.83 50.68,-6.29
50.84,-5.01 50.87,-4.99
50.87,-4.99 51.2,-4.88
51.2,-4.88 51.47,-4.83
51.47,-4.83 52.01,-4.77
52.01,-4.77 52.49,-4.77
52.49,-4.77 52.89,-4.81
52.89,-4.81 53.37,-4.91
53.37,-4.91 53.41,-4.92
53.41,-4.92 53.45,-4.94
53.45,-4.94 53.83,-5.14
53.83,-5.14 53.85,-5.16
53.85,-5.16 53.86,-5.18
53.86,-5.18 53.92,-5.3
53.92,-5.3 53.93,-5.33
53.93,-5.33 53.92,-5.35
53.92,-5.35 53.92,-5.37
53.92,-5.37 53.92,-5.38
53.92,-5.38 53.91,-5.4
53.91,-5.4 53.77,-5.57
53.77,-5.57 53.74,-5.59
53.74,-5.59 53.72,-5.6
53.72,-5.6 53.15,-5.8
53.15,-5.8 52.68,-5.87
52.68,-5.87 52.42,-5.89
52.42,-5.89 51.8,-5.88
51.8,-5.88 51.74,-5.87
51.74,-5.87 51.41,-5.82
51.41,-5.82 51.07,-5.74
51.07,-5.74 50.8,-5.63
50.8,-5.63 50.78,-5.62
50.78,-5.62 50.62,-5.51
50.62,-5.51 50.61,-5.49
50.61,-5.49 50.59,-5.47
50.59,-5.47 50.58,-5.46
50.58,-5.46 50.54,-5.37
50.54,-5.37 50.54,-5.35
50.54,-5.35 50.54,-5.34
50.54,-5.34 50.54,-5.32
50.54,-5.32 50.55,-5.27
50.54,-5.44 50.54,-5.45
50.54,-5.45 50.54,-5.46
53.68,-5.93 53.39,-6.07
53.39,-6.07 53.36,-6.09
53.36,-6.09 53.04,-6.17
53.04,-6.17 52.62,-6.23
52.62,-6.23 52.27,-6.24
52.27,-6.24 52.22,-6.24
52.22,-6.24 52.17,-6.24
52.17,-6.24 52.12,-6.24
52.12,-6.24 51.97,-6.24
51.97,-6.24 51.49,-6.18
51.49,-6.18 51.16,-6.1
51.16,-6.1 50.83,-5.99
53.78,-6.21 53.89,-6.29
53.89,-6.29 53.96,-6.38
53.96,-6.38 53.99,-6.48
53.99,-6.48 53.97,-6.57
53.97,-6.57 53.65,-6.84
53.65,-6.84 53.23,-6.97
53.23,-6.97 52.59,-7.06
52.59,-7.06 52.54,-7.06
52.54,-7.06 51.9,-7.06
51.9,-7.06 51.39,-7
51.92,-6.8 52.32,-6.81
52.32,-6.81 52.85,-6.77
52.85,-6.77 53.45,-6.61
53.45,-6.61 53.56,-6.56
53.56,-6.56 53.74,-6.4
53.74,-6.4 53.78,-6.32
53.78,-6.32 53.78,-6.29
50.68,-6.29 50.68,-6.3
50.68,-6.3 50.68,-6.32
50.68,-6.32 50.69,-6.33
50.69,-6.33 50.75,-6.45
50.75,-6.45 50.85,-6.53
50.85,-6.53 50.87,-6.54
50.87,-6.54 50.9,-6.56
50.9,-6.56 51.14,-6.66
51.14,-6.66 51.46,-6.74
51.46,-6.74 51.51,-6.75
51.51,-6.75 51.55,-6.76
51.55,-6.76 51.92,-6.8
51.39,-7 51.04,-6.92
51.04,-6.92 50.76,-6.81
50.76,-6.81 50.57,-6.68
50.57,-6.68 50.49,-6.56
50.49,-6.56 50.48,-6.54
50.48,-6.54 50.48,-6.52
50.48,-6.52 50.47,-6.49
50.47,-6.49 50.51,-6.37
50.51,-6.37 50.52,-6.35
50.52,-6.35 50.54,-6.33
50.54,-6.33 50.68,-6.21
50.69,-5.83 50.83,-5.99
53.68,-5.93 53.78,-5.83
50.54,-5.46 50.69,-5.83
53.93,-5.44 53.78,-5.83
50.82,-5 50.54,-5.26
50.84,-5.01 50.55,-5.27
50.82,-5 50.82,-5.03
49.98,-6.89 50.47,-6.49
52.82,-13.3 52.82,-22.21
34.93,-22.65 34.93,-20.76
34.93,-20.76 33.76,-21.71
33.76,-21.71 34.93,-22.65
34.93,-21.21 42.25,-21.21
34.93,-22.21 52.82,-22.21
16.74,-20.07 10.5,-20.07
14.19,-20.96 10.5,-20.96
10.5,-21.46 10.5,-19.57
9.34,-20.51 6.73,-20.51
10.5,-19.57 9.34,-20.51
9.34,-20.51 10.5,-21.46
17.91,-21.01 17.91,-19.12
17.91,-19.12 16.74,-20.07
16.74,-20.07 17.91,-21.01
14.19,-20.96 14.19,-21.71
14.19,-21.71 33.76,-21.71
17.91,-19.57 21.09,-19.57
17.91,-20.07 17.91,-20.57
17.91,-20.57 31.68,-20.57
