21.09,-13.3 21.09,-19.26
21.09,-19.26 13.84,-19.26
24.26,-20.15 13.84,-20.15
31.68,-13.3 31.68,-19.65
13.84,-20.65 13.84,-18.76
12.67,-19.7 7.45,-19.7
13.84,-18.76 12.67,-19.7
12.67,-19.7 13.84,-20.65
42.25,-13.3 42.25,-20.65
25.42,-21.09 25.42,-19.2
25.42,-19.2 24.25,-20.14
24.25,-20.14 25.42,-21.09
25.42,-19.65 31.68,-19.65
25.42,-20.65 42.25,-20.65
14.5,-12.63 21.44,-13.5
22.31,-12.45 22.6,-12.49
21.62,-13.06 22.59,-12.2
14.51,-6.42 14.5,-6.59
15.42,-5.61 14.51,-6.41
22.71,-6.2 21.88,-6.09
18.74,-5.7 18.51,-5.67
21.84,-7.61 22.59,-6.95
14.5,-6.61 14.5,-12.63
14.75,-12.61 14.75,-12.38
21.62,-8.39 21.84,-7.61
21.62,-13.34 21.62,-8.39
21.25,-13.2 21.25,-13.43
22.7,-12.4 22.69,-6.22
14.63,-9.4 19.49,-10.01
14.62,-6.65 14.62,-9.39
14.62,-12.31 21.3,-13.15
14.62,-9.52 14.62,-12.31
21.62,-12.97 22.46,-12.19
20.53,-13.29 15.43,-12.65
20.53,-13.29 20.62,-13.36
20.62,-13.36 21.3,-13.45
21.3,-13.45 21.3,-13.49
14.65,-12.64 14.65,-12.61
14.65,-12.61 15.34,-12.69
15.42,-12.58 14.99,-12.53
21.19,-13.31 20.76,-13.26
22.71,-6.2 21.48,-7.29
18.65,-6.94 14.52,-6.42
21.48,-7.49 14.5,-6.61
21.84,-7.6 21.84,-7.16
22.69,-6.4 21.48,-7.48
21.48,-7.29 21.48,-13.47
17.98,-6.85 17.98,-7.05
21.62,-13.34 21.44,-13.5
22.6,-12.49 22.7,-12.4
22.6,-12.14 22.6,-12.49
22.6,-6.49 22.6,-12.14
22.46,-12.19 22.46,-7.06
21.3,-13.15 21.3,-7.5
14.63,-6.66 21.3,-7.5
18.49,-7.11 18.49,-7.11
14.63,-9.52 19.49,-10.14
16.14,-12.5 16.14,-11.54
14.75,-12.38 21.25,-13.2
15.77,-12 15.77,-12.37
16.07,-12.04 15.77,-12
16.07,-12.41 16.07,-12.04
15.77,-12.37 16.07,-12.41
15.71,-12.37 15.71,-11.99
15.15,-12.3 15.71,-12.37
15.15,-11.92 15.15,-12.3
15.71,-11.99 15.15,-11.92
18.49,-7.11 18.49,-7.11
15.34,-12.69 15.43,-12.65
14.99,-12.53 14.99,-12.41
15.42,-12.58 15.42,-12.47
20.76,-13.26 20.76,-13.14
21.19,-13.31 21.19,-13.19
18.66,-5 18.66,-4.89
15.27,-4.89 15.27,-5
18.52,-5.85 18.51,-5.39
15.42,-5.39 15.42,-5.85
15.32,-4.76 15.55,-4.58
15.55,-4.58 15.58,-4.57
15.58,-4.57 15.61,-4.55
15.61,-4.55 15.94,-4.44
15.94,-4.44 16.21,-4.38
16.21,-4.38 16.74,-4.33
16.74,-4.33 17.22,-4.33
17.22,-4.33 17.63,-4.37
17.63,-4.37 18.11,-4.47
18.11,-4.47 18.15,-4.48
18.15,-4.48 18.19,-4.5
18.19,-4.5 18.57,-4.7
18.57,-4.7 18.58,-4.72
18.58,-4.72 18.6,-4.74
18.6,-4.74 18.66,-4.86
18.66,-4.86 18.66,-4.89
18.66,-4.89 18.66,-4.91
18.66,-4.91 18.66,-4.93
18.66,-4.93 18.65,-4.94
18.65,-4.94 18.65,-4.96
18.65,-4.96 18.5,-5.13
18.5,-5.13 18.48,-5.14
18.48,-5.14 18.45,-5.16
18.45,-5.16 17.89,-5.36
17.89,-5.36 17.41,-5.43
17.41,-5.43 17.15,-5.45
17.15,-5.45 16.53,-5.43
16.53,-5.43 16.48,-5.43
16.48,-5.43 16.14,-5.38
16.14,-5.38 15.81,-5.3
15.81,-5.3 15.54,-5.19
15.54,-5.19 15.51,-5.18
15.51,-5.18 15.36,-5.07
15.36,-5.07 15.34,-5.05
15.34,-5.05 15.33,-5.03
15.33,-5.03 15.32,-5.02
15.32,-5.02 15.28,-4.93
15.28,-4.93 15.27,-4.91
15.27,-4.91 15.27,-4.89
15.27,-4.89 15.27,-4.88
15.27,-4.88 15.28,-4.82
15.28,-4.82 15.29,-4.81
15.29,-4.81 15.3,-4.79
15.3,-4.79 15.31,-4.77
15.31,-4.77 15.32,-4.76
15.27,-5 15.27,-5.01
15.27,-5.01 15.27,-5.02
18.42,-5.49 18.13,-5.63
18.13,-5.63 18.09,-5.65
18.09,-5.65 17.77,-5.73
17.77,-5.73 17.35,-5.79
17.35,-5.79 17,-5.8
17,-5.8 16.95,-5.8
16.95,-5.8 16.9,-5.8
16.9,-5.8 16.85,-5.8
16.85,-5.8 16.7,-5.79
16.7,-5.79 16.22,-5.74
16.22,-5.74 15.89,-5.66
15.89,-5.66 15.56,-5.55
18.51,-5.77 18.63,-5.85
18.63,-5.85 18.7,-5.94
18.7,-5.94 18.73,-6.04
18.73,-6.04 18.71,-6.13
18.71,-6.13 18.38,-6.39
18.38,-6.39 17.96,-6.53
17.96,-6.53 17.32,-6.62
17.32,-6.62 17.27,-6.62
17.27,-6.62 16.63,-6.62
16.63,-6.62 16.12,-6.56
16.65,-6.36 17.05,-6.37
17.05,-6.37 17.59,-6.33
17.59,-6.33 18.18,-6.17
18.18,-6.17 18.3,-6.12
18.3,-6.12 18.48,-5.96
18.48,-5.96 18.51,-5.88
18.51,-5.88 18.52,-5.85
15.42,-5.85 15.42,-5.86
15.42,-5.86 15.42,-5.88
15.42,-5.88 15.42,-5.89
15.42,-5.89 15.49,-6.01
15.49,-6.01 15.58,-6.09
15.58,-6.09 15.61,-6.1
15.61,-6.1 15.63,-6.11
15.63,-6.11 15.88,-6.22
15.88,-6.22 16.2,-6.3
16.2,-6.3 16.24,-6.31
16.24,-6.31 16.29,-6.32
16.29,-6.32 16.65,-6.36
16.12,-6.56 15.78,-6.48
15.78,-6.48 15.5,-6.37
15.5,-6.37 15.31,-6.24
15.31,-6.24 15.22,-6.12
15.22,-6.12 15.22,-6.1
15.22,-6.1 15.21,-6.08
15.21,-6.08 15.21,-6.05
15.21,-6.05 15.25,-5.92
15.25,-5.92 15.26,-5.91
15.26,-5.91 15.27,-5.89
15.27,-5.89 15.42,-5.77
15.42,-5.39 15.56,-5.55
18.42,-5.49 18.51,-5.39
15.27,-5.02 15.42,-5.39
18.66,-5 18.51,-5.39
14.62,-11.35 16.14,-11.54
18.65,-6.94 21.48,-7.29
22.03,-5.42 22.03,-5.31
18.64,-5.31 18.64,-5.42
21.88,-6.27 21.88,-5.82
18.79,-5.81 18.79,-6.27
18.69,-5.18 18.92,-5
18.92,-5 18.95,-4.99
18.95,-4.99 18.98,-4.97
18.98,-4.97 19.31,-4.86
19.31,-4.86 19.57,-4.81
19.57,-4.81 20.11,-4.75
20.11,-4.75 20.59,-4.75
20.59,-4.75 21,-4.79
21,-4.79 21.48,-4.89
21.48,-4.89 21.52,-4.91
21.52,-4.91 21.55,-4.92
21.55,-4.92 21.94,-5.13
21.94,-5.13 21.95,-5.14
21.95,-5.14 21.97,-5.16
21.97,-5.16 22.03,-5.28
22.03,-5.28 22.03,-5.31
22.03,-5.31 22.03,-5.33
22.03,-5.33 22.03,-5.35
22.03,-5.35 22.02,-5.37
22.02,-5.37 22.02,-5.38
22.02,-5.38 21.87,-5.55
21.87,-5.55 21.85,-5.57
21.85,-5.57 21.82,-5.58
21.82,-5.58 21.26,-5.79
21.26,-5.79 20.78,-5.86
20.78,-5.86 20.52,-5.87
20.52,-5.87 19.9,-5.86
19.9,-5.86 19.85,-5.85
19.85,-5.85 19.51,-5.8
19.51,-5.8 19.17,-5.72
19.17,-5.72 18.91,-5.61
18.91,-5.61 18.88,-5.6
18.88,-5.6 18.73,-5.49
18.73,-5.49 18.71,-5.47
18.71,-5.47 18.7,-5.46
18.7,-5.46 18.69,-5.44
18.69,-5.44 18.65,-5.35
18.65,-5.35 18.64,-5.33
18.64,-5.33 18.64,-5.32
18.64,-5.32 18.64,-5.3
18.64,-5.3 18.65,-5.25
18.65,-5.25 18.66,-5.23
18.66,-5.23 18.67,-5.21
18.67,-5.21 18.68,-5.2
18.68,-5.2 18.69,-5.18
18.64,-5.42 18.64,-5.43
18.64,-5.43 18.64,-5.45
21.79,-5.91 21.5,-6.06
21.5,-6.06 21.46,-6.07
21.46,-6.07 21.14,-6.15
21.14,-6.15 20.72,-6.21
20.72,-6.21 20.37,-6.23
20.37,-6.23 20.32,-6.23
20.32,-6.23 20.27,-6.22
20.27,-6.22 20.22,-6.22
20.22,-6.22 20.07,-6.22
20.07,-6.22 19.59,-6.16
19.59,-6.16 19.26,-6.09
19.26,-6.09 18.93,-5.97
21.88,-6.19 22,-6.27
22,-6.27 22.06,-6.36
22.06,-6.36 22.1,-6.47
22.1,-6.47 22.08,-6.56
22.08,-6.56 21.75,-6.82
21.75,-6.82 21.33,-6.95
21.33,-6.95 20.69,-7.04
20.69,-7.04 20.64,-7.05
20.64,-7.05 20,-7.04
20,-7.04 19.49,-6.98
20.02,-6.78 20.42,-6.79
20.42,-6.79 20.96,-6.75
20.96,-6.75 21.55,-6.6
21.55,-6.6 21.66,-6.54
21.66,-6.54 21.85,-6.39
21.85,-6.39 21.88,-6.3
21.88,-6.3 21.88,-6.27
18.79,-6.27 18.79,-6.28
18.79,-6.28 18.79,-6.3
18.79,-6.3 18.79,-6.32
18.79,-6.32 18.86,-6.43
18.86,-6.43 18.95,-6.51
18.95,-6.51 18.98,-6.52
18.98,-6.52 19,-6.54
19,-6.54 19.25,-6.64
19.25,-6.64 19.57,-6.72
19.57,-6.72 19.61,-6.73
19.61,-6.73 19.66,-6.74
19.66,-6.74 20.02,-6.78
19.49,-6.98 19.14,-6.9
19.14,-6.9 18.87,-6.79
18.87,-6.79 18.68,-6.66
18.68,-6.66 18.59,-6.54
18.59,-6.54 18.58,-6.52
18.58,-6.52 18.58,-6.51
18.58,-6.51 18.58,-6.47
18.58,-6.47 18.61,-6.35
18.61,-6.35 18.63,-6.33
18.63,-6.33 18.64,-6.31
18.64,-6.31 18.79,-6.19
18.79,-5.81 18.93,-5.97
21.79,-5.91 21.88,-5.81
18.64,-5.45 18.79,-5.81
22.03,-5.42 21.88,-5.81
19.49,-7.27 19.49,-12.92
17.98,-6.85 18.79,-6.09
25.08,-12.63 32.03,-13.5
32.89,-12.45 33.18,-12.49
32.21,-13.06 33.18,-12.2
25.09,-6.42 25.09,-6.59
26,-5.61 25.1,-6.41
33.3,-6.2 32.47,-6.09
29.33,-5.7 29.1,-5.67
32.42,-7.61 33.17,-6.95
25.08,-6.61 25.08,-12.63
25.34,-12.61 25.34,-12.38
32.21,-8.38 32.42,-7.61
32.21,-13.34 32.21,-8.38
31.84,-13.2 31.84,-13.43
33.28,-12.4 33.27,-6.22
25.21,-9.4 30.07,-10.01
25.21,-6.65 25.21,-9.39
25.21,-12.3 31.89,-13.15
25.21,-9.52 25.21,-12.3
32.21,-12.97 33.05,-12.19
31.11,-13.29 26.02,-12.65
31.11,-13.29 31.2,-13.36
31.2,-13.36 31.89,-13.44
31.89,-13.44 31.89,-13.48
25.24,-12.64 25.24,-12.61
25.24,-12.61 25.92,-12.69
26,-12.58 25.58,-12.53
31.77,-13.31 31.35,-13.26
33.3,-6.19 32.06,-7.29
29.23,-6.94 25.1,-6.42
32.06,-7.49 25.08,-6.61
32.43,-7.6 32.43,-7.16
33.27,-6.4 32.06,-7.48
32.06,-7.29 32.06,-13.47
28.56,-6.85 28.56,-7.05
32.21,-13.34 32.03,-13.5
33.18,-12.49 33.28,-12.4
33.18,-12.14 33.18,-12.49
33.18,-6.49 33.18,-12.14
33.05,-12.19 33.05,-7.06
31.89,-13.15 31.89,-7.49
25.21,-6.66 31.89,-7.5
29.08,-7.11 29.08,-7.11
25.21,-9.52 30.07,-10.13
26.72,-12.49 26.72,-11.54
25.34,-12.38 31.84,-13.2
26.35,-12 26.35,-12.37
26.66,-12.04 26.35,-12
26.66,-12.41 26.66,-12.04
26.35,-12.37 26.66,-12.41
26.29,-12.37 26.29,-11.99
25.74,-12.3 26.29,-12.37
25.74,-11.92 25.74,-12.3
26.29,-11.99 25.74,-11.92
29.08,-7.11 29.08,-7.11
25.92,-12.69 26.02,-12.65
25.58,-12.53 25.58,-12.41
26,-12.58 26,-12.46
31.35,-13.26 31.35,-13.14
31.77,-13.31 31.77,-13.19
29.24,-5 29.24,-4.89
25.86,-4.89 25.86,-5
29.1,-5.85 29.09,-5.39
26,-5.39 26,-5.85
25.9,-4.75 26.13,-4.58
26.13,-4.58 26.16,-4.56
26.16,-4.56 26.19,-4.55
26.19,-4.55 26.52,-4.44
26.52,-4.44 26.79,-4.38
26.79,-4.38 27.33,-4.33
27.33,-4.33 27.81,-4.33
27.81,-4.33 28.21,-4.37
28.21,-4.37 28.69,-4.47
28.69,-4.47 28.73,-4.48
28.73,-4.48 28.77,-4.49
28.77,-4.49 29.15,-4.7
29.15,-4.7 29.17,-4.72
29.17,-4.72 29.18,-4.73
29.18,-4.73 29.24,-4.86
29.24,-4.86 29.24,-4.89
29.24,-4.89 29.24,-4.91
29.24,-4.91 29.24,-4.92
29.24,-4.92 29.24,-4.94
29.24,-4.94 29.23,-4.96
29.23,-4.96 29.08,-5.13
29.08,-5.13 29.06,-5.14
29.06,-5.14 29.04,-5.16
29.04,-5.16 28.47,-5.36
28.47,-5.36 27.99,-5.43
27.99,-5.43 27.74,-5.45
27.74,-5.45 27.11,-5.43
27.11,-5.43 27.06,-5.43
27.06,-5.43 26.73,-5.38
26.73,-5.38 26.39,-5.3
26.39,-5.3 26.12,-5.19
26.12,-5.19 26.09,-5.18
26.09,-5.18 25.94,-5.06
25.94,-5.06 25.93,-5.05
25.93,-5.05 25.91,-5.03
25.91,-5.03 25.9,-5.01
25.9,-5.01 25.86,-4.93
25.86,-4.93 25.86,-4.91
25.86,-4.91 25.86,-4.89
25.86,-4.89 25.86,-4.88
25.86,-4.88 25.87,-4.82
25.87,-4.82 25.87,-4.81
25.87,-4.81 25.88,-4.79
25.88,-4.79 25.89,-4.77
25.89,-4.77 25.9,-4.75
25.86,-5 25.86,-5.01
25.86,-5.01 25.86,-5.02
29,-5.49 28.71,-5.63
28.71,-5.63 28.68,-5.64
28.68,-5.64 28.36,-5.73
28.36,-5.73 27.94,-5.78
27.94,-5.78 27.59,-5.8
27.59,-5.8 27.54,-5.8
27.54,-5.8 27.49,-5.8
27.49,-5.8 27.44,-5.8
27.44,-5.8 27.28,-5.79
27.28,-5.79 26.81,-5.74
26.81,-5.74 26.48,-5.66
26.48,-5.66 26.14,-5.55
29.1,-5.76 29.21,-5.85
29.21,-5.85 29.28,-5.94
29.28,-5.94 29.31,-6.04
29.31,-6.04 29.29,-6.13
29.29,-6.13 28.97,-6.39
28.97,-6.39 28.54,-6.53
28.54,-6.53 27.91,-6.62
27.91,-6.62 27.85,-6.62
27.85,-6.62 27.22,-6.62
27.22,-6.62 26.71,-6.56
27.24,-6.36 27.64,-6.37
27.64,-6.37 28.17,-6.32
28.17,-6.32 28.76,-6.17
28.76,-6.17 28.88,-6.12
28.88,-6.12 29.06,-5.96
29.06,-5.96 29.1,-5.88
29.1,-5.88 29.1,-5.85
26,-5.85 26,-5.86
26,-5.86 26,-5.87
26,-5.87 26.01,-5.89
26.01,-5.89 26.07,-6.01
26.07,-6.01 26.17,-6.08
26.17,-6.08 26.19,-6.1
26.19,-6.1 26.22,-6.11
26.22,-6.11 26.46,-6.22
26.46,-6.22 26.78,-6.3
26.78,-6.3 26.83,-6.31
26.83,-6.31 26.87,-6.32
26.87,-6.32 27.24,-6.36
26.71,-6.56 26.36,-6.48
26.36,-6.48 26.08,-6.37
26.08,-6.37 25.89,-6.24
25.89,-6.24 25.8,-6.12
25.8,-6.12 25.8,-6.1
25.8,-6.1 25.79,-6.08
25.79,-6.08 25.79,-6.05
25.79,-6.05 25.83,-5.92
25.83,-5.92 25.84,-5.91
25.84,-5.91 25.85,-5.89
25.85,-5.89 26,-5.76
26,-5.39 26.14,-5.55
29,-5.49 29.1,-5.39
25.86,-5.02 26,-5.39
29.24,-5 29.1,-5.39
25.21,-11.35 26.72,-11.54
29.23,-6.94 32.06,-7.29
32.61,-5.42 32.61,-5.31
29.22,-5.31 29.22,-5.42
32.47,-6.27 32.46,-5.82
29.37,-5.81 29.37,-6.27
29.27,-5.18 29.5,-5
29.5,-5 29.53,-4.99
29.53,-4.99 29.56,-4.97
29.56,-4.97 29.89,-4.86
29.89,-4.86 30.16,-4.81
30.16,-4.81 30.7,-4.75
30.7,-4.75 31.18,-4.75
31.18,-4.75 31.58,-4.79
31.58,-4.79 32.06,-4.89
32.06,-4.89 32.1,-4.91
32.1,-4.91 32.14,-4.92
32.14,-4.92 32.52,-5.12
32.52,-5.12 32.54,-5.14
32.54,-5.14 32.55,-5.16
32.55,-5.16 32.61,-5.28
32.61,-5.28 32.61,-5.31
32.61,-5.31 32.61,-5.33
32.61,-5.33 32.61,-5.35
32.61,-5.35 32.6,-5.37
32.6,-5.37 32.6,-5.38
32.6,-5.38 32.45,-5.55
32.45,-5.55 32.43,-5.57
32.43,-5.57 32.4,-5.58
32.4,-5.58 31.84,-5.78
31.84,-5.78 31.36,-5.85
31.36,-5.85 31.11,-5.87
31.11,-5.87 30.48,-5.86
30.48,-5.86 30.43,-5.85
30.43,-5.85 30.09,-5.8
30.09,-5.8 29.76,-5.72
29.76,-5.72 29.49,-5.61
29.49,-5.61 29.46,-5.6
29.46,-5.6 29.31,-5.49
29.31,-5.49 29.29,-5.47
29.29,-5.47 29.28,-5.45
29.28,-5.45 29.27,-5.44
29.27,-5.44 29.23,-5.35
29.23,-5.35 29.23,-5.33
29.23,-5.33 29.22,-5.32
29.22,-5.32 29.23,-5.3
29.23,-5.3 29.24,-5.25
29.24,-5.25 29.24,-5.23
29.24,-5.23 29.25,-5.21
29.25,-5.21 29.26,-5.19
29.26,-5.19 29.27,-5.18
29.22,-5.42 29.22,-5.43
29.22,-5.43 29.23,-5.44
32.37,-5.91 32.08,-6.05
32.08,-6.05 32.04,-6.07
32.04,-6.07 31.73,-6.15
31.73,-6.15 31.31,-6.21
31.31,-6.21 30.96,-6.22
30.96,-6.22 30.9,-6.22
30.9,-6.22 30.85,-6.22
30.85,-6.22 30.8,-6.22
30.8,-6.22 30.65,-6.22
30.65,-6.22 30.18,-6.16
30.18,-6.16 29.85,-6.08
29.85,-6.08 29.51,-5.97
32.47,-6.19 32.58,-6.27
32.58,-6.27 32.65,-6.36
32.65,-6.36 32.68,-6.46
32.68,-6.46 32.66,-6.55
32.66,-6.55 32.33,-6.82
32.33,-6.82 31.91,-6.95
31.91,-6.95 31.28,-7.04
31.28,-7.04 31.22,-7.04
31.22,-7.04 30.58,-7.04
30.58,-7.04 30.07,-6.98
30.61,-6.78 31.01,-6.79
31.01,-6.79 31.54,-6.75
31.54,-6.75 32.13,-6.6
32.13,-6.6 32.25,-6.54
32.25,-6.54 32.43,-6.38
32.43,-6.38 32.47,-6.3
32.47,-6.3 32.47,-6.27
29.37,-6.27 29.37,-6.28
29.37,-6.28 29.37,-6.3
29.37,-6.3 29.37,-6.31
29.37,-6.31 29.44,-6.43
29.44,-6.43 29.54,-6.51
29.54,-6.51 29.56,-6.52
29.56,-6.52 29.58,-6.54
29.58,-6.54 29.83,-6.64
29.83,-6.64 30.15,-6.72
30.15,-6.72 30.19,-6.73
30.19,-6.73 30.24,-6.74
30.24,-6.74 30.61,-6.78
30.07,-6.98 29.73,-6.9
29.73,-6.9 29.45,-6.79
29.45,-6.79 29.26,-6.66
29.26,-6.66 29.17,-6.54
29.17,-6.54 29.17,-6.52
29.17,-6.52 29.16,-6.51
29.16,-6.51 29.16,-6.47
29.16,-6.47 29.2,-6.35
29.2,-6.35 29.21,-6.33
29.21,-6.33 29.22,-6.31
29.22,-6.31 29.37,-6.19
29.37,-5.81 29.51,-5.97
32.37,-5.91 32.46,-5.81
29.23,-5.44 29.37,-5.81
32.61,-5.42 32.46,-5.81
30.07,-7.27 30.07,-12.92
28.56,-6.85 29.37,-6.08
35.67,-12.63 42.61,-13.5
43.47,-12.45 43.76,-12.49
42.79,-13.06 43.76,-12.2
35.67,-6.42 35.67,-6.59
36.59,-5.61 35.68,-6.41
43.88,-6.2 43.05,-6.09
39.91,-5.7 39.68,-5.67
43,-7.61 43.76,-6.95
35.67,-6.61 35.67,-12.63
35.92,-12.61 35.92,-12.38
42.79,-8.38 43,-7.61
42.79,-13.34 42.79,-8.38
42.42,-13.2 42.42,-13.43
43.86,-12.4 43.86,-6.22
35.8,-9.4 40.66,-10.01
35.79,-6.65 35.79,-9.39
35.79,-12.31 42.47,-13.15
35.79,-9.52 35.79,-12.31
42.79,-12.97 43.63,-12.19
41.69,-13.29 36.6,-12.65
41.69,-13.29 41.79,-13.36
41.79,-13.36 42.47,-13.45
42.47,-13.45 42.47,-13.49
35.82,-12.64 35.82,-12.61
35.82,-12.61 36.51,-12.69
36.58,-12.58 36.16,-12.53
42.36,-13.31 41.93,-13.26
43.88,-6.2 42.64,-7.29
39.81,-6.94 35.68,-6.42
42.64,-7.49 35.67,-6.61
43.01,-7.6 43.01,-7.16
43.86,-6.4 42.65,-7.48
42.64,-7.29 42.65,-13.47
39.14,-6.85 39.14,-7.05
42.79,-13.34 42.61,-13.5
43.76,-12.49 43.86,-12.4
43.76,-12.14 43.76,-12.49
43.76,-6.49 43.76,-12.14
43.63,-12.19 43.63,-7.06
42.47,-13.15 42.47,-7.5
35.8,-6.66 42.47,-7.5
39.66,-7.11 39.66,-7.11
35.8,-9.52 40.66,-10.14
37.3,-12.5 37.3,-11.54
35.92,-12.38 42.42,-13.2
36.94,-12 36.94,-12.37
37.24,-12.04 36.94,-12
37.24,-12.41 37.24,-12.04
36.94,-12.37 37.24,-12.41
36.88,-12.37 36.88,-11.99
36.32,-12.3 36.88,-12.37
36.32,-11.92 36.32,-12.3
36.88,-11.99 36.32,-11.92
39.66,-7.11 39.66,-7.11
36.51,-12.69 36.6,-12.65
36.16,-12.53 36.16,-12.41
36.58,-12.58 36.58,-12.47
41.93,-13.26 41.93,-13.14
42.36,-13.31 42.36,-13.19
39.83,-5 39.83,-4.89
36.44,-4.89 36.44,-5
39.68,-5.85 39.68,-5.39
36.59,-5.39 36.59,-5.85
36.49,-4.76 36.72,-4.58
36.72,-4.58 36.74,-4.57
36.74,-4.57 36.78,-4.55
36.78,-4.55 37.11,-4.44
37.11,-4.44 37.37,-4.38
37.37,-4.38 37.91,-4.33
37.91,-4.33 38.39,-4.33
38.39,-4.33 38.79,-4.37
38.79,-4.37 39.28,-4.47
39.28,-4.47 39.32,-4.48
39.32,-4.48 39.35,-4.5
39.35,-4.5 39.73,-4.7
39.73,-4.7 39.75,-4.72
39.75,-4.72 39.77,-4.74
39.77,-4.74 39.83,-4.86
39.83,-4.86 39.83,-4.89
39.83,-4.89 39.83,-4.91
39.83,-4.91 39.82,-4.93
39.82,-4.93 39.82,-4.94
39.82,-4.94 39.81,-4.96
39.81,-4.96 39.67,-5.13
39.67,-5.13 39.64,-5.14
39.64,-5.14 39.62,-5.16
39.62,-5.16 39.06,-5.36
39.06,-5.36 38.58,-5.43
38.58,-5.43 38.32,-5.45
38.32,-5.45 37.7,-5.43
37.7,-5.43 37.65,-5.43
37.65,-5.43 37.31,-5.38
37.31,-5.38 36.97,-5.3
36.97,-5.3 36.71,-5.19
36.71,-5.19 36.68,-5.18
36.68,-5.18 36.53,-5.07
36.53,-5.07 36.51,-5.05
36.51,-5.05 36.5,-5.03
36.5,-5.03 36.48,-5.02
36.48,-5.02 36.44,-4.93
36.44,-4.93 36.44,-4.91
36.44,-4.91 36.44,-4.89
36.44,-4.89 36.44,-4.88
36.44,-4.88 36.45,-4.82
36.45,-4.82 36.46,-4.81
36.46,-4.81 36.47,-4.79
36.47,-4.79 36.48,-4.77
36.48,-4.77 36.49,-4.76
36.44,-5 36.44,-5.01
36.44,-5.01 36.44,-5.02
39.59,-5.49 39.3,-5.63
39.3,-5.63 39.26,-5.65
39.26,-5.65 38.94,-5.73
38.94,-5.73 38.52,-5.79
38.52,-5.79 38.17,-5.8
38.17,-5.8 38.12,-5.8
38.12,-5.8 38.07,-5.8
38.07,-5.8 38.02,-5.8
38.02,-5.8 37.87,-5.79
37.87,-5.79 37.39,-5.74
37.39,-5.74 37.06,-5.66
37.06,-5.66 36.73,-5.55
39.68,-5.77 39.79,-5.85
39.79,-5.85 39.86,-5.94
39.86,-5.94 39.89,-6.04
39.89,-6.04 39.87,-6.13
39.87,-6.13 39.55,-6.39
39.55,-6.39 39.13,-6.53
39.13,-6.53 38.49,-6.62
38.49,-6.62 38.44,-6.62
38.44,-6.62 37.8,-6.62
37.8,-6.62 37.29,-6.56
37.82,-6.36 38.22,-6.37
38.22,-6.37 38.76,-6.33
38.76,-6.33 39.35,-6.17
39.35,-6.17 39.46,-6.12
39.46,-6.12 39.65,-5.96
39.65,-5.96 39.68,-5.88
39.68,-5.88 39.68,-5.85
36.59,-5.85 36.59,-5.86
36.59,-5.86 36.59,-5.88
36.59,-5.88 36.59,-5.89
36.59,-5.89 36.66,-6.01
36.66,-6.01 36.75,-6.09
36.75,-6.09 36.77,-6.1
36.77,-6.1 36.8,-6.11
36.8,-6.11 37.05,-6.22
37.05,-6.22 37.37,-6.3
37.37,-6.3 37.41,-6.31
37.41,-6.31 37.45,-6.32
37.45,-6.32 37.82,-6.36
37.29,-6.56 36.94,-6.48
36.94,-6.48 36.67,-6.37
36.67,-6.37 36.47,-6.24
36.47,-6.24 36.39,-6.12
36.39,-6.12 36.38,-6.1
36.38,-6.1 36.38,-6.08
36.38,-6.08 36.37,-6.05
36.37,-6.05 36.41,-5.92
36.41,-5.92 36.42,-5.91
36.42,-5.91 36.44,-5.89
36.44,-5.89 36.59,-5.77
36.59,-5.39 36.73,-5.55
39.59,-5.49 39.68,-5.39
36.44,-5.02 36.59,-5.39
39.83,-5 39.68,-5.39
35.79,-11.35 37.3,-11.54
39.81,-6.94 42.64,-7.29
43.2,-5.42 43.2,-5.31
39.81,-5.31 39.81,-5.42
43.05,-6.27 43.05,-5.82
39.96,-5.81 39.95,-6.27
39.86,-5.18 40.08,-5
40.08,-5 40.11,-4.99
40.11,-4.99 40.14,-4.97
40.14,-4.97 40.47,-4.86
40.47,-4.86 40.74,-4.81
40.74,-4.81 41.28,-4.75
41.28,-4.75 41.76,-4.75
41.76,-4.75 42.16,-4.79
42.16,-4.79 42.65,-4.89
42.65,-4.89 42.68,-4.91
42.68,-4.91 42.72,-4.92
42.72,-4.92 43.1,-5.13
43.1,-5.13 43.12,-5.14
43.12,-5.14 43.13,-5.16
43.13,-5.16 43.19,-5.28
43.19,-5.28 43.2,-5.31
43.2,-5.31 43.2,-5.33
43.2,-5.33 43.19,-5.35
43.19,-5.35 43.19,-5.37
43.19,-5.37 43.18,-5.38
43.18,-5.38 43.04,-5.55
43.04,-5.55 43.01,-5.57
43.01,-5.57 42.99,-5.58
42.99,-5.58 42.42,-5.79
42.42,-5.79 41.95,-5.86
41.95,-5.86 41.69,-5.87
41.69,-5.87 41.07,-5.86
41.07,-5.86 41.02,-5.85
41.02,-5.85 40.68,-5.8
40.68,-5.8 40.34,-5.72
40.34,-5.72 40.07,-5.61
40.07,-5.61 40.05,-5.6
40.05,-5.6 39.89,-5.49
39.89,-5.49 39.88,-5.47
39.88,-5.47 39.86,-5.46
39.86,-5.46 39.85,-5.44
39.85,-5.44 39.81,-5.35
39.81,-5.35 39.81,-5.33
39.81,-5.33 39.81,-5.32
39.81,-5.32 39.81,-5.3
39.81,-5.3 39.82,-5.25
39.82,-5.25 39.83,-5.23
39.83,-5.23 39.83,-5.21
39.83,-5.21 39.84,-5.2
39.84,-5.2 39.86,-5.18
39.81,-5.42 39.81,-5.43
39.81,-5.43 39.81,-5.45
42.95,-5.91 42.66,-6.06
42.66,-6.06 42.63,-6.07
42.63,-6.07 42.31,-6.15
42.31,-6.15 41.89,-6.21
41.89,-6.21 41.54,-6.23
41.54,-6.23 41.49,-6.23
41.49,-6.23 41.44,-6.22
41.44,-6.22 41.39,-6.22
41.39,-6.22 41.24,-6.22
41.24,-6.22 40.76,-6.16
40.76,-6.16 40.43,-6.09
40.43,-6.09 40.1,-5.97
43.05,-6.19 43.16,-6.27
43.16,-6.27 43.23,-6.36
43.23,-6.36 43.26,-6.47
43.26,-6.47 43.24,-6.56
43.24,-6.56 42.92,-6.82
42.92,-6.82 42.5,-6.95
42.5,-6.95 41.86,-7.04
41.86,-7.04 41.81,-7.05
41.81,-7.05 41.17,-7.04
41.17,-7.04 40.66,-6.98
41.19,-6.78 41.59,-6.79
41.59,-6.79 42.13,-6.75
42.13,-6.75 42.72,-6.6
42.72,-6.6 42.83,-6.54
42.83,-6.54 43.02,-6.39
43.02,-6.39 43.05,-6.3
43.05,-6.3 43.05,-6.27
39.95,-6.27 39.95,-6.28
39.95,-6.28 39.96,-6.3
39.96,-6.3 39.96,-6.32
39.96,-6.32 40.02,-6.43
40.02,-6.43 40.12,-6.51
40.12,-6.51 40.14,-6.52
40.14,-6.52 40.17,-6.54
40.17,-6.54 40.41,-6.64
40.41,-6.64 40.73,-6.72
40.73,-6.72 40.78,-6.73
40.78,-6.73 40.82,-6.74
40.82,-6.74 41.19,-6.78
40.66,-6.98 40.31,-6.9
40.31,-6.9 40.03,-6.79
40.03,-6.79 39.84,-6.66
39.84,-6.66 39.76,-6.54
39.76,-6.54 39.75,-6.52
39.75,-6.52 39.75,-6.51
39.75,-6.51 39.74,-6.47
39.74,-6.47 39.78,-6.35
39.78,-6.35 39.79,-6.33
39.79,-6.33 39.81,-6.31
39.81,-6.31 39.96,-6.19
39.96,-5.81 40.1,-5.97
42.95,-5.91 43.05,-5.81
39.81,-5.45 39.96,-5.81
43.2,-5.42 43.05,-5.81
40.66,-7.27 40.66,-12.92
39.14,-6.85 39.95,-6.09
