19.49,-10.92 19.49,-15.77
19.49,-15.77 12.24,-15.77
30.08,-16.66 12.24,-16.66
30.08,-10.92 30.08,-16.66
12.24,-17.16 12.24,-15.27
11.07,-16.21 5.85,-16.21
12.24,-15.27 11.07,-16.21
11.07,-16.21 12.24,-17.16
13.5,-10.33 19.81,-11.12
20.68,-10.07 20.96,-10.11
19.99,-10.68 20.96,-9.82
13.5,-4.12 13.5,-4.29
14.1,-3.59 13.51,-4.11
21.08,-3.82 20.45,-3.74
20.21,-5.23 20.96,-4.57
13.5,-4.31 13.5,-10.33
13.75,-10.31 13.75,-10.08
19.99,-6.01 20.21,-5.23
19.99,-10.97 19.99,-6.01
19.66,-10.82 19.66,-11.05
21.07,-10.02 21.06,-3.84
13.63,-7.1 19.67,-7.86
13.62,-4.35 13.62,-7.09
13.62,-10.01 19.67,-10.77
13.62,-7.22 13.62,-10.01
19.99,-10.59 20.83,-9.81
18.93,-10.92 14.43,-10.35
18.93,-10.92 19.03,-10.99
19.03,-10.99 19.71,-11.07
19.71,-11.07 19.71,-11.11
13.65,-10.34 13.65,-10.31
13.65,-10.31 14.34,-10.39
14.41,-10.28 13.99,-10.23
19.6,-10.94 19.17,-10.88
21.08,-3.82 19.84,-4.91
17.64,-4.64 13.51,-4.12
19.84,-5.11 13.5,-4.31
20.21,-5.22 20.21,-4.78
21.06,-4.02 19.85,-5.1
19.84,-4.91 19.85,-11.09
16.64,-4.51 16.64,-4.71
19.99,-10.97 19.81,-11.12
20.96,-10.11 21.07,-10.02
20.96,-9.76 20.96,-10.11
20.96,-4.11 20.96,-9.76
20.83,-9.81 20.83,-4.68
19.67,-7.86 19.67,-5.12
13.63,-4.36 19.67,-5.12
17.49,-4.81 17.49,-4.81
19.67,-10.77 19.67,-7.98
13.63,-7.22 19.67,-7.99
15.13,-10.2 15.13,-9.24
13.75,-10.08 19.66,-10.82
14.77,-9.7 14.77,-10.07
15.07,-9.74 14.77,-9.7
15.07,-10.11 15.07,-9.74
14.77,-10.07 15.07,-10.11
14.7,-10.07 14.7,-9.69
14.14,-10 14.7,-10.07
14.14,-9.62 14.14,-10
14.7,-9.69 14.14,-9.62
17.49,-4.81 17.49,-4.81
14.34,-10.39 14.43,-10.35
13.99,-10.23 13.99,-10.11
14.41,-10.28 14.41,-10.17
19.17,-10.88 19.17,-10.77
19.6,-10.94 19.6,-10.82
14.1,-2.59 14.1,-2.7
17.34,-3.55 17.34,-3.43
14.25,-3.09 14.25,-3.55
14.15,-2.46 14.38,-2.28
14.38,-2.28 14.41,-2.27
14.41,-2.27 14.44,-2.25
14.44,-2.25 14.77,-2.14
14.77,-2.14 15.03,-2.08
15.03,-2.08 15.57,-2.03
15.57,-2.03 16.05,-2.03
16.05,-2.03 16.46,-2.07
16.46,-2.07 16.94,-2.17
16.94,-2.17 16.98,-2.18
16.98,-2.18 17.01,-2.2
17.01,-2.2 17.4,-2.4
17.4,-2.4 17.41,-2.42
17.41,-2.42 17.43,-2.44
17.43,-2.44 17.49,-2.56
17.49,-2.56 17.49,-2.59
17.49,-2.59 17.49,-2.61
17.49,-2.61 17.49,-2.63
17.49,-2.63 17.49,-2.63
17.2,-2.89 16.72,-3.06
16.72,-3.06 16.24,-3.13
16.24,-3.13 15.98,-3.15
15.98,-3.15 15.36,-3.13
15.36,-3.13 15.31,-3.13
15.31,-3.13 14.97,-3.08
14.97,-3.08 14.63,-3
14.63,-3 14.37,-2.89
14.37,-2.89 14.34,-2.88
14.34,-2.88 14.19,-2.77
14.19,-2.77 14.17,-2.75
14.17,-2.75 14.16,-2.73
14.16,-2.73 14.14,-2.72
14.14,-2.72 14.11,-2.63
14.11,-2.63 14.1,-2.61
14.1,-2.61 14.1,-2.59
14.1,-2.59 14.1,-2.58
14.1,-2.58 14.11,-2.52
14.11,-2.52 14.12,-2.51
14.12,-2.51 14.13,-2.49
14.13,-2.49 14.14,-2.47
14.14,-2.47 14.15,-2.46
14.1,-2.7 14.1,-2.71
14.1,-2.71 14.1,-2.72
17.25,-3.19 16.96,-3.33
16.96,-3.33 16.92,-3.35
16.92,-3.35 16.6,-3.43
16.6,-3.43 16.18,-3.49
16.18,-3.49 15.83,-3.5
15.83,-3.5 15.78,-3.5
15.78,-3.5 15.73,-3.5
15.73,-3.5 15.68,-3.5
15.68,-3.5 15.53,-3.5
15.53,-3.5 15.05,-3.44
15.05,-3.44 14.72,-3.36
14.72,-3.36 14.39,-3.25
17.14,-4.12 16.79,-4.23
16.79,-4.23 16.15,-4.32
16.15,-4.32 16.1,-4.32
16.1,-4.32 15.46,-4.32
15.46,-4.32 14.95,-4.26
15.48,-4.06 15.88,-4.07
15.88,-4.07 16.42,-4.03
16.42,-4.03 17.01,-3.87
17.01,-3.87 17.12,-3.82
17.12,-3.82 17.31,-3.66
17.31,-3.66 17.34,-3.58
17.34,-3.58 17.34,-3.55
14.25,-3.55 14.25,-3.56
14.25,-3.56 14.25,-3.58
14.25,-3.58 14.25,-3.59
14.25,-3.59 14.32,-3.71
14.32,-3.71 14.41,-3.79
14.41,-3.79 14.44,-3.8
14.44,-3.8 14.46,-3.82
14.46,-3.82 14.71,-3.92
14.71,-3.92 15.03,-4
15.03,-4 15.07,-4.01
15.07,-4.01 15.12,-4.02
15.12,-4.02 15.48,-4.06
14.95,-4.26 14.6,-4.18
14.6,-4.18 14.33,-4.07
14.33,-4.07 14.14,-3.94
14.14,-3.94 14.05,-3.82
14.05,-3.82 14.04,-3.8
14.04,-3.8 14.04,-3.78
14.04,-3.78 14.04,-3.75
14.04,-3.75 14.07,-3.62
14.07,-3.62 14.09,-3.61
14.09,-3.61 14.1,-3.59
14.1,-3.59 14.25,-3.47
14.25,-3.09 14.39,-3.25
14.1,-2.72 14.25,-3.09
13.62,-9.05 15.13,-9.24
17.64,-4.64 19.84,-4.91
20.59,-3.07 20.59,-2.95
17.21,-2.95 17.21,-3.07
20.45,-3.91 20.44,-3.46
17.35,-3.46 17.35,-3.91
17.51,-2.63 17.54,-2.62
17.54,-2.62 17.87,-2.5
17.87,-2.5 18.14,-2.45
18.14,-2.45 18.68,-2.39
18.68,-2.39 19.16,-2.4
19.16,-2.4 19.56,-2.43
19.56,-2.43 20.04,-2.54
20.04,-2.54 20.08,-2.55
20.08,-2.55 20.12,-2.56
20.12,-2.56 20.5,-2.77
20.5,-2.77 20.52,-2.78
20.52,-2.78 20.53,-2.8
20.53,-2.8 20.59,-2.92
20.59,-2.92 20.59,-2.96
20.59,-2.96 20.59,-2.97
20.59,-2.97 20.59,-2.99
20.59,-2.99 20.59,-3.01
20.59,-3.01 20.58,-3.03
20.58,-3.03 20.43,-3.19
20.43,-3.19 20.41,-3.21
20.41,-3.21 20.39,-3.22
20.39,-3.22 19.82,-3.43
19.82,-3.43 19.34,-3.5
19.34,-3.5 19.09,-3.51
19.09,-3.51 18.46,-3.5
18.46,-3.5 18.41,-3.49
18.41,-3.49 18.08,-3.45
18.08,-3.45 17.74,-3.36
17.74,-3.36 17.47,-3.26
17.47,-3.26 17.44,-3.24
17.44,-3.24 17.29,-3.13
17.29,-3.13 17.28,-3.11
17.28,-3.11 17.26,-3.1
17.26,-3.1 17.25,-3.08
17.25,-3.08 17.21,-2.99
17.21,-2.99 17.21,-2.98
17.21,-2.98 17.21,-2.96
17.21,-2.96 17.21,-2.94
17.21,-2.94 17.22,-2.9
17.21,-3.07 17.21,-3.07
17.21,-3.07 17.21,-3.09
20.35,-3.56 20.06,-3.7
20.06,-3.7 20.03,-3.71
20.03,-3.71 19.71,-3.79
19.71,-3.79 19.29,-3.85
19.29,-3.85 18.94,-3.87
18.94,-3.87 18.89,-3.87
18.89,-3.87 18.84,-3.87
18.84,-3.87 18.79,-3.87
18.79,-3.87 18.63,-3.86
18.63,-3.86 18.16,-3.81
18.16,-3.81 17.83,-3.73
17.83,-3.73 17.49,-3.61
20.45,-3.83 20.56,-3.92
20.56,-3.92 20.63,-4
20.63,-4 20.66,-4.11
20.66,-4.11 20.64,-4.2
20.64,-4.2 20.32,-4.46
20.32,-4.46 19.89,-4.59
19.89,-4.59 19.26,-4.69
19.26,-4.69 19.2,-4.69
19.2,-4.69 18.57,-4.69
18.57,-4.69 18.06,-4.63
18.59,-4.42 18.99,-4.43
18.99,-4.43 19.52,-4.39
19.52,-4.39 20.11,-4.24
20.11,-4.24 20.23,-4.18
20.23,-4.18 20.41,-4.03
20.41,-4.03 20.45,-3.95
20.45,-3.95 20.45,-3.91
17.35,-3.91 17.35,-3.92
17.35,-3.92 17.35,-3.94
17.35,-3.94 17.36,-3.96
17.36,-3.96 17.42,-4.07
17.42,-4.07 17.52,-4.15
17.52,-4.15 17.54,-4.17
17.54,-4.17 17.57,-4.18
17.57,-4.18 17.81,-4.29
17.81,-4.29 18.13,-4.37
18.13,-4.37 18.18,-4.37
18.18,-4.37 18.22,-4.38
18.22,-4.38 18.59,-4.42
18.06,-4.63 17.71,-4.54
17.71,-4.54 17.43,-4.43
17.43,-4.43 17.24,-4.31
17.24,-4.31 17.15,-4.18
17.15,-4.18 17.15,-4.17
17.15,-4.17 17.14,-4.15
17.14,-4.15 17.14,-4.11
17.14,-4.11 17.18,-3.99
17.18,-3.99 17.19,-3.97
17.19,-3.97 17.2,-3.95
17.2,-3.95 17.35,-3.83
17.35,-3.46 17.49,-3.61
20.35,-3.56 20.45,-3.46
17.21,-3.09 17.35,-3.46
20.59,-3.07 20.45,-3.46
17.49,-2.63 17.2,-2.89
17.51,-2.63 17.22,-2.9
17.49,-2.63 17.49,-2.65
16.64,-4.51 17.14,-4.11
24.09,-10.33 30.41,-11.12
31.27,-10.07 31.56,-10.11
30.59,-10.68 31.56,-9.82
24.1,-4.12 24.1,-4.29
24.7,-3.59 24.11,-4.11
31.67,-3.82 31.04,-3.74
30.8,-5.23 31.55,-4.57
24.09,-4.31 24.09,-10.33
24.35,-10.31 24.35,-10.08
30.59,-6 30.8,-5.23
30.59,-10.96 30.59,-6
30.26,-10.82 30.26,-11.05
31.66,-10.02 31.65,-3.84
24.22,-7.1 30.27,-7.86
24.22,-4.35 24.22,-7.09
24.22,-10.01 30.27,-10.77
24.22,-7.22 24.22,-10.01
30.59,-10.59 31.43,-9.81
29.53,-10.92 25.03,-10.35
29.53,-10.92 29.62,-10.98
29.62,-10.98 30.31,-11.07
30.31,-11.07 30.31,-11.11
24.25,-10.34 24.25,-10.31
24.25,-10.31 24.93,-10.39
25.01,-10.28 24.59,-10.23
30.19,-10.94 29.77,-10.88
31.68,-3.81 30.44,-4.91
28.24,-4.64 24.11,-4.12
30.44,-5.11 24.09,-4.31
30.81,-5.22 30.81,-4.78
31.65,-4.02 30.44,-5.1
30.44,-4.91 30.44,-11.09
27.24,-4.51 27.24,-4.7
30.59,-10.96 30.41,-11.12
31.56,-10.11 31.66,-10.02
31.56,-9.76 31.56,-10.11
31.56,-4.11 31.56,-9.76
31.43,-9.81 31.43,-4.68
30.27,-7.86 30.27,-5.12
24.22,-4.36 30.27,-5.12
28.09,-4.81 28.09,-4.81
30.27,-10.77 30.27,-7.98
24.22,-7.22 30.27,-7.98
25.73,-10.2 25.73,-9.24
24.35,-10.08 30.26,-10.82
25.36,-9.7 25.36,-10.07
25.67,-9.74 25.36,-9.7
25.67,-10.11 25.67,-9.74
25.36,-10.07 25.67,-10.11
25.3,-10.06 25.3,-9.69
24.74,-9.99 25.3,-10.06
24.74,-9.62 24.74,-9.99
25.3,-9.69 24.74,-9.62
28.09,-4.81 28.09,-4.81
24.93,-10.39 25.03,-10.35
24.59,-10.23 24.59,-10.11
25.01,-10.28 25.01,-10.16
29.77,-10.88 29.77,-10.77
30.19,-10.94 30.19,-10.82
24.7,-2.59 24.7,-2.7
27.94,-3.55 27.94,-3.43
24.85,-3.09 24.84,-3.55
24.74,-2.45 24.97,-2.28
24.97,-2.28 25,-2.26
25,-2.26 25.03,-2.25
25.03,-2.25 25.36,-2.14
25.36,-2.14 25.63,-2.08
25.63,-2.08 26.17,-2.03
26.17,-2.03 26.65,-2.03
26.65,-2.03 27.05,-2.07
27.05,-2.07 27.53,-2.17
27.53,-2.17 27.57,-2.18
27.57,-2.18 27.61,-2.2
27.61,-2.2 27.99,-2.4
27.99,-2.4 28.01,-2.42
28.01,-2.42 28.02,-2.44
28.02,-2.44 28.08,-2.56
28.08,-2.56 28.09,-2.59
28.09,-2.59 28.08,-2.61
28.08,-2.61 28.08,-2.63
28.08,-2.63 28.08,-2.63
27.8,-2.89 27.31,-3.06
27.31,-3.06 26.84,-3.13
26.84,-3.13 26.58,-3.15
26.58,-3.15 25.95,-3.13
25.95,-3.13 25.9,-3.13
25.9,-3.13 25.57,-3.08
25.57,-3.08 25.23,-3
25.23,-3 24.96,-2.89
24.96,-2.89 24.93,-2.88
24.93,-2.88 24.78,-2.77
24.78,-2.77 24.77,-2.75
24.77,-2.75 24.75,-2.73
24.75,-2.73 24.74,-2.71
24.74,-2.71 24.7,-2.63
24.7,-2.63 24.7,-2.61
24.7,-2.61 24.7,-2.59
24.7,-2.59 24.7,-2.58
24.7,-2.58 24.71,-2.52
24.71,-2.52 24.71,-2.51
24.71,-2.51 24.72,-2.49
24.72,-2.49 24.73,-2.47
24.73,-2.47 24.74,-2.45
24.7,-2.7 24.7,-2.71
24.7,-2.71 24.7,-2.72
27.84,-3.19 27.55,-3.33
27.55,-3.33 27.52,-3.34
27.52,-3.34 27.2,-3.43
27.2,-3.43 26.78,-3.49
26.78,-3.49 26.43,-3.5
26.43,-3.5 26.38,-3.5
26.38,-3.5 26.33,-3.5
26.33,-3.5 26.28,-3.5
26.28,-3.5 26.13,-3.49
26.13,-3.49 25.65,-3.44
25.65,-3.44 25.32,-3.36
25.32,-3.36 24.99,-3.25
27.74,-4.12 27.39,-4.23
27.39,-4.23 26.75,-4.32
26.75,-4.32 26.7,-4.32
26.7,-4.32 26.06,-4.32
26.06,-4.32 25.55,-4.26
26.08,-4.06 26.48,-4.07
26.48,-4.07 27.01,-4.03
27.01,-4.03 27.61,-3.87
27.61,-3.87 27.72,-3.82
27.72,-3.82 27.9,-3.66
27.9,-3.66 27.94,-3.58
27.94,-3.58 27.94,-3.55
24.84,-3.55 24.84,-3.56
24.84,-3.56 24.84,-3.58
24.84,-3.58 24.85,-3.59
24.85,-3.59 24.91,-3.71
24.91,-3.71 25.01,-3.78
25.01,-3.78 25.03,-3.8
25.03,-3.8 25.06,-3.81
25.06,-3.81 25.3,-3.92
25.3,-3.92 25.62,-4
25.62,-4 25.67,-4.01
25.67,-4.01 25.71,-4.02
25.71,-4.02 26.08,-4.06
25.55,-4.26 25.2,-4.18
25.2,-4.18 24.92,-4.07
24.92,-4.07 24.73,-3.94
24.73,-3.94 24.65,-3.82
24.65,-3.82 24.64,-3.8
24.64,-3.8 24.64,-3.78
24.64,-3.78 24.63,-3.75
24.63,-3.75 24.67,-3.62
24.67,-3.62 24.68,-3.61
24.68,-3.61 24.7,-3.59
24.7,-3.59 24.84,-3.47
24.85,-3.09 24.99,-3.25
24.7,-2.72 24.85,-3.09
24.22,-9.05 25.73,-9.24
28.24,-4.64 30.44,-4.91
31.19,-3.07 31.19,-2.95
27.8,-2.95 27.8,-3.07
31.04,-3.91 31.04,-3.46
27.95,-3.45 27.95,-3.91
28.11,-2.63 28.14,-2.62
28.14,-2.62 28.47,-2.5
28.47,-2.5 28.73,-2.45
28.73,-2.45 29.27,-2.39
29.27,-2.39 29.75,-2.39
29.75,-2.39 30.16,-2.43
30.16,-2.43 30.64,-2.54
30.64,-2.54 30.68,-2.55
30.68,-2.55 30.71,-2.56
30.71,-2.56 31.1,-2.77
31.1,-2.77 31.11,-2.78
31.11,-2.78 31.13,-2.8
31.13,-2.8 31.19,-2.92
31.19,-2.92 31.19,-2.96
31.19,-2.96 31.19,-2.97
31.19,-2.97 31.19,-2.99
31.19,-2.99 31.18,-3.01
31.18,-3.01 31.18,-3.03
31.18,-3.03 31.03,-3.19
31.03,-3.19 31.01,-3.21
31.01,-3.21 30.98,-3.22
30.98,-3.22 30.42,-3.43
30.42,-3.43 29.94,-3.5
29.94,-3.5 29.68,-3.51
29.68,-3.51 29.06,-3.5
29.06,-3.5 29.01,-3.49
29.01,-3.49 28.67,-3.45
28.67,-3.45 28.33,-3.36
28.33,-3.36 28.07,-3.26
28.07,-3.26 28.04,-3.24
28.04,-3.24 27.89,-3.13
27.89,-3.13 27.87,-3.11
27.87,-3.11 27.86,-3.1
27.86,-3.1 27.85,-3.08
27.85,-3.08 27.81,-2.99
27.81,-2.99 27.8,-2.98
27.8,-2.98 27.8,-2.96
27.8,-2.96 27.8,-2.94
27.8,-2.94 27.81,-2.9
27.8,-3.07 27.8,-3.07
27.8,-3.07 27.8,-3.09
30.95,-3.56 30.66,-3.7
30.66,-3.7 30.62,-3.71
30.62,-3.71 30.3,-3.79
30.3,-3.79 29.88,-3.85
29.88,-3.85 29.53,-3.87
29.53,-3.87 29.48,-3.87
29.48,-3.87 29.43,-3.87
29.43,-3.87 29.38,-3.87
29.38,-3.87 29.23,-3.86
29.23,-3.86 28.75,-3.8
28.75,-3.8 28.42,-3.73
28.42,-3.73 28.09,-3.61
31.04,-3.83 31.16,-3.91
31.16,-3.91 31.22,-4
31.22,-4 31.26,-4.11
31.26,-4.11 31.24,-4.2
31.24,-4.2 30.91,-4.46
30.91,-4.46 30.49,-4.59
30.49,-4.59 29.85,-4.68
29.85,-4.68 29.8,-4.69
29.8,-4.69 29.16,-4.69
29.16,-4.69 28.65,-4.62
29.18,-4.42 29.58,-4.43
29.58,-4.43 30.12,-4.39
30.12,-4.39 30.71,-4.24
30.71,-4.24 30.82,-4.18
30.82,-4.18 31.01,-4.03
31.01,-4.03 31.04,-3.94
31.04,-3.94 31.04,-3.91
27.95,-3.91 27.95,-3.92
27.95,-3.92 27.95,-3.94
27.95,-3.94 27.95,-3.96
27.95,-3.96 28.02,-4.07
28.02,-4.07 28.11,-4.15
28.11,-4.15 28.14,-4.16
28.14,-4.16 28.16,-4.18
28.16,-4.18 28.41,-4.28
28.41,-4.28 28.73,-4.37
28.73,-4.37 28.77,-4.37
28.77,-4.37 28.82,-4.38
28.82,-4.38 29.18,-4.42
28.65,-4.62 28.3,-4.54
28.3,-4.54 28.03,-4.43
28.03,-4.43 27.84,-4.31
27.84,-4.31 27.75,-4.18
27.75,-4.18 27.74,-4.17
27.74,-4.17 27.74,-4.15
27.74,-4.15 27.74,-4.11
27.74,-4.11 27.77,-3.99
27.77,-3.99 27.79,-3.97
27.79,-3.97 27.8,-3.95
27.8,-3.95 27.95,-3.83
27.95,-3.45 28.09,-3.61
30.95,-3.56 31.04,-3.45
27.8,-3.09 27.95,-3.45
31.19,-3.07 31.04,-3.45
28.08,-2.63 27.8,-2.89
28.11,-2.63 27.81,-2.9
28.08,-2.63 28.08,-2.65
27.24,-4.51 27.74,-4.11
