19.49,-10.92 19.49,-15.77
19.49,-15.77 12.24,-15.77
30.08,-16.66 12.24,-16.66
30.08,-10.92 30.08,-16.66
12.24,-17.16 12.24,-15.27
11.07,-16.21 5.85,-16.21
12.24,-15.27 11.07,-16.21
11.07,-16.21 12.24,-17.16
24.09,-10.33 30.41,-11.12
31.27,-10.07 31.56,-10.11
30.59,-10.68 31.56,-9.82
24.1,-4.12 24.1,-4.29
24.7,-3.59 24.11,-4.11
31.67,-3.82 31.04,-3.74
30.8,-5.23 31.55,-4.57
24.09,-4.31 24.09,-10.33
24.35,-10.31 24.35,-10.08
30.59,-6 30.8,-5.23
30.59,-10.96 30.59,-6
30.26,-10.82 30.26,-11.05
31.66,-10.02 31.65,-3.84
24.22,-7.1 30.27,-7.86
24.22,-4.35 24.22,-7.09
24.22,-10.01 30.27,-10.77
24.22,-7.22 24.22,-10.01
30.59,-10.59 31.43,-9.81
29.53,-10.92 25.03,-10.35
29.53,-10.92 29.62,-10.98
29.62,-10.98 30.31,-11.07
30.31,-11.07 30.31,-11.11
24.25,-10.34 24.25,-10.31
24.25,-10.31 24.93,-10.39
25.01,-10.28 24.59,-10.23
30.19,-10.94 29.77,-10.88
31.68,-3.81 30.44,-4.91
28.24,-4.64 24.11,-4.12
30.44,-5.11 24.09,-4.31
30.81,-5.22 30.81,-4.78
31.65,-4.02 30.44,-5.1
30.44,-4.91 30.44,-11.09
27.24,-4.51 27.24,-4.7
30.59,-10.96 30.41,-11.12
31.56,-10.11 31.66,-10.02
31.56,-9.76 31.56,-10.11
31.56,-4.11 31.56,-9.76
31.43,-9.81 31.43,-4.68
30.27,-7.86 30.27,-5.12
24.22,-4.36 30.27,-5.12
28.09,-4.81 28.09,-4.81
30.27,-10.77 30.27,-7.98
24.22,-7.22 30.27,-7.98
25.73,-10.2 25.73,-9.24
24.35,-10.08 30.26,-10.82
25.36,-9.7 25.36,-10.07
25.67,-9.74 25.36,-9.7
25.67,-10.11 25.67,-9.74
25.36,-10.07 25.67,-10.11
25.3,-10.06 25.3,-9.69
24.74,-9.99 25.3,-10.06
24.74,-9.62 24.74,-9.99
25.3,-9.69 24.74,-9.62
28.09,-4.81 28.09,-4.81
24.93,-10.39 25.03,-10.35
24.59,-10.23 24.59,-10.11
25.01,-10.28 25.01,-10.16
29.77,-10.88 29.77,-10.77
30.19,-10.94 30.19,-10.82
24.7,-2.59 24.7,-2.7
27.94,-3.55 27.94,-3.43
24.85,-3.09 24.84,-3.55
24.74,-2.45 24.97,-2.28
24.97,-2.28 25,-2.26
25,-2.26 25.03,-2.25
25.03,-2.25 25.36,-2.14
25.36,-2.14 25.63,-2.08
25.63,-2.08 26.17,-2.03
26.17,-2.03 26.65,-2.03
26.65,-2.03 27.05,-2.07
27.05,-2.07 27.53,-2.17
27.53,-2.17 27.57,-2.18
27.57,-2.18 27.61,-2.2
27.61,-2.2 27.99,-2.4
27.99,-2.4 28.01,-2.42
28.01,-2.42 28.02,-2.44
28.02,-2.44 28.08,-2.56
28.08,-2.56 28.09,-2.59
28.09,-2.59 28.08,-2.61
28.08,-2.61 28.08,-2.63
28.08,-2.63 28.08,-2.63
27.8,-2.89 27.31,-3.06
27.31,-3.06 26.84,-3.13
26.84,-3.13 26.58,-3.15
26.58,-3.15 25.95,-3.13
25.95,-3.13 25.9,-3.13
25.9,-3.13 25.57,-3.08
25.57,-3.08 25.23,-3
25.23,-3 24.96,-2.89
24.96,-2.89 24.93,-2.88
24.93,-2.88 24.78,-2.77
24.78,-2.77 24.77,-2.75
24.77,-2.75 24.75,-2.73
24.75,-2.73 24.74,-2.71
24.74,-2.71 24.7,-2.63
24.7,-2.63 24.7,-2.61
24.7,-2.61 24.7,-2.59
24.7,-2.59 24.7,-2.58
24.7,-2.58 24.71,-2.52
24.71,-2.52 24.71,-2.51
24.71,-2.51 24.72,-2.49
24.72,-2.49 24.73,-2.47
24.73,-2.47 24.74,-2.45
24.7,-2.7 24.7,-2.71
24.7,-2.71 24.7,-2.72
27.84,-3.19 27.55,-3.33
27.55,-3.33 27.52,-3.34
27.52,-3.34 27.2,-3.43
27.2,-3.43 26.78,-3.49
26.78,-3.49 26.43,-3.5
26.43,-3.5 26.38,-3.5
26.38,-3.5 26.33,-3.5
26.33,-3.5 26.28,-3.5
26.28,-3.5 26.13,-3.49
26.13,-3.49 25.65,-3.44
25.65,-3.44 25.32,-3.36
25.32,-3.36 24.99,-3.25
27.74,-4.12 27.39,-4.23
27.39,-4.23 26.75,-4.32
26.75,-4.32 26.7,-4.32
26.7,-4.32 26.06,-4.32
26.06,-4.32 25.55,-4.26
26.08,-4.06 26.48,-4.07
26.48,-4.07 27.01,-4.03
27.01,-4.03 27.61,-3.87
27.61,-3.87 27.72,-3.82
27.72,-3.82 27.9,-3.66
27.9,-3.66 27.94,-3.58
27.94,-3.58 27.94,-3.55
24.84,-3.55 24.84,-3.56
24.84,-3.56 24.84,-3.58
24.84,-3.58 24.85,-3.59
24.85,-3.59 24.91,-3.71
24.91,-3.71 25.01,-3.78
25.01,-3.78 25.03,-3.8
25.03,-3.8 25.06,-3.81
25.06,-3.81 25.3,-3.92
25.3,-3.92 25.62,-4
25.62,-4 25.67,-4.01
25.67,-4.01 25.71,-4.02
25.71,-4.02 26.08,-4.06
25.55,-4.26 25.2,-4.18
25.2,-4.18 24.92,-4.07
24.92,-4.07 24.73,-3.94
24.73,-3.94 24.65,-3.82
24.65,-3.82 24.64,-3.8
24.64,-3.8 24.64,-3.78
24.64,-3.78 24.63,-3.75
24.63,-3.75 24.67,-3.62
24.67,-3.62 24.68,-3.61
24.68,-3.61 24.7,-3.59
24.7,-3.59 24.84,-3.47
24.85,-3.09 24.99,-3.25
24.7,-2.72 24.85,-3.09
24.22,-9.05 25.73,-9.24
28.24,-4.64 30.44,-4.91
31.19,-3.07 31.19,-2.95
27.8,-2.95 27.8,-3.07
31.04,-3.91 31.04,-3.46
27.95,-3.45 27.95,-3.91
28.11,-2.63 28.14,-2.62
28.14,-2.62 28.47,-2.5
28.47,-2.5 28.73,-2.45
28.73,-2.45 29.27,-2.39
29.27,-2.39 29.75,-2.39
29.75,-2.39 30.16,-2.43
30.16,-2.43 30.64,-2.54
30.64,-2.54 30.68,-2.55
30.68,-2.55 30.71,-2.56
30.71,-2.56 31.1,-2.77
31.1,-2.77 31.11,-2.78
31.11,-2.78 31.13,-2.8
31.13,-2.8 31.19,-2.92
31.19,-2.92 31.19,-2.96
31.19,-2.96 31.19,-2.97
31.19,-2.97 31.19,-2.99
31.19,-2.99 31.18,-3.01
31.18,-3.01 31.18,-3.03
31.18,-3.03 31.03,-3.19
31.03,-3.19 31.01,-3.21
31.01,-3.21 30.98,-3.22
30.98,-3.22 30.42,-3.43
30.42,-3.43 29.94,-3.5
29.94,-3.5 29.68,-3.51
29.68,-3.51 29.06,-3.5
29.06,-3.5 29.01,-3.49
29.01,-3.49 28.67,-3.45
28.67,-3.45 28.33,-3.36
28.33,-3.36 28.07,-3.26
28.07,-3.26 28.04,-3.24
28.04,-3.24 27.89,-3.13
27.89,-3.13 27.87,-3.11
27.87,-3.11 27.86,-3.1
27.86,-3.1 27.85,-3.08
27.85,-3.08 27.81,-2.99
27.81,-2.99 27.8,-2.98
27.8,-2.98 27.8,-2.96
27.8,-2.96 27.8,-2.94
27.8,-2.94 27.81,-2.9
27.8,-3.07 27.8,-3.07
27.8,-3.07 27.8,-3.09
30.95,-3.56 30.66,-3.7
30.66,-3.7 30.62,-3.71
30.62,-3.71 30.3,-3.79
30.3,-3.79 29.88,-3.85
29.88,-3.85 29.53,-3.87
29.53,-3.87 29.48,-3.87
29.48,-3.87 29.43,-3.87
29.43,-3.87 29.38,-3.87
29.38,-3.87 29.23,-3.86
29.23,-3.86 28.75,-3.8
28.75,-3.8 28.42,-3.73
28.42,-3.73 28.09,-3.61
31.04,-3.83 31.16,-3.91
31.16,-3.91 31.22,-4
31.22,-4 31.26,-4.11
31.26,-4.11 31.24,-4.2
31.24,-4.2 30.91,-4.46
30.91,-4.46 30.49,-4.59
30.49,-4.59 29.85,-4.68
29.85,-4.68 29.8,-4.69
29.8,-4.69 29.16,-4.69
29.16,-4.69 28.65,-4.62
29.18,-4.42 29.58,-4.43
29.58,-4.43 30.12,-4.39
30.12,-4.39 30.71,-4.24
30.71,-4.24 30.82,-4.18
30.82,-4.18 31.01,-4.03
31.01,-4.03 31.04,-3.94
31.04,-3.94 31.04,-3.91
27.95,-3.91 27.95,-3.92
27.95,-3.92 27.95,-3.94
27.95,-3.94 27.95,-3.96
27.95,-3.96 28.02,-4.07
28.02,-4.07 28.11,-4.15
28.11,-4.15 28.14,-4.16
28.14,-4.16 28.16,-4.18
28.16,-4.18 28.41,-4.28
28.41,-4.28 28.73,-4.37
28.73,-4.37 28.77,-4.37
28.77,-4.37 28.82,-4.38
28.82,-4.38 29.18,-4.42
28.65,-4.62 28.3,-4.54
28.3,-4.54 28.03,-4.43
28.03,-4.43 27.84,-4.31
27.84,-4.31 27.75,-4.18
27.75,-4.18 27.74,-4.17
27.74,-4.17 27.74,-4.15
27.74,-4.15 27.74,-4.11
27.74,-4.11 27.77,-3.99
27.77,-3.99 27.79,-3.97
27.79,-3.97 27.8,-3.95
27.8,-3.95 27.95,-3.83
27.95,-3.45 28.09,-3.61
30.95,-3.56 31.04,-3.45
27.8,-3.09 27.95,-3.45
31.19,-3.07 31.04,-3.45
28.08,-2.63 27.8,-2.89
28.11,-2.63 27.81,-2.9
28.08,-2.63 28.08,-2.65
27.24,-4.51 27.74,-4.11
12.9,-10.25 19.85,-11.13
20.71,-10.08 21,-10.11
20.03,-10.68 21,-9.83
12.91,-4.05 12.91,-4.22
13.83,-3.23 12.92,-4.03
21.12,-3.82 20.29,-3.72
17.15,-3.32 16.92,-3.29
20.24,-5.23 21,-4.57
12.9,-4.23 12.9,-10.25
13.16,-10.23 13.16,-10.01
20.03,-6.01 20.24,-5.23
20.03,-10.97 20.03,-6.01
19.66,-10.82 19.66,-11.05
21.1,-10.03 21.09,-3.84
13.04,-7.02 17.9,-7.64
13.03,-4.28 13.03,-7.02
13.03,-9.93 19.71,-10.77
13.03,-7.15 13.03,-9.93
20.03,-10.59 20.87,-9.81
18.93,-10.91 13.84,-10.27
18.93,-10.91 19.02,-10.98
19.02,-10.98 19.71,-11.07
19.71,-11.07 19.71,-11.11
13.06,-10.26 13.06,-10.23
13.06,-10.23 13.74,-10.32
13.82,-10.21 13.4,-10.15
19.6,-10.93 19.17,-10.88
21.12,-3.82 19.88,-4.92
17.05,-4.56 12.92,-4.04
19.88,-5.11 12.9,-4.23
20.25,-5.22 20.25,-4.79
21.1,-4.03 19.89,-5.1
19.88,-4.92 19.89,-11.1
16.38,-4.48 16.38,-4.67
20.03,-10.97 19.85,-11.13
21,-10.11 21.1,-10.03
21,-9.76 21,-10.11
21,-4.11 21,-9.76
20.87,-9.81 20.87,-4.68
19.71,-10.77 19.71,-5.12
13.04,-4.28 19.71,-5.12
16.9,-4.74 16.9,-4.74
13.04,-7.15 17.9,-7.76
14.54,-10.12 14.54,-9.17
13.16,-10.01 19.66,-10.82
14.17,-9.62 14.17,-10
14.48,-9.66 14.17,-9.62
14.48,-10.04 14.48,-9.66
14.17,-10 14.48,-10.04
14.11,-9.99 14.12,-9.62
13.56,-9.92 14.11,-9.99
13.56,-9.55 13.56,-9.92
14.12,-9.62 13.56,-9.55
16.9,-4.74 16.9,-4.74
13.74,-10.32 13.84,-10.27
13.4,-10.15 13.4,-10.04
13.82,-10.21 13.82,-10.09
19.17,-10.88 19.17,-10.76
19.6,-10.93 19.6,-10.82
17.07,-2.63 17.07,-2.51
13.68,-2.51 13.68,-2.63
16.92,-3.47 16.92,-3.02
13.83,-3.02 13.82,-3.47
13.73,-2.38 13.95,-2.2
13.95,-2.2 13.98,-2.19
13.98,-2.19 14.01,-2.18
14.01,-2.18 14.34,-2.06
14.34,-2.06 14.61,-2.01
14.61,-2.01 15.15,-1.95
15.15,-1.95 15.63,-1.95
15.63,-1.95 16.03,-1.99
16.03,-1.99 16.52,-2.1
16.52,-2.1 16.55,-2.11
16.55,-2.11 16.59,-2.12
16.59,-2.12 16.97,-2.33
16.97,-2.33 16.99,-2.34
16.99,-2.34 17,-2.36
17,-2.36 17.06,-2.48
17.06,-2.48 17.07,-2.52
17.07,-2.52 17.07,-2.53
17.07,-2.53 17.06,-2.55
17.06,-2.55 17.06,-2.57
17.06,-2.57 17.05,-2.59
17.05,-2.59 16.91,-2.75
16.91,-2.75 16.88,-2.77
16.88,-2.77 16.86,-2.78
16.86,-2.78 16.29,-2.99
16.29,-2.99 15.82,-3.06
15.82,-3.06 15.56,-3.07
15.56,-3.07 14.94,-3.06
14.94,-3.06 14.89,-3.05
14.89,-3.05 14.55,-3.01
14.55,-3.01 14.21,-2.92
14.21,-2.92 13.94,-2.82
13.94,-2.82 13.92,-2.8
13.92,-2.8 13.76,-2.69
13.76,-2.69 13.75,-2.67
13.75,-2.67 13.73,-2.66
13.73,-2.66 13.72,-2.64
13.72,-2.64 13.68,-2.55
13.68,-2.55 13.68,-2.54
13.68,-2.54 13.68,-2.52
13.68,-2.52 13.68,-2.5
13.68,-2.5 13.69,-2.45
13.69,-2.45 13.7,-2.43
13.7,-2.43 13.7,-2.41
13.7,-2.41 13.71,-2.4
13.71,-2.4 13.73,-2.38
13.68,-2.63 13.68,-2.63
13.68,-2.63 13.68,-2.65
16.82,-3.12 16.53,-3.26
16.53,-3.26 16.5,-3.27
16.5,-3.27 16.18,-3.35
16.18,-3.35 15.76,-3.41
15.76,-3.41 15.41,-3.43
15.41,-3.43 15.36,-3.43
15.36,-3.43 15.31,-3.43
15.31,-3.43 15.26,-3.43
15.26,-3.43 15.11,-3.42
15.11,-3.42 14.63,-3.36
14.63,-3.36 14.3,-3.29
14.3,-3.29 13.97,-3.17
16.92,-3.39 17.03,-3.47
17.03,-3.47 17.1,-3.56
17.1,-3.56 17.13,-3.67
17.13,-3.67 17.11,-3.76
17.11,-3.76 16.79,-4.02
16.79,-4.02 16.37,-4.15
16.37,-4.15 15.73,-4.24
15.73,-4.24 15.68,-4.25
15.68,-4.25 15.04,-4.25
15.04,-4.25 14.53,-4.18
15.06,-3.98 15.46,-3.99
15.46,-3.99 16,-3.95
16,-3.95 16.59,-3.8
16.59,-3.8 16.7,-3.74
16.7,-3.74 16.89,-3.59
16.89,-3.59 16.92,-3.5
16.92,-3.5 16.92,-3.47
13.82,-3.47 13.82,-3.48
13.82,-3.48 13.83,-3.5
13.83,-3.5 13.83,-3.52
13.83,-3.52 13.9,-3.63
13.9,-3.63 13.99,-3.71
13.99,-3.71 14.01,-3.72
14.01,-3.72 14.04,-3.74
14.04,-3.74 14.28,-3.84
14.28,-3.84 14.6,-3.93
14.6,-3.93 14.65,-3.93
14.65,-3.93 14.69,-3.94
14.69,-3.94 15.06,-3.98
14.53,-4.18 14.18,-4.1
14.18,-4.1 13.9,-3.99
13.9,-3.99 13.71,-3.87
13.71,-3.87 13.63,-3.74
13.63,-3.74 13.62,-3.73
13.62,-3.73 13.62,-3.71
13.62,-3.71 13.61,-3.67
13.61,-3.67 13.65,-3.55
13.65,-3.55 13.66,-3.53
13.66,-3.53 13.68,-3.51
13.68,-3.51 13.83,-3.39
13.83,-3.02 13.97,-3.17
16.82,-3.12 16.92,-3.02
13.68,-2.65 13.83,-3.02
17.07,-2.63 16.92,-3.02
13.03,-8.98 14.54,-9.17
17.05,-4.56 19.88,-4.92
20.44,-3.05 20.44,-2.94
17.05,-2.94 17.05,-3.05
20.29,-3.9 20.28,-3.44
17.2,-3.44 17.19,-3.9
17.09,-2.8 17.32,-2.63
17.32,-2.63 17.35,-2.61
17.35,-2.61 17.38,-2.6
17.38,-2.6 17.71,-2.49
17.71,-2.49 17.98,-2.43
17.98,-2.43 18.52,-2.38
18.52,-2.38 19,-2.38
19,-2.38 19.4,-2.42
19.4,-2.42 19.88,-2.52
19.88,-2.52 19.92,-2.53
19.92,-2.53 19.96,-2.54
19.96,-2.54 20.34,-2.75
20.34,-2.75 20.36,-2.77
20.36,-2.77 20.37,-2.78
20.37,-2.78 20.43,-2.9
20.43,-2.9 20.44,-2.94
20.44,-2.94 20.43,-2.96
20.43,-2.96 20.43,-2.97
20.43,-2.97 20.43,-2.99
20.43,-2.99 20.42,-3.01
20.42,-3.01 20.27,-3.18
20.27,-3.18 20.25,-3.19
20.25,-3.19 20.23,-3.21
20.23,-3.21 19.66,-3.41
19.66,-3.41 19.19,-3.48
19.19,-3.48 18.93,-3.5
18.93,-3.5 18.3,-3.48
18.3,-3.48 18.25,-3.48
18.25,-3.48 17.92,-3.43
17.92,-3.43 17.58,-3.35
17.58,-3.35 17.31,-3.24
17.31,-3.24 17.29,-3.22
17.29,-3.22 17.13,-3.11
17.13,-3.11 17.12,-3.1
17.12,-3.1 17.1,-3.08
17.1,-3.08 17.09,-3.06
17.09,-3.06 17.05,-2.98
17.05,-2.98 17.05,-2.96
17.05,-2.96 17.05,-2.94
17.05,-2.94 17.05,-2.92
17.05,-2.92 17.06,-2.87
17.06,-2.87 17.06,-2.85
17.06,-2.85 17.07,-2.84
17.07,-2.84 17.08,-2.82
17.08,-2.82 17.09,-2.8
17.05,-3.05 17.05,-3.05
17.05,-3.05 17.05,-3.07
20.19,-3.54 19.9,-3.68
19.9,-3.68 19.87,-3.69
19.87,-3.69 19.55,-3.78
19.55,-3.78 19.13,-3.83
19.13,-3.83 18.78,-3.85
18.78,-3.85 18.73,-3.85
18.73,-3.85 18.68,-3.85
18.68,-3.85 18.63,-3.85
18.63,-3.85 18.48,-3.84
18.48,-3.84 18,-3.79
18,-3.79 17.67,-3.71
17.67,-3.71 17.34,-3.6
20.29,-3.81 20.4,-3.9
20.4,-3.9 20.47,-3.98
20.47,-3.98 20.5,-4.09
20.5,-4.09 20.48,-4.18
20.48,-4.18 20.16,-4.44
20.16,-4.44 19.74,-4.58
19.74,-4.58 19.1,-4.67
19.1,-4.67 19.05,-4.67
19.05,-4.67 18.41,-4.67
18.41,-4.67 17.9,-4.61
18.43,-4.41 18.83,-4.42
18.83,-4.42 19.36,-4.37
19.36,-4.37 19.96,-4.22
19.96,-4.22 20.07,-4.17
20.07,-4.17 20.25,-4.01
20.25,-4.01 20.29,-3.93
20.29,-3.93 20.29,-3.9
17.19,-3.9 17.19,-3.91
17.19,-3.91 17.19,-3.92
17.19,-3.92 17.2,-3.94
17.2,-3.94 17.26,-4.06
17.26,-4.06 17.36,-4.13
17.36,-4.13 17.38,-4.15
17.38,-4.15 17.41,-4.16
17.41,-4.16 17.65,-4.27
17.65,-4.27 17.97,-4.35
17.97,-4.35 18.02,-4.36
18.02,-4.36 18.06,-4.36
18.06,-4.36 18.43,-4.41
17.9,-4.61 17.55,-4.52
17.55,-4.52 17.27,-4.42
17.27,-4.42 17.08,-4.29
17.08,-4.29 17,-4.17
17,-4.17 16.99,-4.15
16.99,-4.15 16.99,-4.13
16.99,-4.13 16.98,-4.1
16.98,-4.1 17.02,-3.97
17.02,-3.97 17.03,-3.95
17.03,-3.95 17.05,-3.94
17.05,-3.94 17.19,-3.81
17.2,-3.44 17.34,-3.6
20.19,-3.54 20.29,-3.44
17.05,-3.07 17.2,-3.44
20.44,-3.05 20.29,-3.44
17.9,-4.89 17.9,-10.54
16.38,-4.48 17.19,-3.71
