21.09,-13.3 21.09,-19.57
31.68,-13.3 31.68,-20.57
42.25,-13.3 42.25,-21.21
14.5,-12.63 21.44,-13.5
22.31,-12.45 22.6,-12.49
21.62,-13.06 22.59,-12.2
14.51,-6.42 14.5,-6.59
15.42,-5.61 14.51,-6.41
22.71,-6.2 21.88,-6.09
18.74,-5.7 18.51,-5.67
21.84,-7.61 22.59,-6.95
14.5,-6.61 14.5,-12.63
14.75,-12.61 14.75,-12.38
21.62,-8.39 21.84,-7.61
21.62,-13.34 21.62,-8.39
21.25,-13.2 21.25,-13.43
22.7,-12.4 22.69,-6.22
14.63,-9.4 19.49,-10.01
14.62,-6.65 14.62,-9.39
14.62,-12.31 21.3,-13.15
14.62,-9.52 14.62,-12.31
21.62,-12.97 22.46,-12.19
20.53,-13.29 15.43,-12.65
20.53,-13.29 20.62,-13.36
20.62,-13.36 21.3,-13.45
21.3,-13.45 21.3,-13.49
14.65,-12.64 14.65,-12.61
14.65,-12.61 15.34,-12.69
15.42,-12.58 14.99,-12.53
21.19,-13.31 20.76,-13.26
22.71,-6.2 21.48,-7.29
18.65,-6.94 14.52,-6.42
21.48,-7.49 14.5,-6.61
21.84,-7.6 21.84,-7.16
22.69,-6.4 21.48,-7.48
21.48,-7.29 21.48,-13.47
17.98,-6.85 17.98,-7.05
21.62,-13.34 21.44,-13.5
22.6,-12.49 22.7,-12.4
22.6,-12.14 22.6,-12.49
22.6,-6.49 22.6,-12.14
22.46,-12.19 22.46,-7.06
21.3,-13.15 21.3,-7.5
14.63,-6.66 21.3,-7.5
18.49,-7.11 18.49,-7.11
14.63,-9.52 19.49,-10.14
16.14,-12.5 16.14,-11.54
14.75,-12.38 21.25,-13.2
15.77,-12 15.77,-12.37
16.07,-12.04 15.77,-12
16.07,-12.41 16.07,-12.04
15.77,-12.37 16.07,-12.41
15.71,-12.37 15.71,-11.99
15.15,-12.3 15.71,-12.37
15.15,-11.92 15.15,-12.3
15.71,-11.99 15.15,-11.92
18.49,-7.11 18.49,-7.11
15.34,-12.69 15.43,-12.65
14.99,-12.53 14.99,-12.41
15.42,-12.58 15.42,-12.47
20.76,-13.26 20.76,-13.14
21.19,-13.31 21.19,-13.19
18.66,-5 18.66,-4.89
15.27,-4.89 15.27,-5
18.52,-5.85 18.51,-5.39
15.42,-5.39 15.42,-5.85
15.32,-4.76 15.55,-4.58
15.55,-4.58 15.58,-4.57
15.58,-4.57 15.61,-4.55
15.61,-4.55 15.94,-4.44
15.94,-4.44 16.21,-4.38
16.21,-4.38 16.74,-4.33
16.74,-4.33 17.22,-4.33
17.22,-4.33 17.63,-4.37
17.63,-4.37 18.11,-4.47
18.11,-4.47 18.15,-4.48
18.15,-4.48 18.19,-4.5
18.19,-4.5 18.57,-4.7
18.57,-4.7 18.58,-4.72
18.58,-4.72 18.6,-4.74
18.6,-4.74 18.66,-4.86
18.66,-4.86 18.66,-4.89
18.66,-4.89 18.66,-4.91
18.66,-4.91 18.66,-4.93
18.66,-4.93 18.65,-4.94
18.65,-4.94 18.65,-4.96
18.65,-4.96 18.5,-5.13
18.5,-5.13 18.48,-5.14
18.48,-5.14 18.45,-5.16
18.45,-5.16 17.89,-5.36
17.89,-5.36 17.41,-5.43
17.41,-5.43 17.15,-5.45
17.15,-5.45 16.53,-5.43
16.53,-5.43 16.48,-5.43
16.48,-5.43 16.14,-5.38
16.14,-5.38 15.81,-5.3
15.81,-5.3 15.54,-5.19
15.54,-5.19 15.51,-5.18
15.51,-5.18 15.36,-5.07
15.36,-5.07 15.34,-5.05
15.34,-5.05 15.33,-5.03
15.33,-5.03 15.32,-5.02
15.32,-5.02 15.28,-4.93
15.28,-4.93 15.27,-4.91
15.27,-4.91 15.27,-4.89
15.27,-4.89 15.27,-4.88
15.27,-4.88 15.28,-4.82
15.28,-4.82 15.29,-4.81
15.29,-4.81 15.3,-4.79
15.3,-4.79 15.31,-4.77
15.31,-4.77 15.32,-4.76
15.27,-5 15.27,-5.01
15.27,-5.01 15.27,-5.02
18.42,-5.49 18.13,-5.63
18.13,-5.63 18.09,-5.65
18.09,-5.65 17.77,-5.73
17.77,-5.73 17.35,-5.79
17.35,-5.79 17,-5.8
17,-5.8 16.95,-5.8
16.95,-5.8 16.9,-5.8
16.9,-5.8 16.85,-5.8
16.85,-5.8 16.7,-5.79
16.7,-5.79 16.22,-5.74
16.22,-5.74 15.89,-5.66
15.89,-5.66 15.56,-5.55
18.51,-5.77 18.63,-5.85
18.63,-5.85 18.7,-5.94
18.7,-5.94 18.73,-6.04
18.73,-6.04 18.71,-6.13
18.71,-6.13 18.38,-6.39
18.38,-6.39 17.96,-6.53
17.96,-6.53 17.32,-6.62
17.32,-6.62 17.27,-6.62
17.27,-6.62 16.63,-6.62
16.63,-6.62 16.12,-6.56
16.65,-6.36 17.05,-6.37
17.05,-6.37 17.59,-6.33
17.59,-6.33 18.18,-6.17
18.18,-6.17 18.3,-6.12
18.3,-6.12 18.48,-5.96
18.48,-5.96 18.51,-5.88
18.51,-5.88 18.52,-5.85
15.42,-5.85 15.42,-5.86
15.42,-5.86 15.42,-5.88
15.42,-5.88 15.42,-5.89
15.42,-5.89 15.49,-6.01
15.49,-6.01 15.58,-6.09
15.58,-6.09 15.61,-6.1
15.61,-6.1 15.63,-6.11
15.63,-6.11 15.88,-6.22
15.88,-6.22 16.2,-6.3
16.2,-6.3 16.24,-6.31
16.24,-6.31 16.29,-6.32
16.29,-6.32 16.65,-6.36
16.12,-6.56 15.78,-6.48
15.78,-6.48 15.5,-6.37
15.5,-6.37 15.31,-6.24
15.31,-6.24 15.22,-6.12
15.22,-6.12 15.22,-6.1
15.22,-6.1 15.21,-6.08
15.21,-6.08 15.21,-6.05
15.21,-6.05 15.25,-5.92
15.25,-5.92 15.26,-5.91
15.26,-5.91 15.27,-5.89
15.27,-5.89 15.42,-5.77
15.42,-5.39 15.56,-5.55
18.42,-5.49 18.51,-5.39
15.27,-5.02 15.42,-5.39
18.66,-5 18.51,-5.39
14.62,-11.35 16.14,-11.54
18.65,-6.94 21.48,-7.29
22.03,-5.42 22.03,-5.31
18.64,-5.31 18.64,-5.42
21.88,-6.27 21.88,-5.82
18.79,-5.81 18.79,-6.27
18.69,-5.18 18.92,-5
18.92,-5 18.95,-4.99
18.95,-4.99 18.98,-4.97
18.98,-4.97 19.31,-4.86
19.31,-4.86 19.57,-4.81
19.57,-4.81 20.11,-4.75
20.11,-4.75 20.59,-4.75
20.59,-4.75 21,-4.79
21,-4.79 21.48,-4.89
21.48,-4.89 21.52,-4.91
21.52,-4.91 21.55,-4.92
21.55,-4.92 21.94,-5.13
21.94,-5.13 21.95,-5.14
21.95,-5.14 21.97,-5.16
21.97,-5.16 22.03,-5.28
22.03,-5.28 22.03,-5.31
22.03,-5.31 22.03,-5.33
22.03,-5.33 22.03,-5.35
22.03,-5.35 22.02,-5.37
22.02,-5.37 22.02,-5.38
22.02,-5.38 21.87,-5.55
21.87,-5.55 21.85,-5.57
21.85,-5.57 21.82,-5.58
21.82,-5.58 21.26,-5.79
21.26,-5.79 20.78,-5.86
20.78,-5.86 20.52,-5.87
20.52,-5.87 19.9,-5.86
19.9,-5.86 19.85,-5.85
19.85,-5.85 19.51,-5.8
19.51,-5.8 19.17,-5.72
19.17,-5.72 18.91,-5.61
18.91,-5.61 18.88,-5.6
18.88,-5.6 18.73,-5.49
18.73,-5.49 18.71,-5.47
18.71,-5.47 18.7,-5.46
18.7,-5.46 18.69,-5.44
18.69,-5.44 18.65,-5.35
18.65,-5.35 18.64,-5.33
18.64,-5.33 18.64,-5.32
18.64,-5.32 18.64,-5.3
18.64,-5.3 18.65,-5.25
18.65,-5.25 18.66,-5.23
18.66,-5.23 18.67,-5.21
18.67,-5.21 18.68,-5.2
18.68,-5.2 18.69,-5.18
18.64,-5.42 18.64,-5.43
18.64,-5.43 18.64,-5.45
21.79,-5.91 21.5,-6.06
21.5,-6.06 21.46,-6.07
21.46,-6.07 21.14,-6.15
21.14,-6.15 20.72,-6.21
20.72,-6.21 20.37,-6.23
20.37,-6.23 20.32,-6.23
20.32,-6.23 20.27,-6.22
20.27,-6.22 20.22,-6.22
20.22,-6.22 20.07,-6.22
20.07,-6.22 19.59,-6.16
19.59,-6.16 19.26,-6.09
19.26,-6.09 18.93,-5.97
21.88,-6.19 22,-6.27
22,-6.27 22.06,-6.36
22.06,-6.36 22.1,-6.47
22.1,-6.47 22.08,-6.56
22.08,-6.56 21.75,-6.82
21.75,-6.82 21.33,-6.95
21.33,-6.95 20.69,-7.04
20.69,-7.04 20.64,-7.05
20.64,-7.05 20,-7.04
20,-7.04 19.49,-6.98
20.02,-6.78 20.42,-6.79
20.42,-6.79 20.96,-6.75
20.96,-6.75 21.55,-6.6
21.55,-6.6 21.66,-6.54
21.66,-6.54 21.85,-6.39
21.85,-6.39 21.88,-6.3
21.88,-6.3 21.88,-6.27
18.79,-6.27 18.79,-6.28
18.79,-6.28 18.79,-6.3
18.79,-6.3 18.79,-6.32
18.79,-6.32 18.86,-6.43
18.86,-6.43 18.95,-6.51
18.95,-6.51 18.98,-6.52
18.98,-6.52 19,-6.54
19,-6.54 19.25,-6.64
19.25,-6.64 19.57,-6.72
19.57,-6.72 19.61,-6.73
19.61,-6.73 19.66,-6.74
19.66,-6.74 20.02,-6.78
19.49,-6.98 19.14,-6.9
19.14,-6.9 18.87,-6.79
18.87,-6.79 18.68,-6.66
18.68,-6.66 18.59,-6.54
18.59,-6.54 18.58,-6.52
18.58,-6.52 18.58,-6.51
18.58,-6.51 18.58,-6.47
18.58,-6.47 18.61,-6.35
18.61,-6.35 18.63,-6.33
18.63,-6.33 18.64,-6.31
18.64,-6.31 18.79,-6.19
18.79,-5.81 18.93,-5.97
21.79,-5.91 21.88,-5.81
18.64,-5.45 18.79,-5.81
22.03,-5.42 21.88,-5.81
19.49,-7.27 19.49,-12.92
17.98,-6.85 18.79,-6.09
36.26,-12.71 42.57,-13.5
43.44,-12.45 43.73,-12.49
42.75,-13.05 43.72,-12.2
36.27,-6.5 36.26,-6.67
36.86,-5.97 36.27,-6.48
43.84,-6.19 43.21,-6.11
42.97,-7.61 43.72,-6.94
36.26,-6.68 36.26,-12.71
36.51,-12.69 36.51,-12.46
42.75,-8.38 42.97,-7.61
42.75,-13.34 42.75,-8.38
42.42,-13.2 42.42,-13.43
43.83,-12.4 43.82,-6.21
36.39,-9.48 42.43,-10.24
36.38,-6.73 36.38,-9.47
36.38,-12.38 42.43,-13.14
36.38,-9.6 36.38,-12.38
42.75,-12.97 43.59,-12.18
41.69,-13.29 37.19,-12.72
41.69,-13.29 41.79,-13.36
41.79,-13.36 42.47,-13.45
42.47,-13.45 42.47,-13.49
36.41,-12.72 36.41,-12.68
36.41,-12.68 37.1,-12.77
37.18,-12.66 36.75,-12.61
42.36,-13.31 41.93,-13.26
43.84,-6.19 42.61,-7.29
40.41,-7.01 36.27,-6.5
42.61,-7.49 36.26,-6.68
42.97,-7.6 42.97,-7.16
43.82,-6.4 42.61,-7.47
42.61,-7.29 42.61,-13.47
39.41,-6.89 39.41,-7.08
42.75,-13.34 42.57,-13.5
43.73,-12.49 43.83,-12.4
43.73,-12.14 43.73,-12.49
43.73,-6.48 43.73,-12.14
43.59,-12.18 43.59,-7.05
42.43,-10.24 42.43,-7.49
36.39,-6.73 42.43,-7.49
40.25,-7.19 40.25,-7.19
42.43,-13.14 42.43,-10.36
36.39,-9.6 42.43,-10.36
37.89,-12.57 37.89,-11.62
36.51,-12.46 42.42,-13.2
37.53,-12.07 37.53,-12.45
37.83,-12.11 37.53,-12.07
37.83,-12.49 37.83,-12.11
37.53,-12.45 37.83,-12.49
37.46,-12.44 37.46,-12.07
36.91,-12.37 37.46,-12.44
36.91,-12 36.91,-12.37
37.46,-12.07 36.91,-12
40.25,-7.19 40.25,-7.19
37.1,-12.77 37.19,-12.72
36.75,-12.61 36.75,-12.49
37.18,-12.66 37.18,-12.54
41.93,-13.26 41.93,-13.14
42.36,-13.31 42.36,-13.19
36.86,-4.96 36.86,-5.08
40.11,-5.93 40.1,-5.8
37.01,-5.47 37.01,-5.93
36.91,-4.83 37.14,-4.66
37.14,-4.66 37.17,-4.64
37.17,-4.64 37.2,-4.63
37.2,-4.63 37.53,-4.52
37.53,-4.52 37.8,-4.46
37.8,-4.46 38.33,-4.4
38.33,-4.4 38.81,-4.41
38.81,-4.41 39.22,-4.44
39.22,-4.44 39.7,-4.55
39.7,-4.55 39.74,-4.56
39.74,-4.56 39.78,-4.57
39.78,-4.57 40.16,-4.78
40.16,-4.78 40.17,-4.8
40.17,-4.8 40.19,-4.81
40.19,-4.81 40.25,-4.93
40.25,-4.93 40.25,-4.97
40.25,-4.97 40.25,-4.99
40.25,-4.99 40.25,-5
40.25,-5 40.25,-5
39.97,-5.26 39.48,-5.44
39.48,-5.44 39,-5.51
39,-5.51 38.74,-5.53
38.74,-5.53 38.12,-5.51
38.12,-5.51 38.07,-5.51
38.07,-5.51 37.73,-5.46
37.73,-5.46 37.4,-5.38
37.4,-5.38 37.13,-5.27
37.13,-5.27 37.1,-5.25
37.1,-5.25 36.95,-5.14
36.95,-5.14 36.93,-5.13
36.93,-5.13 36.92,-5.11
36.92,-5.11 36.91,-5.09
36.91,-5.09 36.87,-5.01
36.87,-5.01 36.86,-4.99
36.86,-4.99 36.86,-4.97
36.86,-4.97 36.86,-4.95
36.86,-4.95 36.87,-4.9
36.87,-4.9 36.88,-4.88
36.88,-4.88 36.89,-4.87
36.89,-4.87 36.9,-4.85
36.9,-4.85 36.91,-4.83
36.86,-5.08 36.86,-5.08
36.86,-5.08 36.86,-5.1
40.01,-5.57 39.72,-5.71
39.72,-5.71 39.68,-5.72
39.68,-5.72 39.36,-5.8
39.36,-5.8 38.94,-5.86
38.94,-5.86 38.59,-5.88
38.59,-5.88 38.54,-5.88
38.54,-5.88 38.49,-5.88
38.49,-5.88 38.44,-5.88
38.44,-5.88 38.29,-5.87
38.29,-5.87 37.81,-5.82
37.81,-5.82 37.48,-5.74
37.48,-5.74 37.15,-5.63
39.9,-6.49 39.55,-6.61
39.55,-6.61 38.91,-6.7
38.91,-6.7 38.86,-6.7
38.86,-6.7 38.22,-6.7
38.22,-6.7 37.71,-6.64
38.24,-6.44 38.64,-6.44
38.64,-6.44 39.18,-6.4
39.18,-6.4 39.77,-6.25
39.77,-6.25 39.89,-6.19
39.89,-6.19 40.07,-6.04
40.07,-6.04 40.1,-5.96
40.1,-5.96 40.11,-5.93
37.01,-5.93 37.01,-5.94
37.01,-5.94 37.01,-5.95
37.01,-5.95 37.01,-5.97
37.01,-5.97 37.08,-6.08
37.08,-6.08 37.17,-6.16
37.17,-6.16 37.2,-6.18
37.2,-6.18 37.22,-6.19
37.22,-6.19 37.47,-6.3
37.47,-6.3 37.79,-6.38
37.79,-6.38 37.83,-6.39
37.83,-6.39 37.88,-6.39
37.88,-6.39 38.24,-6.44
37.71,-6.64 37.37,-6.55
37.37,-6.55 37.09,-6.44
37.09,-6.44 36.9,-6.32
36.9,-6.32 36.81,-6.2
36.81,-6.2 36.81,-6.18
36.81,-6.18 36.8,-6.16
36.8,-6.16 36.8,-6.12
36.8,-6.12 36.84,-6
36.84,-6 36.85,-5.98
36.85,-5.98 36.86,-5.97
36.86,-5.97 37.01,-5.84
37.01,-5.47 37.15,-5.63
36.86,-5.1 37.01,-5.47
36.38,-11.43 37.89,-11.62
40.41,-7.01 42.61,-7.29
43.36,-5.44 43.36,-5.33
39.97,-5.33 39.97,-5.44
43.21,-6.29 43.2,-5.83
40.12,-5.83 40.11,-6.29
40.27,-5.01 40.3,-4.99
40.3,-4.99 40.63,-4.88
40.63,-4.88 40.9,-4.83
40.9,-4.83 41.44,-4.77
41.44,-4.77 41.92,-4.77
41.92,-4.77 42.32,-4.81
42.32,-4.81 42.8,-4.91
42.8,-4.91 42.84,-4.92
42.84,-4.92 42.88,-4.94
42.88,-4.94 43.26,-5.14
43.26,-5.14 43.28,-5.16
43.28,-5.16 43.29,-5.18
43.29,-5.18 43.35,-5.3
43.35,-5.3 43.36,-5.33
43.36,-5.33 43.35,-5.35
43.35,-5.35 43.35,-5.37
43.35,-5.37 43.35,-5.38
43.35,-5.38 43.34,-5.4
43.34,-5.4 43.2,-5.57
43.2,-5.57 43.17,-5.59
43.17,-5.59 43.15,-5.6
43.15,-5.6 42.58,-5.8
42.58,-5.8 42.11,-5.87
42.11,-5.87 41.85,-5.89
41.85,-5.89 41.23,-5.88
41.23,-5.88 41.17,-5.87
41.17,-5.87 40.84,-5.82
40.84,-5.82 40.5,-5.74
40.5,-5.74 40.23,-5.63
40.23,-5.63 40.21,-5.62
40.21,-5.62 40.05,-5.51
40.05,-5.51 40.04,-5.49
40.04,-5.49 40.02,-5.47
40.02,-5.47 40.01,-5.46
40.01,-5.46 39.97,-5.37
39.97,-5.37 39.97,-5.35
39.97,-5.35 39.97,-5.34
39.97,-5.34 39.97,-5.32
39.97,-5.32 39.98,-5.27
39.97,-5.44 39.97,-5.45
39.97,-5.45 39.97,-5.46
43.11,-5.93 42.82,-6.07
42.82,-6.07 42.79,-6.09
42.79,-6.09 42.47,-6.17
42.47,-6.17 42.05,-6.23
42.05,-6.23 41.7,-6.24
41.7,-6.24 41.65,-6.24
41.65,-6.24 41.6,-6.24
41.6,-6.24 41.55,-6.24
41.55,-6.24 41.4,-6.24
41.4,-6.24 40.92,-6.18
40.92,-6.18 40.59,-6.1
40.59,-6.1 40.26,-5.99
43.21,-6.21 43.32,-6.29
43.32,-6.29 43.39,-6.38
43.39,-6.38 43.42,-6.48
43.42,-6.48 43.4,-6.57
43.4,-6.57 43.08,-6.84
43.08,-6.84 42.66,-6.97
42.66,-6.97 42.02,-7.06
42.02,-7.06 41.97,-7.06
41.97,-7.06 41.33,-7.06
41.33,-7.06 40.82,-7
41.35,-6.8 41.75,-6.81
41.75,-6.81 42.28,-6.77
42.28,-6.77 42.88,-6.61
42.88,-6.61 42.99,-6.56
42.99,-6.56 43.17,-6.4
43.17,-6.4 43.21,-6.32
43.21,-6.32 43.21,-6.29
40.11,-6.29 40.11,-6.3
40.11,-6.3 40.11,-6.32
40.11,-6.32 40.12,-6.33
40.12,-6.33 40.18,-6.45
40.18,-6.45 40.28,-6.53
40.28,-6.53 40.3,-6.54
40.3,-6.54 40.33,-6.56
40.33,-6.56 40.57,-6.66
40.57,-6.66 40.89,-6.74
40.89,-6.74 40.94,-6.75
40.94,-6.75 40.98,-6.76
40.98,-6.76 41.35,-6.8
40.82,-7 40.47,-6.92
40.47,-6.92 40.19,-6.81
40.19,-6.81 40,-6.68
40,-6.68 39.92,-6.56
39.92,-6.56 39.91,-6.54
39.91,-6.54 39.91,-6.52
39.91,-6.52 39.9,-6.49
39.9,-6.49 39.94,-6.37
39.94,-6.37 39.95,-6.35
39.95,-6.35 39.97,-6.33
39.97,-6.33 40.11,-6.21
40.12,-5.83 40.26,-5.99
43.11,-5.93 43.21,-5.83
39.97,-5.46 40.12,-5.83
43.36,-5.44 43.21,-5.83
40.25,-5 39.97,-5.26
40.27,-5.01 39.98,-5.27
40.25,-5 40.25,-5.03
39.41,-6.89 39.9,-6.49
25.08,-12.63 32.03,-13.5
32.89,-12.45 33.18,-12.49
32.21,-13.06 33.18,-12.2
25.09,-6.42 25.09,-6.59
26,-5.61 25.1,-6.41
33.3,-6.2 32.47,-6.09
29.33,-5.7 29.1,-5.67
32.42,-7.61 33.17,-6.95
25.08,-6.61 25.08,-12.63
25.34,-12.61 25.34,-12.38
32.21,-8.38 32.42,-7.61
32.21,-13.34 32.21,-8.38
31.84,-13.2 31.84,-13.43
33.28,-12.4 33.27,-6.22
25.21,-9.4 30.07,-10.01
25.21,-6.65 25.21,-9.39
25.21,-12.3 31.89,-13.15
25.21,-9.52 25.21,-12.3
32.21,-12.97 33.05,-12.19
31.11,-13.29 26.02,-12.65
31.11,-13.29 31.2,-13.36
31.2,-13.36 31.89,-13.44
31.89,-13.44 31.89,-13.48
25.24,-12.64 25.24,-12.61
25.24,-12.61 25.92,-12.69
26,-12.58 25.58,-12.53
31.77,-13.31 31.35,-13.26
33.3,-6.19 32.06,-7.29
29.23,-6.94 25.1,-6.42
32.06,-7.49 25.08,-6.61
32.43,-7.6 32.43,-7.16
33.27,-6.4 32.06,-7.48
32.06,-7.29 32.06,-13.47
28.56,-6.85 28.56,-7.05
32.21,-13.34 32.03,-13.5
33.18,-12.49 33.28,-12.4
33.18,-12.14 33.18,-12.49
33.18,-6.49 33.18,-12.14
33.05,-12.19 33.05,-7.06
31.89,-13.15 31.89,-7.49
25.21,-6.66 31.89,-7.5
29.08,-7.11 29.08,-7.11
25.21,-9.52 30.07,-10.13
26.72,-12.49 26.72,-11.54
25.34,-12.38 31.84,-13.2
26.35,-12 26.35,-12.37
26.66,-12.04 26.35,-12
26.66,-12.41 26.66,-12.04
26.35,-12.37 26.66,-12.41
26.29,-12.37 26.29,-11.99
25.74,-12.3 26.29,-12.37
25.74,-11.92 25.74,-12.3
26.29,-11.99 25.74,-11.92
29.08,-7.11 29.08,-7.11
25.92,-12.69 26.02,-12.65
25.58,-12.53 25.58,-12.41
26,-12.58 26,-12.46
31.35,-13.26 31.35,-13.14
31.77,-13.31 31.77,-13.19
29.24,-5 29.24,-4.89
25.86,-4.89 25.86,-5
29.1,-5.85 29.09,-5.39
26,-5.39 26,-5.85
25.9,-4.75 26.13,-4.58
26.13,-4.58 26.16,-4.56
26.16,-4.56 26.19,-4.55
26.19,-4.55 26.52,-4.44
26.52,-4.44 26.79,-4.38
26.79,-4.38 27.33,-4.33
27.33,-4.33 27.81,-4.33
27.81,-4.33 28.21,-4.37
28.21,-4.37 28.69,-4.47
28.69,-4.47 28.73,-4.48
28.73,-4.48 28.77,-4.49
28.77,-4.49 29.15,-4.7
29.15,-4.7 29.17,-4.72
29.17,-4.72 29.18,-4.73
29.18,-4.73 29.24,-4.86
29.24,-4.86 29.24,-4.89
29.24,-4.89 29.24,-4.91
29.24,-4.91 29.24,-4.92
29.24,-4.92 29.24,-4.94
29.24,-4.94 29.23,-4.96
29.23,-4.96 29.08,-5.13
29.08,-5.13 29.06,-5.14
29.06,-5.14 29.04,-5.16
29.04,-5.16 28.47,-5.36
28.47,-5.36 27.99,-5.43
27.99,-5.43 27.74,-5.45
27.74,-5.45 27.11,-5.43
27.11,-5.43 27.06,-5.43
27.06,-5.43 26.73,-5.38
26.73,-5.38 26.39,-5.3
26.39,-5.3 26.12,-5.19
26.12,-5.19 26.09,-5.18
26.09,-5.18 25.94,-5.06
25.94,-5.06 25.93,-5.05
25.93,-5.05 25.91,-5.03
25.91,-5.03 25.9,-5.01
25.9,-5.01 25.86,-4.93
25.86,-4.93 25.86,-4.91
25.86,-4.91 25.86,-4.89
25.86,-4.89 25.86,-4.88
25.86,-4.88 25.87,-4.82
25.87,-4.82 25.87,-4.81
25.87,-4.81 25.88,-4.79
25.88,-4.79 25.89,-4.77
25.89,-4.77 25.9,-4.75
25.86,-5 25.86,-5.01
25.86,-5.01 25.86,-5.02
29,-5.49 28.71,-5.63
28.71,-5.63 28.68,-5.64
28.68,-5.64 28.36,-5.73
28.36,-5.73 27.94,-5.78
27.94,-5.78 27.59,-5.8
27.59,-5.8 27.54,-5.8
27.54,-5.8 27.49,-5.8
27.49,-5.8 27.44,-5.8
27.44,-5.8 27.28,-5.79
27.28,-5.79 26.81,-5.74
26.81,-5.74 26.48,-5.66
26.48,-5.66 26.14,-5.55
29.1,-5.76 29.21,-5.85
29.21,-5.85 29.28,-5.94
29.28,-5.94 29.31,-6.04
29.31,-6.04 29.29,-6.13
29.29,-6.13 28.97,-6.39
28.97,-6.39 28.54,-6.53
28.54,-6.53 27.91,-6.62
27.91,-6.62 27.85,-6.62
27.85,-6.62 27.22,-6.62
27.22,-6.62 26.71,-6.56
27.24,-6.36 27.64,-6.37
27.64,-6.37 28.17,-6.32
28.17,-6.32 28.76,-6.17
28.76,-6.17 28.88,-6.12
28.88,-6.12 29.06,-5.96
29.06,-5.96 29.1,-5.88
29.1,-5.88 29.1,-5.85
26,-5.85 26,-5.86
26,-5.86 26,-5.87
26,-5.87 26.01,-5.89
26.01,-5.89 26.07,-6.01
26.07,-6.01 26.17,-6.08
26.17,-6.08 26.19,-6.1
26.19,-6.1 26.22,-6.11
26.22,-6.11 26.46,-6.22
26.46,-6.22 26.78,-6.3
26.78,-6.3 26.83,-6.31
26.83,-6.31 26.87,-6.32
26.87,-6.32 27.24,-6.36
26.71,-6.56 26.36,-6.48
26.36,-6.48 26.08,-6.37
26.08,-6.37 25.89,-6.24
25.89,-6.24 25.8,-6.12
25.8,-6.12 25.8,-6.1
25.8,-6.1 25.79,-6.08
25.79,-6.08 25.79,-6.05
25.79,-6.05 25.83,-5.92
25.83,-5.92 25.84,-5.91
25.84,-5.91 25.85,-5.89
25.85,-5.89 26,-5.76
26,-5.39 26.14,-5.55
29,-5.49 29.1,-5.39
25.86,-5.02 26,-5.39
29.24,-5 29.1,-5.39
25.21,-11.35 26.72,-11.54
29.23,-6.94 32.06,-7.29
32.61,-5.42 32.61,-5.31
29.22,-5.31 29.22,-5.42
32.47,-6.27 32.46,-5.82
29.37,-5.81 29.37,-6.27
29.27,-5.18 29.5,-5
29.5,-5 29.53,-4.99
29.53,-4.99 29.56,-4.97
29.56,-4.97 29.89,-4.86
29.89,-4.86 30.16,-4.81
30.16,-4.81 30.7,-4.75
30.7,-4.75 31.18,-4.75
31.18,-4.75 31.58,-4.79
31.58,-4.79 32.06,-4.89
32.06,-4.89 32.1,-4.91
32.1,-4.91 32.14,-4.92
32.14,-4.92 32.52,-5.12
32.52,-5.12 32.54,-5.14
32.54,-5.14 32.55,-5.16
32.55,-5.16 32.61,-5.28
32.61,-5.28 32.61,-5.31
32.61,-5.31 32.61,-5.33
32.61,-5.33 32.61,-5.35
32.61,-5.35 32.6,-5.37
32.6,-5.37 32.6,-5.38
32.6,-5.38 32.45,-5.55
32.45,-5.55 32.43,-5.57
32.43,-5.57 32.4,-5.58
32.4,-5.58 31.84,-5.78
31.84,-5.78 31.36,-5.85
31.36,-5.85 31.11,-5.87
31.11,-5.87 30.48,-5.86
30.48,-5.86 30.43,-5.85
30.43,-5.85 30.09,-5.8
30.09,-5.8 29.76,-5.72
29.76,-5.72 29.49,-5.61
29.49,-5.61 29.46,-5.6
29.46,-5.6 29.31,-5.49
29.31,-5.49 29.29,-5.47
29.29,-5.47 29.28,-5.45
29.28,-5.45 29.27,-5.44
29.27,-5.44 29.23,-5.35
29.23,-5.35 29.23,-5.33
29.23,-5.33 29.22,-5.32
29.22,-5.32 29.23,-5.3
29.23,-5.3 29.24,-5.25
29.24,-5.25 29.24,-5.23
29.24,-5.23 29.25,-5.21
29.25,-5.21 29.26,-5.19
29.26,-5.19 29.27,-5.18
29.22,-5.42 29.22,-5.43
29.22,-5.43 29.23,-5.44
32.37,-5.91 32.08,-6.05
32.08,-6.05 32.04,-6.07
32.04,-6.07 31.73,-6.15
31.73,-6.15 31.31,-6.21
31.31,-6.21 30.96,-6.22
30.96,-6.22 30.9,-6.22
30.9,-6.22 30.85,-6.22
30.85,-6.22 30.8,-6.22
30.8,-6.22 30.65,-6.22
30.65,-6.22 30.18,-6.16
30.18,-6.16 29.85,-6.08
29.85,-6.08 29.51,-5.97
32.47,-6.19 32.58,-6.27
32.58,-6.27 32.65,-6.36
32.65,-6.36 32.68,-6.46
32.68,-6.46 32.66,-6.55
32.66,-6.55 32.33,-6.82
32.33,-6.82 31.91,-6.95
31.91,-6.95 31.28,-7.04
31.28,-7.04 31.22,-7.04
31.22,-7.04 30.58,-7.04
30.58,-7.04 30.07,-6.98
30.61,-6.78 31.01,-6.79
31.01,-6.79 31.54,-6.75
31.54,-6.75 32.13,-6.6
32.13,-6.6 32.25,-6.54
32.25,-6.54 32.43,-6.38
32.43,-6.38 32.47,-6.3
32.47,-6.3 32.47,-6.27
29.37,-6.27 29.37,-6.28
29.37,-6.28 29.37,-6.3
29.37,-6.3 29.37,-6.31
29.37,-6.31 29.44,-6.43
29.44,-6.43 29.54,-6.51
29.54,-6.51 29.56,-6.52
29.56,-6.52 29.58,-6.54
29.58,-6.54 29.83,-6.64
29.83,-6.64 30.15,-6.72
30.15,-6.72 30.19,-6.73
30.19,-6.73 30.24,-6.74
30.24,-6.74 30.61,-6.78
30.07,-6.98 29.73,-6.9
29.73,-6.9 29.45,-6.79
29.45,-6.79 29.26,-6.66
29.26,-6.66 29.17,-6.54
29.17,-6.54 29.17,-6.52
29.17,-6.52 29.16,-6.51
29.16,-6.51 29.16,-6.47
29.16,-6.47 29.2,-6.35
29.2,-6.35 29.21,-6.33
29.21,-6.33 29.22,-6.31
29.22,-6.31 29.37,-6.19
29.37,-5.81 29.51,-5.97
32.37,-5.91 32.46,-5.81
29.23,-5.44 29.37,-5.81
32.61,-5.42 32.46,-5.81
30.07,-7.27 30.07,-12.92
28.56,-6.85 29.37,-6.08
46.81,-12.71 53.12,-13.5
53.99,-12.45 54.28,-12.49
53.3,-13.05 54.27,-12.2
46.82,-6.5 46.81,-6.67
47.41,-5.97 46.82,-6.48
54.39,-6.19 53.76,-6.11
53.52,-7.61 54.27,-6.94
46.81,-6.68 46.81,-12.71
47.06,-12.69 47.06,-12.46
53.3,-8.38 53.52,-7.61
53.3,-13.34 53.3,-8.38
52.97,-13.2 52.97,-13.43
54.38,-12.4 54.37,-6.21
46.94,-9.48 52.98,-10.24
46.93,-6.73 46.93,-9.47
46.93,-12.38 52.98,-13.14
46.93,-9.6 46.93,-12.38
53.3,-12.97 54.14,-12.18
52.24,-13.29 47.74,-12.72
52.24,-13.29 52.34,-13.36
52.34,-13.36 53.02,-13.45
53.02,-13.45 53.02,-13.49
46.96,-12.72 46.96,-12.68
46.96,-12.68 47.65,-12.77
47.73,-12.66 47.3,-12.61
52.91,-13.31 52.48,-13.26
54.39,-6.19 53.16,-7.29
50.96,-7.01 46.82,-6.5
53.16,-7.49 46.81,-6.68
53.52,-7.6 53.52,-7.16
54.37,-6.4 53.16,-7.47
53.16,-7.29 53.16,-13.47
49.96,-6.89 49.96,-7.08
53.3,-13.34 53.12,-13.5
54.28,-12.49 54.38,-12.4
54.28,-12.14 54.28,-12.49
54.28,-6.48 54.28,-12.14
54.14,-12.18 54.14,-7.05
52.98,-10.24 52.98,-7.49
46.94,-6.73 52.98,-7.49
50.8,-7.19 50.8,-7.19
52.98,-13.14 52.98,-10.36
46.94,-9.6 52.98,-10.36
48.44,-12.57 48.44,-11.62
47.06,-12.46 52.97,-13.2
48.08,-12.07 48.08,-12.45
48.38,-12.11 48.08,-12.07
48.38,-12.49 48.38,-12.11
48.08,-12.45 48.38,-12.49
48.01,-12.44 48.01,-12.07
47.46,-12.37 48.01,-12.44
47.46,-12 47.46,-12.37
48.01,-12.07 47.46,-12
50.8,-7.19 50.8,-7.19
47.65,-12.77 47.74,-12.72
47.3,-12.61 47.3,-12.49
47.73,-12.66 47.73,-12.54
52.48,-13.26 52.48,-13.14
52.91,-13.31 52.91,-13.19
47.41,-4.96 47.41,-5.08
50.66,-5.93 50.65,-5.8
47.56,-5.47 47.56,-5.93
47.46,-4.83 47.69,-4.66
47.69,-4.66 47.72,-4.64
47.72,-4.64 47.75,-4.63
47.75,-4.63 48.08,-4.52
48.08,-4.52 48.35,-4.46
48.35,-4.46 48.88,-4.4
48.88,-4.4 49.36,-4.41
49.36,-4.41 49.77,-4.44
49.77,-4.44 50.25,-4.55
50.25,-4.55 50.29,-4.56
50.29,-4.56 50.33,-4.57
50.33,-4.57 50.71,-4.78
50.71,-4.78 50.72,-4.8
50.72,-4.8 50.74,-4.81
50.74,-4.81 50.8,-4.93
50.8,-4.93 50.8,-4.97
50.8,-4.97 50.8,-4.99
50.8,-4.99 50.8,-5
50.8,-5 50.8,-5
50.52,-5.26 50.03,-5.44
50.03,-5.44 49.55,-5.51
49.55,-5.51 49.29,-5.53
49.29,-5.53 48.67,-5.51
48.67,-5.51 48.62,-5.51
48.62,-5.51 48.28,-5.46
48.28,-5.46 47.95,-5.38
47.95,-5.38 47.68,-5.27
47.68,-5.27 47.65,-5.25
47.65,-5.25 47.5,-5.14
47.5,-5.14 47.48,-5.13
47.48,-5.13 47.47,-5.11
47.47,-5.11 47.46,-5.09
47.46,-5.09 47.42,-5.01
47.42,-5.01 47.41,-4.99
47.41,-4.99 47.41,-4.97
47.41,-4.97 47.41,-4.95
47.41,-4.95 47.42,-4.9
47.42,-4.9 47.43,-4.88
47.43,-4.88 47.44,-4.87
47.44,-4.87 47.45,-4.85
47.45,-4.85 47.46,-4.83
47.41,-5.08 47.41,-5.08
47.41,-5.08 47.41,-5.1
50.56,-5.57 50.27,-5.71
50.27,-5.71 50.23,-5.72
50.23,-5.72 49.91,-5.8
49.91,-5.8 49.49,-5.86
49.49,-5.86 49.14,-5.88
49.14,-5.88 49.09,-5.88
49.09,-5.88 49.04,-5.88
49.04,-5.88 48.99,-5.88
48.99,-5.88 48.84,-5.87
48.84,-5.87 48.36,-5.82
48.36,-5.82 48.03,-5.74
48.03,-5.74 47.7,-5.63
50.45,-6.49 50.1,-6.61
50.1,-6.61 49.46,-6.7
49.46,-6.7 49.41,-6.7
49.41,-6.7 48.77,-6.7
48.77,-6.7 48.26,-6.64
48.79,-6.44 49.19,-6.44
49.19,-6.44 49.73,-6.4
49.73,-6.4 50.32,-6.25
50.32,-6.25 50.44,-6.19
50.44,-6.19 50.62,-6.04
50.62,-6.04 50.65,-5.96
50.65,-5.96 50.66,-5.93
47.56,-5.93 47.56,-5.94
47.56,-5.94 47.56,-5.95
47.56,-5.95 47.56,-5.97
47.56,-5.97 47.63,-6.08
47.63,-6.08 47.72,-6.16
47.72,-6.16 47.75,-6.18
47.75,-6.18 47.77,-6.19
47.77,-6.19 48.02,-6.3
48.02,-6.3 48.34,-6.38
48.34,-6.38 48.38,-6.39
48.38,-6.39 48.43,-6.39
48.43,-6.39 48.79,-6.44
48.26,-6.64 47.92,-6.55
47.92,-6.55 47.64,-6.44
47.64,-6.44 47.45,-6.32
47.45,-6.32 47.36,-6.2
47.36,-6.2 47.36,-6.18
47.36,-6.18 47.35,-6.16
47.35,-6.16 47.35,-6.12
47.35,-6.12 47.39,-6
47.39,-6 47.4,-5.98
47.4,-5.98 47.41,-5.97
47.41,-5.97 47.56,-5.84
47.56,-5.47 47.7,-5.63
47.41,-5.1 47.56,-5.47
46.93,-11.43 48.44,-11.62
50.96,-7.01 53.16,-7.29
53.91,-5.44 53.91,-5.33
50.52,-5.33 50.52,-5.44
53.76,-6.29 53.75,-5.83
50.67,-5.83 50.66,-6.29
50.82,-5.01 50.85,-4.99
50.85,-4.99 51.18,-4.88
51.18,-4.88 51.45,-4.83
51.45,-4.83 51.99,-4.77
51.99,-4.77 52.47,-4.77
52.47,-4.77 52.87,-4.81
52.87,-4.81 53.35,-4.91
53.35,-4.91 53.39,-4.92
53.39,-4.92 53.43,-4.94
53.43,-4.94 53.81,-5.14
53.81,-5.14 53.83,-5.16
53.83,-5.16 53.84,-5.18
53.84,-5.18 53.9,-5.3
53.9,-5.3 53.91,-5.33
53.91,-5.33 53.9,-5.35
53.9,-5.35 53.9,-5.37
53.9,-5.37 53.9,-5.38
53.9,-5.38 53.89,-5.4
53.89,-5.4 53.75,-5.57
53.75,-5.57 53.72,-5.59
53.72,-5.59 53.7,-5.6
53.7,-5.6 53.13,-5.8
53.13,-5.8 52.66,-5.87
52.66,-5.87 52.4,-5.89
52.4,-5.89 51.78,-5.88
51.78,-5.88 51.72,-5.87
51.72,-5.87 51.39,-5.82
51.39,-5.82 51.05,-5.74
51.05,-5.74 50.78,-5.63
50.78,-5.63 50.76,-5.62
50.76,-5.62 50.6,-5.51
50.6,-5.51 50.59,-5.49
50.59,-5.49 50.57,-5.47
50.57,-5.47 50.56,-5.46
50.56,-5.46 50.52,-5.37
50.52,-5.37 50.52,-5.35
50.52,-5.35 50.52,-5.34
50.52,-5.34 50.52,-5.32
50.52,-5.32 50.53,-5.27
50.52,-5.44 50.52,-5.45
50.52,-5.45 50.52,-5.46
53.66,-5.93 53.37,-6.07
53.37,-6.07 53.34,-6.09
53.34,-6.09 53.02,-6.17
53.02,-6.17 52.6,-6.23
52.6,-6.23 52.25,-6.24
52.25,-6.24 52.2,-6.24
52.2,-6.24 52.15,-6.24
52.15,-6.24 52.1,-6.24
52.1,-6.24 51.95,-6.24
51.95,-6.24 51.47,-6.18
51.47,-6.18 51.14,-6.1
51.14,-6.1 50.81,-5.99
53.76,-6.21 53.87,-6.29
53.87,-6.29 53.94,-6.38
53.94,-6.38 53.97,-6.48
53.97,-6.48 53.95,-6.57
53.95,-6.57 53.63,-6.84
53.63,-6.84 53.21,-6.97
53.21,-6.97 52.57,-7.06
52.57,-7.06 52.52,-7.06
52.52,-7.06 51.88,-7.06
51.88,-7.06 51.37,-7
51.9,-6.8 52.3,-6.81
52.3,-6.81 52.83,-6.77
52.83,-6.77 53.43,-6.61
53.43,-6.61 53.54,-6.56
53.54,-6.56 53.72,-6.4
53.72,-6.4 53.76,-6.32
53.76,-6.32 53.76,-6.29
50.66,-6.29 50.66,-6.3
50.66,-6.3 50.66,-6.32
50.66,-6.32 50.67,-6.33
50.67,-6.33 50.73,-6.45
50.73,-6.45 50.83,-6.53
50.83,-6.53 50.85,-6.54
50.85,-6.54 50.88,-6.56
50.88,-6.56 51.12,-6.66
51.12,-6.66 51.44,-6.74
51.44,-6.74 51.49,-6.75
51.49,-6.75 51.53,-6.76
51.53,-6.76 51.9,-6.8
51.37,-7 51.02,-6.92
51.02,-6.92 50.74,-6.81
50.74,-6.81 50.55,-6.68
50.55,-6.68 50.47,-6.56
50.47,-6.56 50.46,-6.54
50.46,-6.54 50.46,-6.52
50.46,-6.52 50.45,-6.49
50.45,-6.49 50.49,-6.37
50.49,-6.37 50.5,-6.35
50.5,-6.35 50.52,-6.33
50.52,-6.33 50.66,-6.21
50.67,-5.83 50.81,-5.99
53.66,-5.93 53.76,-5.83
50.52,-5.46 50.67,-5.83
53.91,-5.44 53.76,-5.83
50.8,-5 50.52,-5.26
50.82,-5.01 50.53,-5.27
50.8,-5 50.8,-5.03
49.96,-6.89 50.45,-6.49
52.8,-13.3 52.8,-22.21
34.91,-22.65 34.91,-20.76
34.91,-20.76 33.74,-21.71
33.74,-21.71 34.91,-22.65
34.91,-21.21 42.25,-21.21
34.91,-22.21 52.8,-22.21
16.72,-20.07 10.48,-20.07
14.17,-20.96 10.48,-20.96
10.48,-21.46 10.48,-19.57
9.32,-20.51 6.71,-20.51
10.48,-19.57 9.32,-20.51
9.32,-20.51 10.48,-21.46
17.89,-21.01 17.89,-19.12
17.89,-19.12 16.72,-20.07
16.72,-20.07 17.89,-21.01
14.17,-20.96 14.17,-21.71
14.17,-21.71 33.74,-21.71
17.89,-19.57 21.09,-19.57
17.89,-20.07 17.89,-20.57
17.89,-20.57 31.68,-20.57
