3.73,-10.59 10.04,-11.38
10.91,-10.33 11.19,-10.37
10.22,-10.94 11.19,-10.08
3.73,-4.38 3.73,-4.55
4.33,-3.85 3.74,-4.37
11.31,-4.08 10.68,-4
10.44,-5.49 11.19,-4.83
3.73,-4.57 3.73,-10.59
3.98,-10.57 3.98,-10.34
10.22,-6.26 10.44,-5.49
10.22,-11.22 10.22,-6.26
9.89,-11.08 9.89,-11.31
11.3,-10.28 11.29,-4.1
3.86,-7.36 9.9,-8.12
3.85,-4.61 3.85,-7.35
3.85,-10.26 9.9,-11.03
3.85,-7.48 3.85,-10.26
10.22,-10.85 11.06,-10.07
9.16,-11.17 4.66,-10.61
9.16,-11.17 9.26,-11.24
9.26,-11.24 9.94,-11.33
9.94,-11.33 9.94,-11.37
3.88,-10.6 3.88,-10.57
3.88,-10.57 4.57,-10.65
4.65,-10.54 4.22,-10.49
9.83,-11.19 9.4,-11.14
11.31,-4.07 10.07,-5.17
7.88,-4.9 3.74,-4.38
10.07,-5.37 3.73,-4.57
10.44,-5.48 10.44,-5.04
11.29,-4.28 10.08,-5.36
10.07,-5.17 10.08,-11.35
6.87,-4.77 6.87,-4.96
10.22,-11.22 10.04,-11.38
11.19,-10.37 11.3,-10.28
11.19,-10.02 11.19,-10.37
11.19,-4.37 11.19,-10.02
11.06,-10.07 11.06,-4.94
9.9,-8.12 9.9,-5.38
3.86,-4.62 9.9,-5.38
7.72,-5.07 7.72,-5.07
9.9,-11.03 9.9,-8.24
3.86,-7.48 9.9,-8.24
5.36,-10.45 5.36,-9.5
3.98,-10.34 9.89,-11.08
5,-9.96 5,-10.33
5.3,-10 5,-9.96
5.3,-10.37 5.3,-10
5,-10.33 5.3,-10.37
4.93,-10.32 4.93,-9.95
4.37,-10.25 4.93,-10.32
4.37,-9.88 4.37,-10.25
4.93,-9.95 4.37,-9.88
7.72,-5.07 7.72,-5.07
4.57,-10.65 4.66,-10.61
4.22,-10.49 4.22,-10.37
4.65,-10.54 4.65,-10.42
9.4,-11.14 9.4,-11.02
9.83,-11.19 9.83,-11.08
4.33,-2.85 4.33,-2.96
7.57,-3.81 7.57,-3.69
4.48,-3.35 4.48,-3.81
4.38,-2.71 4.61,-2.54
4.61,-2.54 4.64,-2.52
4.64,-2.52 4.67,-2.51
4.67,-2.51 5,-2.4
5,-2.4 5.26,-2.34
5.26,-2.34 5.8,-2.29
5.8,-2.29 6.28,-2.29
6.28,-2.29 6.69,-2.33
6.69,-2.33 7.17,-2.43
7.17,-2.43 7.21,-2.44
7.21,-2.44 7.24,-2.45
7.24,-2.45 7.63,-2.66
7.63,-2.66 7.64,-2.68
7.64,-2.68 7.66,-2.69
7.66,-2.69 7.72,-2.82
7.72,-2.82 7.72,-2.85
7.72,-2.85 7.72,-2.87
7.72,-2.87 7.72,-2.88
7.72,-2.88 7.72,-2.89
7.43,-3.15 6.95,-3.32
6.95,-3.32 6.47,-3.39
6.47,-3.39 6.21,-3.41
6.21,-3.41 5.59,-3.39
5.59,-3.39 5.54,-3.39
5.54,-3.39 5.2,-3.34
5.2,-3.34 4.86,-3.26
4.86,-3.26 4.6,-3.15
4.6,-3.15 4.57,-3.14
4.57,-3.14 4.42,-3.02
4.42,-3.02 4.4,-3.01
4.4,-3.01 4.39,-2.99
4.39,-2.99 4.38,-2.97
4.38,-2.97 4.34,-2.89
4.34,-2.89 4.33,-2.87
4.33,-2.87 4.33,-2.85
4.33,-2.85 4.33,-2.84
4.33,-2.84 4.34,-2.78
4.34,-2.78 4.35,-2.77
4.35,-2.77 4.36,-2.75
4.36,-2.75 4.37,-2.73
4.37,-2.73 4.38,-2.71
4.33,-2.96 4.33,-2.97
4.33,-2.97 4.33,-2.98
7.48,-3.45 7.19,-3.59
7.19,-3.59 7.15,-3.6
7.15,-3.6 6.83,-3.69
6.83,-3.69 6.41,-3.74
6.41,-3.74 6.06,-3.76
6.06,-3.76 6.01,-3.76
6.01,-3.76 5.96,-3.76
5.96,-3.76 5.91,-3.76
5.91,-3.76 5.76,-3.75
5.76,-3.75 5.28,-3.7
5.28,-3.7 4.95,-3.62
4.95,-3.62 4.62,-3.51
7.37,-4.38 7.02,-4.49
7.02,-4.49 6.38,-4.58
6.38,-4.58 6.33,-4.58
6.33,-4.58 5.69,-4.58
5.69,-4.58 5.18,-4.52
5.71,-4.32 6.11,-4.33
6.11,-4.33 6.65,-4.28
6.65,-4.28 7.24,-4.13
7.24,-4.13 7.35,-4.08
7.35,-4.08 7.54,-3.92
7.54,-3.92 7.57,-3.84
7.57,-3.84 7.57,-3.81
4.48,-3.81 4.48,-3.82
4.48,-3.82 4.48,-3.83
4.48,-3.83 4.48,-3.85
4.48,-3.85 4.55,-3.97
4.55,-3.97 4.64,-4.04
4.64,-4.04 4.67,-4.06
4.67,-4.06 4.69,-4.07
4.69,-4.07 4.94,-4.18
4.94,-4.18 5.26,-4.26
5.26,-4.26 5.3,-4.27
5.3,-4.27 5.35,-4.28
5.35,-4.28 5.71,-4.32
5.18,-4.52 4.83,-4.44
4.83,-4.44 4.56,-4.33
4.56,-4.33 4.37,-4.2
4.37,-4.2 4.28,-4.08
4.28,-4.08 4.27,-4.06
4.27,-4.06 4.27,-4.04
4.27,-4.04 4.27,-4.01
4.27,-4.01 4.3,-3.88
4.3,-3.88 4.32,-3.87
4.32,-3.87 4.33,-3.85
4.33,-3.85 4.48,-3.73
4.48,-3.35 4.62,-3.51
4.33,-2.98 4.48,-3.35
3.85,-9.31 5.36,-9.5
7.88,-4.9 10.07,-5.17
10.82,-3.32 10.82,-3.21
7.44,-3.21 7.44,-3.32
10.68,-4.17 10.67,-3.72
7.58,-3.71 7.58,-4.17
7.74,-2.89 7.77,-2.87
7.77,-2.87 8.1,-2.76
8.1,-2.76 8.37,-2.71
8.37,-2.71 8.91,-2.65
8.91,-2.65 9.39,-2.65
9.39,-2.65 9.79,-2.69
9.79,-2.69 10.27,-2.79
10.27,-2.79 10.31,-2.81
10.31,-2.81 10.35,-2.82
10.35,-2.82 10.73,-3.03
10.73,-3.03 10.75,-3.04
10.75,-3.04 10.76,-3.06
10.76,-3.06 10.82,-3.18
10.82,-3.18 10.82,-3.21
10.82,-3.21 10.82,-3.23
10.82,-3.23 10.82,-3.25
10.82,-3.25 10.82,-3.27
10.82,-3.27 10.81,-3.28
10.81,-3.28 10.66,-3.45
10.66,-3.45 10.64,-3.47
10.64,-3.47 10.62,-3.48
10.62,-3.48 10.05,-3.69
10.05,-3.69 9.57,-3.76
9.57,-3.76 9.32,-3.77
9.32,-3.77 8.69,-3.76
8.69,-3.76 8.64,-3.75
8.64,-3.75 8.31,-3.71
8.31,-3.71 7.97,-3.62
7.97,-3.62 7.7,-3.52
7.7,-3.52 7.67,-3.5
7.67,-3.5 7.52,-3.39
7.52,-3.39 7.51,-3.37
7.51,-3.37 7.49,-3.36
7.49,-3.36 7.48,-3.34
7.48,-3.34 7.44,-3.25
7.44,-3.25 7.44,-3.23
7.44,-3.23 7.44,-3.22
7.44,-3.22 7.44,-3.2
7.44,-3.2 7.45,-3.16
7.44,-3.32 7.44,-3.33
7.44,-3.33 7.44,-3.35
10.58,-3.82 10.29,-3.96
10.29,-3.96 10.26,-3.97
10.26,-3.97 9.94,-4.05
9.94,-4.05 9.52,-4.11
9.52,-4.11 9.17,-4.13
9.17,-4.13 9.12,-4.13
9.12,-4.13 9.07,-4.13
9.07,-4.13 9.02,-4.12
9.02,-4.12 8.86,-4.12
8.86,-4.12 8.39,-4.06
8.39,-4.06 8.06,-3.99
8.06,-3.99 7.72,-3.87
10.68,-4.09 10.79,-4.17
10.79,-4.17 10.86,-4.26
10.86,-4.26 10.89,-4.37
10.89,-4.37 10.87,-4.46
10.87,-4.46 10.55,-4.72
10.55,-4.72 10.12,-4.85
10.12,-4.85 9.49,-4.94
9.49,-4.94 9.43,-4.95
9.43,-4.95 8.8,-4.94
8.8,-4.94 8.29,-4.88
8.82,-4.68 9.22,-4.69
9.22,-4.69 9.75,-4.65
9.75,-4.65 10.34,-4.5
10.34,-4.5 10.46,-4.44
10.46,-4.44 10.64,-4.29
10.64,-4.29 10.68,-4.2
10.68,-4.2 10.68,-4.17
7.58,-4.17 7.58,-4.18
7.58,-4.18 7.58,-4.2
7.58,-4.2 7.59,-4.22
7.59,-4.22 7.65,-4.33
7.65,-4.33 7.75,-4.41
7.75,-4.41 7.77,-4.42
7.77,-4.42 7.8,-4.44
7.8,-4.44 8.04,-4.54
8.04,-4.54 8.36,-4.62
8.36,-4.62 8.41,-4.63
8.41,-4.63 8.45,-4.64
8.45,-4.64 8.82,-4.68
8.29,-4.88 7.94,-4.8
7.94,-4.8 7.66,-4.69
7.66,-4.69 7.47,-4.56
7.47,-4.56 7.38,-4.44
7.38,-4.44 7.38,-4.43
7.38,-4.43 7.37,-4.41
7.37,-4.41 7.37,-4.37
7.37,-4.37 7.41,-4.25
7.41,-4.25 7.42,-4.23
7.42,-4.23 7.43,-4.21
7.43,-4.21 7.58,-4.09
7.58,-3.71 7.72,-3.87
10.58,-3.82 10.68,-3.71
7.44,-3.35 7.58,-3.71
10.82,-3.32 10.68,-3.71
7.72,-2.89 7.43,-3.15
7.74,-2.89 7.45,-3.16
7.72,-2.89 7.72,-2.91
6.87,-4.77 7.37,-4.37
