5.67,-3.35 2.41,-3.76
2.23,-3.71 1.02,-2.65
1.51,-2.09 1.54,-2.08
1.36,-2.13 1.37,-2.12
1.45,-2.1 1.47,-2.12
1.37,-2.22 1.54,-2.2
1.54,-2.49 1.54,-1.44
3.74,-1.17 4.54,-1.29
1.54,-1.44 3.74,-1.17
4.54,-1.29 5.27,-1.93
5.27,-1.93 5.27,-2.84
2.42,-3.76 2.42,-3.76
2.76,-3.5 2.09,-2.91
2.76,-3.46 2.09,-2.88
1.1,-2.54 4.31,-2.14
4.51,-2.17 5.71,-3.23
4.01,-2.5 1.77,-2.78
4.99,-3.2 4.24,-2.55
1.69,-2.9 2.48,-3.6
2.75,-3.64 4.92,-3.37
4.94,-3.44 4.94,-3.44
1.43,-2.12 1.37,-2.13
1.37,-2.19 1.43,-2.18
1.45,-2.1 1.39,-2.11
1.46,-2.17 1.49,-2.17
1.48,-2.21 1.46,-2.17
1.46,-2.12 1.49,-2.12
1.46,-2.17 1.46,-2.12
1.48,-2.11 1.5,-2.11
1.46,-2.12 1.48,-2.11
1.6,-2.48 1.6,-1.44
3.74,-2.21 3.74,-1.17
4.24,-1.57 4.43,-1.6
4.43,-1.86 4.43,-1.6
4.24,-1.57 4.24,-1.83
4.24,-1.83 4.43,-1.86
3.51,-2 3.51,-1.46
2.61,-2.08 2.61,-1.6
2.96,-2.03 2.96,-1.56
2.04,-2.19 3.51,-2
2.04,-1.65 2.04,-2.19
2.04,-1.65 3.51,-1.46
5.19,-2.66 5.19,-2.12
4.84,-2.32 4.84,-1.85
4.63,-2.17 5.19,-2.66
4.98,-2.44 4.98,-1.96
4.63,-1.63 4.63,-2.17
4.63,-1.63 5.19,-2.12
2.35,-2.82 2.35,-2.82
4.54,-1.29 4.54,-2.2
2.78,-3.49 2.8,-3.52
2.8,-3.52 2.76,-3.5
2.78,-3.49 2.76,-3.46
2.09,-2.88 2.05,-2.86
2.05,-2.86 2.08,-2.9
2.08,-2.9 2.09,-2.91
2.35,-2.82 2.34,-2.81
4.53,-3.28 3.87,-2.69
4.53,-3.24 3.86,-2.66
4.56,-3.27 4.57,-3.3
4.57,-3.3 4.53,-3.28
4.56,-3.27 4.53,-3.24
3.86,-2.66 3.83,-2.64
3.83,-2.64 3.85,-2.68
3.85,-2.68 3.87,-2.69
3.05,-3.45 2.39,-2.87
3.05,-3.42 2.38,-2.84
3.08,-3.45 3.09,-3.48
3.09,-3.48 3.05,-3.45
3.08,-3.45 3.05,-3.42
2.38,-2.84 2.35,-2.82
2.35,-2.82 2.37,-2.86
2.37,-2.86 2.39,-2.87
3.35,-3.42 2.69,-2.84
3.35,-3.39 2.68,-2.81
3.38,-3.42 3.39,-3.44
3.39,-3.44 3.35,-3.42
3.38,-3.42 3.35,-3.39
2.68,-2.81 2.64,-2.78
2.64,-2.78 2.67,-2.82
2.67,-2.82 2.69,-2.84
3.64,-3.39 2.98,-2.8
3.64,-3.35 2.98,-2.77
3.67,-3.38 3.69,-3.41
3.69,-3.41 3.64,-3.39
3.67,-3.38 3.64,-3.35
2.98,-2.77 2.94,-2.75
2.94,-2.75 2.97,-2.79
2.97,-2.79 2.98,-2.8
3.94,-3.35 3.28,-2.76
3.94,-3.32 3.27,-2.73
3.97,-3.34 3.98,-3.37
3.98,-3.37 3.94,-3.35
3.97,-3.34 3.94,-3.32
3.27,-2.73 3.23,-2.71
3.23,-2.71 3.26,-2.75
3.26,-2.75 3.28,-2.76
4.24,-3.31 3.57,-2.73
4.24,-3.28 3.57,-2.7
4.26,-3.31 4.28,-3.33
4.28,-3.33 4.24,-3.31
4.26,-3.31 4.24,-3.28
3.57,-2.7 3.53,-2.67
3.53,-2.67 3.56,-2.71
3.56,-2.71 3.57,-2.73
1.37,-2.12 1.39,-2.11
1.45,-2.2 1.46,-2.21
1.1,-2.54 1.02,-2.59
1.02,-2.59 1.02,-2.65
1.77,-2.78 1.7,-2.84
1.7,-2.84 1.69,-2.9
2.48,-3.6 2.6,-3.64
2.6,-3.64 2.75,-3.64
4.01,-2.5 4.16,-2.5
4.16,-2.5 4.24,-2.55
4.99,-3.2 4.97,-3.3
4.97,-3.3 4.92,-3.37
2.23,-3.71 2.33,-3.76
2.33,-3.76 2.41,-3.76
4.31,-2.14 4.43,-2.14
4.43,-2.14 4.51,-2.17
5.71,-3.23 5.7,-3.3
5.7,-3.3 5.67,-3.35
1.36,-2.13 1.35,-2.16
1.35,-2.16 1.35,-2.18
1.35,-2.18 1.35,-2.2
1.35,-2.2 1.37,-2.22
1.45,-2.2 1.45,-2.16
1.45,-2.16 1.45,-2.11
1.51,-2.09 1.5,-2.11
1.5,-2.11 1.49,-2.12
1.49,-2.12 1.49,-2.17
1.49,-2.17 1.5,-2.21
