2.06,-3.58 3.83,-2.14
3.83,-2.14 5.91,-3.2
3.78,-4.56 5.97,-3.5
2.06,-3.58 2.04,-3.65
2.21,-3.9 3.78,-4.56
2.13,-3.76 3.69,-2.49
3.69,-2.49 3.88,-2.64
3.94,-2.67 4.03,-2.71
4.03,-2.71 2.44,-3.92
3.69,-2.49 3.82,-2.38
3.82,-2.38 3.91,-2.45
3.91,-2.45 4,-2.53
4,-2.53 4.18,-2.61
4.03,-2.71 4.18,-2.61
3.8,-2.54 3.86,-2.49
3.84,-2.57 3.89,-2.52
3.89,-2.61 3.94,-2.57
3.94,-2.64 3.99,-2.6
5.91,-3.2 6,-3.29
6,-3.29 6.02,-3.37
6.02,-3.37 6,-3.43
6,-3.43 5.97,-3.5
3.83,-2.14 3.83,-2.22
3.98,-2.45 4.04,-2.49
4.04,-2.49 4.15,-2.55
4.15,-2.55 5.97,-3.5
5.19,-3.09 2.96,-4.22
5.17,-3.19 3.04,-4.25
5.17,-3.19 5.73,-3.47
5.73,-3.47 3.6,-4.48
3.83,-2.22 3.86,-2.33
3.86,-2.33 3.92,-2.41
3.92,-2.41 3.98,-2.45
3.88,-2.64 3.94,-2.67
2.04,-3.65 2.04,-3.74
2.04,-3.74 2.08,-3.8
2.08,-3.8 2.14,-3.87
2.44,-3.92 2.21,-3.83
2.21,-3.83 2.13,-3.76
2.14,-3.87 2.21,-3.9
5.36,-3.38 3.35,-4.38
5.49,-3.44 3.48,-4.43
5.22,-3.32 3.2,-4.31
