.61,-3.41 .61,-2.1
1.08,-3.53 3.27,-3.11
.94,-1.51 .86,-1.48
.74,-3.47 .74,-1.55
.7,-3.47 .7,-1.94
1.08,-3.53 1.08,-2.18
.94,-1.51 3.09,-1.08
3.09,-1.08 3,-1.05
3,-1.05 .82,-1.47
1.09,-1.65 3.01,-1.29
1.03,-1.83 3.19,-1.41
.74,-3.47 .94,-3.53
3.27,-3.11 3.27,-2.1
2.15,-2.44 2.15,-3.32
1.08,-2.65 3.24,-2.23
1.08,-2.68 3.24,-2.27
1.08,-2.77 3.23,-2.36
1.08,-2.93 3.2,-2.52
1.08,-3.11 3.2,-2.7
1.08,-3.29 3.21,-2.87
1.08,-3.45 3.22,-3.03
1.44,-2.72 1.44,-3.37
1.79,-2.67 1.79,-3.29
2.51,-2.52 2.51,-3.15
2.85,-2.45 2.85,-3.09
2.17,-2.44 2.17,-3.32
3.24,-2.27 3.27,-2.28
3.24,-2.23 3.27,-2.24
3.23,-2.36 3.27,-2.38
3.2,-2.52 3.27,-2.54
3.2,-2.7 3.27,-2.72
3.21,-2.87 3.27,-2.89
3.22,-3.03 3.27,-3.05
.74,-1.55 .82,-1.47
.61,-3.41 .7,-3.47
.7,-3.47 .74,-3.47
.94,-3.53 1.08,-3.53
.94,-1.51 1.03,-1.66
1.03,-1.66 1.03,-1.83
1.03,-1.83 1.08,-2.18
.82,-1.47 .86,-1.48
3.09,-1.08 3.19,-1.41
3.19,-1.41 3.26,-2.24
3.27,-2.1 3.25,-1.39
3.25,-1.39 3.17,-1.12
3.09,-1.08 3.13,-1.08
3.13,-1.08 3.17,-1.12
2.96,-1.11 3.04,-1.44
.7,-1.94 .74,-1.89
.61,-2.1 .68,-1.92
.68,-1.92 .74,-1.86
1.01,-1.5 1.09,-1.65
1.09,-1.65 1.1,-1.82
1.08,-2.77 .83,-2.73
1.08,-2.93 .83,-2.89
1.08,-3.11 .83,-3.07
1.08,-3.29 .83,-3.25
1.08,-3.45 .83,-3.41
