1.86,-1.42 1.86,-1.91
1.86,-1.91 3.33,-2.08
3.33,-2.08 3.33,-1.6
1.86,-1.42 3.33,-1.6
3.33,-1.6 4.4,-1.17
1.86,-1.42 2.93,-.99
2.93,-.99 4.4,-1.17
3.33,-2.08 3.75,-1.91
4.03,-1.8 4.15,-1.75
4.4,-1.17 4.4,-1.32
4.09,-1.37 4.09,-1.74
4.09,-1.74 4.26,-1.77
4.26,-1.77 4.44,-1.69
4.44,-1.69 4.44,-1.32
4.26,-1.77 4.26,-1.4
4.09,-1.37 4.26,-1.4
4.26,-1.4 4.44,-1.32
4.09,-1.37 4.27,-1.3
4.27,-1.3 4.44,-1.32
4.03,-1.83 3.8,-1.92
3.8,-1.92 3.75,-1.91
3.75,-1.91 3.75,-1.43
3.75,-1.43 3.8,-1.44
3.8,-1.44 4.03,-1.35
3.98,-1.34 4.03,-1.35
3.8,-1.44 3.8,-1.92
4.03,-1.35 4.03,-1.83
2.1,-1.54 2.09,-1.54
2.09,-1.54 2.08,-1.55
2.08,-1.55 2.07,-1.55
2.07,-1.55 2.07,-1.56
2.07,-1.56 2.06,-1.57
2.06,-1.57 2.04,-1.59
2.04,-1.59 2.04,-1.61
2.04,-1.61 2.03,-1.63
2.03,-1.63 2.03,-1.65
2.03,-1.65 2.04,-1.67
2.04,-1.67 2.04,-1.69
2.04,-1.69 2.05,-1.71
2.05,-1.71 2.06,-1.72
2.06,-1.72 2.07,-1.74
2.07,-1.74 2.09,-1.75
2.09,-1.75 2.1,-1.76
2.1,-1.76 2.12,-1.76
2.12,-1.76 2.14,-1.75
2.14,-1.75 2.15,-1.75
2.15,-1.75 2.16,-1.74
2.16,-1.74 2.17,-1.73
2.17,-1.73 2.18,-1.72
2.18,-1.72 2.18,-1.71
2.18,-1.71 2.19,-1.69
2.19,-1.69 2.19,-1.67
2.19,-1.67 2.19,-1.65
2.19,-1.65 2.19,-1.63
2.19,-1.63 2.18,-1.61
2.18,-1.61 2.18,-1.59
2.18,-1.59 2.17,-1.58
2.17,-1.58 2.16,-1.56
2.16,-1.56 2.14,-1.55
2.14,-1.55 2.14,-1.55
2.14,-1.55 2.13,-1.54
2.13,-1.54 2.12,-1.54
2.12,-1.54 2.1,-1.54
2.15,-1.52 2.16,-1.52
2.16,-1.52 2.16,-1.53
2.16,-1.53 2.17,-1.53
2.17,-1.53 2.17,-1.53
2.17,-1.53 2.18,-1.54
2.18,-1.54 2.18,-1.54
2.18,-1.54 2.19,-1.55
2.19,-1.55 2.19,-1.56
2.19,-1.56 2.2,-1.56
2.2,-1.56 2.2,-1.57
2.2,-1.57 2.21,-1.59
2.21,-1.59 2.21,-1.6
2.21,-1.6 2.21,-1.62
2.21,-1.62 2.22,-1.66
2.22,-1.66 2.22,-1.67
2.22,-1.67 2.21,-1.7
2.21,-1.7 2.21,-1.72
2.21,-1.72 2.2,-1.73
2.2,-1.73 2.19,-1.74
2.19,-1.74 2.18,-1.75
2.18,-1.75 2.17,-1.76
2.17,-1.76 2.17,-1.76
2.1,-1.54 2.12,-1.53
2.12,-1.53 2.15,-1.52
2.12,-1.76 2.14,-1.76
2.14,-1.76 2.16,-1.76
2.1,-1.54 2.11,-1.53
2.11,-1.53 2.11,-1.52
2.11,-1.52 2.12,-1.52
2.12,-1.52 2.12,-1.52
2.12,-1.52 2.12,-1.51
2.12,-1.51 2.13,-1.51
2.13,-1.51 2.14,-1.51
2.14,-1.51 2.14,-1.5
2.14,-1.5 2.15,-1.5
2.15,-1.5 2.16,-1.51
2.16,-1.51 2.17,-1.51
2.17,-1.51 2.18,-1.51
2.18,-1.51 2.18,-1.52
2.18,-1.52 2.19,-1.52
2.19,-1.52 2.19,-1.53
2.19,-1.53 2.19,-1.53
2.19,-1.53 2.2,-1.53
2.2,-1.53 2.2,-1.54
2.2,-1.54 2.2,-1.54
2.2,-1.54 2.21,-1.55
2.21,-1.55 2.21,-1.56
2.21,-1.56 2.22,-1.57
2.22,-1.57 2.22,-1.59
2.22,-1.59 2.23,-1.6
2.23,-1.6 2.23,-1.63
2.23,-1.63 2.23,-1.65
2.23,-1.65 2.23,-1.67
2.23,-1.67 2.23,-1.69
2.23,-1.69 2.22,-1.71
2.22,-1.71 2.21,-1.73
2.21,-1.73 2.21,-1.75
2.21,-1.75 2.2,-1.76
2.2,-1.76 2.18,-1.77
2.18,-1.77 2.17,-1.77
2.17,-1.77 2.16,-1.77
2.16,-1.77 2.16,-1.77
2.16,-1.77 2.15,-1.77
2.15,-1.77 2.14,-1.77
2.14,-1.77 2.13,-1.77
2.13,-1.77 2.12,-1.76
2.81,-1.63 2.8,-1.63
2.8,-1.63 2.79,-1.64
2.79,-1.64 2.78,-1.64
2.78,-1.64 2.77,-1.65
2.77,-1.65 2.76,-1.66
2.76,-1.66 2.75,-1.68
2.75,-1.68 2.75,-1.7
2.75,-1.7 2.74,-1.72
2.74,-1.72 2.74,-1.74
2.74,-1.74 2.75,-1.77
2.75,-1.77 2.75,-1.79
2.75,-1.79 2.76,-1.8
2.76,-1.8 2.77,-1.82
2.77,-1.82 2.78,-1.83
2.78,-1.83 2.79,-1.84
2.79,-1.84 2.81,-1.85
2.81,-1.85 2.83,-1.85
2.83,-1.85 2.85,-1.85
2.85,-1.85 2.86,-1.84
2.86,-1.84 2.87,-1.83
2.87,-1.83 2.88,-1.82
2.88,-1.82 2.88,-1.81
2.88,-1.81 2.89,-1.8
2.89,-1.8 2.89,-1.78
2.89,-1.78 2.9,-1.77
2.9,-1.77 2.9,-1.74
2.9,-1.74 2.9,-1.72
2.9,-1.72 2.89,-1.7
2.89,-1.7 2.89,-1.69
2.89,-1.69 2.88,-1.67
2.88,-1.67 2.87,-1.66
2.87,-1.66 2.85,-1.64
2.85,-1.64 2.85,-1.64
2.85,-1.64 2.84,-1.63
2.84,-1.63 2.83,-1.63
2.83,-1.63 2.81,-1.63
2.86,-1.62 2.86,-1.62
2.86,-1.62 2.87,-1.62
2.87,-1.62 2.88,-1.62
2.88,-1.62 2.88,-1.62
2.88,-1.62 2.89,-1.63
2.89,-1.63 2.89,-1.63
2.89,-1.63 2.9,-1.64
2.9,-1.64 2.9,-1.65
2.9,-1.65 2.9,-1.65
2.9,-1.65 2.91,-1.66
2.91,-1.66 2.92,-1.69
2.92,-1.69 2.92,-1.7
2.92,-1.7 2.92,-1.71
2.92,-1.71 2.93,-1.75
2.93,-1.75 2.92,-1.77
2.92,-1.77 2.92,-1.79
2.92,-1.79 2.91,-1.81
2.91,-1.81 2.91,-1.83
2.91,-1.83 2.9,-1.84
2.9,-1.84 2.89,-1.85
2.89,-1.85 2.88,-1.85
2.88,-1.85 2.87,-1.85
2.81,-1.63 2.83,-1.62
2.83,-1.62 2.86,-1.62
2.83,-1.85 2.85,-1.85
2.85,-1.85 2.87,-1.85
2.81,-1.63 2.82,-1.62
2.82,-1.62 2.82,-1.62
2.82,-1.62 2.82,-1.61
2.82,-1.61 2.83,-1.61
2.83,-1.61 2.83,-1.61
2.83,-1.61 2.84,-1.6
2.84,-1.6 2.84,-1.6
2.84,-1.6 2.85,-1.6
2.85,-1.6 2.86,-1.6
2.86,-1.6 2.87,-1.6
2.87,-1.6 2.88,-1.6
2.88,-1.6 2.89,-1.61
2.89,-1.61 2.89,-1.61
2.89,-1.61 2.9,-1.62
2.9,-1.62 2.9,-1.62
2.9,-1.62 2.9,-1.62
2.9,-1.62 2.91,-1.63
2.91,-1.63 2.91,-1.63
2.91,-1.63 2.91,-1.64
2.91,-1.64 2.92,-1.64
2.92,-1.64 2.92,-1.65
2.92,-1.65 2.93,-1.67
2.93,-1.67 2.93,-1.68
2.93,-1.68 2.93,-1.7
2.93,-1.7 2.94,-1.72
2.94,-1.72 2.94,-1.74
2.94,-1.74 2.94,-1.76
2.94,-1.76 2.94,-1.78
2.94,-1.78 2.93,-1.8
2.93,-1.8 2.92,-1.82
2.92,-1.82 2.91,-1.84
2.91,-1.84 2.9,-1.85
2.9,-1.85 2.89,-1.86
2.89,-1.86 2.88,-1.87
2.88,-1.87 2.87,-1.87
2.87,-1.87 2.87,-1.87
2.87,-1.87 2.86,-1.87
2.86,-1.87 2.85,-1.86
2.85,-1.86 2.84,-1.86
2.84,-1.86 2.83,-1.85
