4.43,-1.7 6.66,-1.82
6.66,-1.82 6.93,-1.4
6.93,-1.4 6.9,-1.4
6.72,-1.39 6.25,-1.37
6.2,-1.36 5.75,-1.34
5.23,-1.31 4.7,-1.28
6.66,-1.82 6.66,-9.82
6.93,-1.4 6.93,-1.69
6.93,-1.81 6.93,-1.83
5.04,-1.37 4.82,-1.71
4.82,-1.71 4.82,-9.71
6.12,-1.63 6.12,-1.48
6.33,-1.64 6.33,-1.49
5.44,-1.64 5.44,-1.28
5.75,-1.65 5.75,-1.29
5.23,-1.47 5.23,-1.25
5.31,-1.25 5.31,-.98
5.38,-1.25 5.38,-.98
5.55,-1.28 5.55,-.89
5.62,-1.28 5.62,-.9
6.2,-1.48 6.2,-1.32
6.25,-1.48 6.25,-1.32
6.68,-1.49 6.87,-1.5
6.9,-1.44 6.9,-1.29
6.9,-1.29 6.88,-1.33
6.68,-1.49 6.72,-1.43
6.72,-1.43 6.9,-1.44
6.72,-1.43 6.72,-1.34
6.72,-1.28 6.7,-1.32
6.7,-1.32 6.77,-1.33
6.79,-1.33 6.88,-1.33
6.72,-1.28 6.9,-1.29
6.77,-1.3 6.82,-1.3
6.82,-1.3 6.82,-1.31
6.82,-1.31 6.8,-1.31
6.8,-1.31 6.79,-1.33
6.77,-1.33 6.79,-1.31
6.79,-1.31 6.77,-1.31
6.77,-1.31 6.77,-1.3
4.7,-1.28 4.43,-1.69
4.43,-1.69 4.43,-9.69
4.97,-1.37 5.15,-1.38
5.19,-1.32 5.19,-1.17
5.19,-1.17 5.17,-1.21
4.97,-1.37 5.01,-1.31
5.01,-1.31 5.19,-1.32
5.01,-1.31 5.01,-1.22
5.01,-1.16 4.99,-1.2
4.99,-1.2 5.06,-1.2
5.08,-1.2 5.17,-1.21
5.01,-1.16 5.19,-1.17
5.06,-1.17 5.11,-1.18
5.11,-1.18 5.11,-1.19
5.11,-1.19 5.09,-1.19
5.09,-1.19 5.08,-1.2
5.06,-1.2 5.07,-1.18
5.07,-1.18 5.06,-1.18
5.06,-1.18 5.06,-1.17
5.15,-1.38 5.19,-1.32
4.99,-1.2 4.99,-1.22
5.17,-1.21 5.17,-1.23
4.99,-1.22 5.06,-1.22
5.08,-1.22 5.17,-1.23
5.06,-1.2 5.06,-1.22
5.08,-1.2 5.08,-1.22
6.7,-1.32 6.7,-1.34
6.88,-1.33 6.88,-1.35
6.7,-1.34 6.77,-1.34
6.79,-1.34 6.88,-1.35
6.77,-1.33 6.77,-1.34
6.79,-1.33 6.79,-1.34
6.66,-9.82 6.93,-9.4
4.43,-9.69 6.66,-9.82
6.93,-9.4 6.93,-9.02
6.93,-8.97 6.93,-8.95
6.93,-8.83 6.93,-8.37
6.93,-8.32 6.93,-8.3
6.93,-8.18 6.93,-7.72
6.93,-7.67 6.93,-7.65
6.93,-7.53 6.93,-7.06
6.93,-7.01 6.93,-6.99
6.93,-6.87 6.93,-6.42
6.93,-6.37 6.93,-6.35
6.93,-6.23 6.93,-5.76
6.93,-5.71 6.93,-5.69
6.93,-5.57 6.93,-5.11
6.93,-5.06 6.93,-5.04
6.93,-4.92 6.93,-4.47
6.93,-4.42 6.93,-4.4
6.93,-4.28 6.93,-3.82
6.93,-3.77 6.93,-3.75
6.93,-3.63 6.93,-3.17
6.93,-3.12 6.93,-3.1
6.93,-2.98 6.93,-2.52
6.93,-2.47 6.93,-2.45
6.93,-2.33 6.93,-1.88
5.31,-.98 5.31,-.98
5.31,-.98 5.31,-.97
5.31,-.97 5.31,-.97
5.31,-.97 5.32,-.97
5.32,-.97 5.32,-.97
5.32,-.97 5.32,-.97
5.32,-.97 5.32,-.97
5.32,-.97 5.32,-.97
5.32,-.97 5.32,-.97
5.32,-.97 5.33,-.97
5.33,-.97 5.33,-.97
5.33,-.97 5.33,-.97
5.33,-.97 5.33,-.97
5.33,-.97 5.33,-.97
5.33,-.97 5.33,-.97
5.33,-.97 5.33,-.97
5.33,-.97 5.33,-.97
5.33,-.97 5.33,-.97
5.33,-.97 5.34,-.97
5.34,-.97 5.34,-.97
5.34,-.97 5.34,-.97
5.34,-.97 5.34,-.97
5.34,-.97 5.35,-.97
5.35,-.97 5.35,-.97
5.35,-.97 5.35,-.97
5.35,-.97 5.35,-.97
5.35,-.97 5.36,-.97
5.36,-.97 5.36,-.97
5.36,-.97 5.36,-.97
5.36,-.97 5.37,-.97
5.37,-.97 5.37,-.97
5.37,-.97 5.37,-.97
5.37,-.97 5.37,-.98
5.37,-.98 5.38,-.98
5.38,-.98 5.38,-.98
5.38,-.98 5.38,-.98
5.38,-.98 5.38,-.98
5.38,-.98 5.38,-.98
5.38,-.98 5.38,-.98
5.38,-.98 5.38,-.98
5.38,-.98 5.37,-.98
5.37,-.98 5.37,-.98
5.37,-.98 5.37,-.98
5.37,-.98 5.37,-.98
5.37,-.98 5.36,-.98
5.36,-.98 5.36,-.98
5.36,-.98 5.36,-.98
5.36,-.98 5.36,-.98
5.36,-.98 5.35,-.98
5.35,-.98 5.35,-.98
5.35,-.98 5.35,-.98
5.35,-.98 5.35,-.98
5.35,-.98 5.34,-.98
5.34,-.98 5.34,-.98
5.34,-.98 5.34,-.98
5.34,-.98 5.34,-.98
5.34,-.98 5.34,-.98
5.34,-.98 5.33,-.98
5.33,-.98 5.33,-.98
5.33,-.98 5.33,-.98
5.33,-.98 5.33,-.98
5.33,-.98 5.32,-.98
5.32,-.98 5.32,-.98
5.32,-.98 5.32,-.98
5.32,-.98 5.32,-.98
5.32,-.98 5.31,-.98
5.31,-.98 5.31,-.98
5.31,-.98 5.31,-.98
5.31,-.98 5.31,-.98
5.38,-1.25 5.38,-1.25
5.38,-1.25 5.38,-1.25
5.38,-1.25 5.38,-1.26
5.38,-1.26 5.37,-1.26
5.37,-1.26 5.37,-1.26
5.37,-1.26 5.37,-1.26
5.37,-1.26 5.37,-1.26
5.37,-1.26 5.36,-1.26
5.36,-1.26 5.36,-1.26
5.36,-1.26 5.36,-1.26
5.36,-1.26 5.36,-1.26
5.36,-1.26 5.35,-1.26
5.35,-1.26 5.35,-1.26
5.35,-1.26 5.35,-1.26
5.35,-1.26 5.35,-1.26
5.35,-1.26 5.34,-1.26
5.34,-1.26 5.34,-1.26
5.34,-1.26 5.34,-1.26
5.34,-1.26 5.34,-1.26
5.34,-1.26 5.34,-1.26
5.34,-1.26 5.33,-1.26
5.33,-1.26 5.33,-1.26
5.33,-1.26 5.33,-1.26
5.33,-1.26 5.33,-1.26
5.33,-1.26 5.32,-1.25
5.32,-1.25 5.32,-1.25
5.32,-1.25 5.32,-1.25
5.32,-1.25 5.32,-1.25
5.32,-1.25 5.31,-1.25
5.31,-1.25 5.31,-1.25
5.31,-1.25 5.31,-1.25
5.31,-1.25 5.31,-1.25
5.23,-1.25 5.24,-1.25
5.24,-1.25 5.24,-1.25
5.24,-1.25 5.24,-1.25
5.24,-1.25 5.25,-1.25
5.25,-1.25 5.25,-1.24
5.25,-1.24 5.25,-1.24
5.25,-1.24 5.26,-1.24
5.26,-1.24 5.26,-1.24
5.26,-1.24 5.26,-1.24
5.26,-1.24 5.27,-1.24
5.27,-1.24 5.27,-1.24
5.27,-1.24 5.27,-1.24
5.27,-1.24 5.28,-1.24
5.28,-1.24 5.28,-1.24
5.28,-1.24 5.29,-1.24
5.29,-1.24 5.29,-1.24
5.29,-1.24 5.29,-1.24
5.29,-1.24 5.3,-1.24
5.3,-1.24 5.3,-1.24
5.3,-1.24 5.3,-1.24
5.3,-1.24 5.31,-1.24
5.31,-1.24 5.31,-1.24
5.31,-1.24 5.31,-1.24
5.31,-1.24 5.31,-1.24
5.23,-1.25 5.23,-1.25
5.23,-1.25 5.24,-1.26
5.24,-1.26 5.24,-1.26
5.24,-1.26 5.24,-1.26
5.24,-1.26 5.24,-1.26
5.24,-1.26 5.25,-1.26
5.25,-1.26 5.26,-1.27
5.26,-1.27 5.27,-1.27
5.27,-1.27 5.28,-1.27
5.28,-1.27 5.3,-1.27
5.3,-1.27 5.31,-1.28
5.31,-1.28 5.32,-1.28
5.32,-1.28 5.34,-1.28
5.34,-1.28 5.35,-1.28
5.35,-1.28 5.37,-1.28
5.37,-1.28 5.38,-1.28
5.38,-1.28 5.39,-1.28
5.39,-1.28 5.4,-1.28
5.4,-1.28 5.41,-1.28
5.41,-1.28 5.43,-1.28
5.43,-1.28 5.43,-1.27
5.43,-1.27 5.44,-1.27
5.44,-1.27 5.44,-1.27
5.44,-1.27 5.44,-1.27
5.44,-1.27 5.44,-1.26
5.44,-1.26 5.44,-1.26
5.44,-1.26 5.43,-1.26
5.43,-1.26 5.43,-1.26
5.43,-1.26 5.42,-1.25
5.42,-1.25 5.41,-1.25
5.41,-1.25 5.41,-1.25
6.8,-1.8 7.27,-1.83
6.74,-1.87 6.96,-1.88
5.44,-1.46 5.43,-1.46
5.43,-1.46 5.43,-1.46
5.43,-1.46 5.41,-1.45
5.41,-1.45 5.39,-1.45
5.39,-1.45 5.36,-1.45
5.36,-1.45 5.34,-1.45
5.34,-1.45 5.31,-1.45
5.31,-1.45 5.29,-1.45
5.29,-1.45 5.27,-1.45
5.27,-1.45 5.26,-1.45
5.26,-1.45 5.24,-1.46
5.24,-1.46 5.24,-1.46
5.24,-1.46 5.23,-1.46
5.23,-1.46 5.23,-1.47
5.23,-1.47 5.23,-1.47
5.23,-1.47 5.23,-1.47
5.23,-1.47 5.23,-1.47
5.23,-1.47 5.24,-1.48
5.24,-1.48 5.25,-1.48
5.25,-1.48 5.25,-1.48
5.25,-1.48 5.26,-1.49
5.26,-1.49 5.28,-1.49
5.28,-1.49 5.3,-1.5
5.3,-1.5 5.32,-1.5
5.32,-1.5 5.34,-1.5
5.34,-1.5 5.36,-1.5
5.36,-1.5 5.38,-1.5
5.38,-1.5 5.39,-1.5
5.39,-1.5 5.4,-1.5
5.4,-1.5 5.41,-1.5
5.41,-1.5 5.42,-1.5
5.42,-1.5 5.43,-1.5
5.43,-1.5 5.44,-1.5
5.75,-1.65 5.75,-1.65
5.75,-1.65 5.75,-1.65
5.75,-1.65 5.75,-1.64
5.75,-1.64 5.74,-1.64
5.74,-1.64 5.73,-1.63
5.73,-1.63 5.72,-1.63
5.72,-1.63 5.7,-1.63
5.7,-1.63 5.68,-1.62
5.68,-1.62 5.66,-1.62
5.66,-1.62 5.64,-1.62
5.64,-1.62 5.62,-1.62
5.62,-1.62 5.6,-1.62
5.6,-1.62 5.58,-1.61
5.58,-1.61 5.55,-1.61
5.55,-1.61 5.54,-1.61
5.54,-1.61 5.52,-1.61
5.52,-1.61 5.5,-1.62
5.5,-1.62 5.48,-1.62
5.48,-1.62 5.45,-1.63
5.45,-1.63 5.44,-1.63
5.44,-1.63 5.44,-1.63
5.44,-1.63 5.44,-1.64
5.44,-1.64 5.44,-1.64
5.44,-1.64 5.44,-1.64
5.44,-1.64 5.44,-1.64
5.44,-1.64 5.45,-1.64
5.45,-1.64 5.46,-1.65
5.46,-1.65 5.48,-1.65
5.48,-1.65 5.49,-1.66
5.49,-1.66 5.51,-1.66
5.51,-1.66 5.54,-1.66
5.54,-1.66 5.56,-1.67
5.56,-1.67 5.59,-1.67
5.59,-1.67 5.61,-1.67
5.61,-1.67 5.63,-1.67
5.63,-1.67 5.65,-1.67
5.65,-1.67 5.67,-1.67
5.67,-1.67 5.69,-1.67
5.69,-1.67 5.71,-1.66
5.71,-1.66 5.73,-1.66
5.73,-1.66 5.74,-1.66
5.74,-1.66 5.75,-1.66
5.75,-1.66 5.75,-1.65
5.75,-1.65 5.75,-1.65
5.75,-1.29 5.75,-1.28
5.75,-1.28 5.74,-1.28
5.74,-1.28 5.73,-1.28
5.73,-1.28 5.71,-1.27
5.71,-1.27 5.7,-1.27
5.7,-1.27 5.68,-1.26
5.68,-1.26 5.66,-1.26
5.66,-1.26 5.64,-1.26
5.64,-1.26 5.62,-1.26
5.55,-1.26 5.54,-1.26
5.54,-1.26 5.52,-1.26
5.52,-1.26 5.5,-1.26
5.5,-1.26 5.47,-1.26
5.47,-1.26 5.45,-1.27
5.45,-1.27 5.44,-1.27
5.44,-1.27 5.44,-1.27
5.44,-1.27 5.44,-1.28
5.44,-1.28 5.44,-1.28
5.44,-1.28 5.44,-1.28
5.44,-1.28 5.44,-1.28
5.44,-1.28 5.45,-1.29
5.45,-1.29 5.46,-1.29
5.46,-1.29 5.47,-1.3
5.47,-1.3 5.49,-1.3
5.49,-1.3 5.51,-1.3
5.51,-1.3 5.54,-1.31
5.54,-1.31 5.56,-1.31
5.56,-1.31 5.58,-1.31
5.58,-1.31 5.61,-1.31
5.61,-1.31 5.63,-1.31
5.63,-1.31 5.65,-1.31
5.65,-1.31 5.67,-1.31
5.67,-1.31 5.69,-1.31
5.69,-1.31 5.71,-1.31
5.71,-1.31 5.73,-1.3
5.73,-1.3 5.74,-1.3
5.74,-1.3 5.75,-1.3
5.75,-1.3 5.75,-1.29
5.75,-1.29 5.75,-1.29
5.75,-1.29 5.75,-1.29
5.75,-1.29 5.75,-1.29
5.75,-1.29 5.75,-1.29
5.55,-1.28 5.55,-1.28
5.55,-1.28 5.55,-1.28
5.55,-1.28 5.55,-1.28
5.55,-1.28 5.55,-1.28
5.55,-1.28 5.56,-1.28
5.56,-1.28 5.56,-1.29
5.56,-1.29 5.56,-1.29
5.56,-1.29 5.57,-1.29
5.57,-1.29 5.57,-1.29
5.57,-1.29 5.58,-1.29
5.58,-1.29 5.58,-1.29
5.58,-1.29 5.59,-1.29
5.59,-1.29 5.59,-1.29
5.59,-1.29 5.6,-1.29
5.6,-1.29 5.6,-1.29
5.6,-1.29 5.6,-1.29
5.6,-1.29 5.61,-1.29
5.61,-1.29 5.61,-1.29
5.61,-1.29 5.61,-1.29
5.61,-1.29 5.61,-1.29
5.61,-1.29 5.61,-1.29
5.61,-1.29 5.61,-1.29
5.61,-1.29 5.61,-1.29
5.61,-1.29 5.61,-1.29
5.61,-1.29 5.61,-1.29
5.61,-1.29 5.62,-1.29
5.62,-1.29 5.62,-1.29
5.62,-1.29 5.62,-1.29
5.62,-1.29 5.62,-1.29
5.62,-1.29 5.62,-1.29
5.62,-1.29 5.62,-1.28
5.62,-1.28 5.62,-1.28
5.62,-1.28 5.62,-1.28
5.55,-.89 5.55,-.89
5.55,-.89 5.55,-.89
5.55,-.89 5.55,-.89
5.55,-.89 5.55,-.89
5.55,-.89 5.55,-.89
5.55,-.89 5.56,-.89
5.56,-.89 5.56,-.89
5.56,-.89 5.56,-.89
5.56,-.89 5.56,-.89
5.56,-.89 5.57,-.89
5.57,-.89 5.57,-.89
5.57,-.89 5.57,-.89
5.57,-.89 5.58,-.89
5.58,-.89 5.58,-.89
5.58,-.89 5.59,-.89
5.59,-.89 5.59,-.89
5.59,-.89 5.6,-.89
5.6,-.89 5.6,-.89
5.6,-.89 5.61,-.89
5.61,-.89 5.61,-.89
5.61,-.89 5.61,-.89
5.61,-.89 5.62,-.9
5.62,-.9 5.62,-.9
5.62,-.9 5.62,-.9
5.62,-.9 5.62,-.9
5.62,-.9 5.62,-.9
5.62,-.9 5.62,-.9
5.62,-.9 5.62,-.9
5.62,-.9 5.61,-.9
5.61,-.9 5.61,-.9
5.61,-.9 5.61,-.9
5.61,-.9 5.61,-.9
5.61,-.9 5.61,-.9
5.61,-.9 5.61,-.9
5.61,-.9 5.61,-.9
5.61,-.9 5.61,-.9
5.61,-.9 5.61,-.9
5.61,-.9 5.6,-.9
5.6,-.9 5.6,-.9
5.6,-.9 5.6,-.9
5.6,-.9 5.6,-.9
5.6,-.9 5.6,-.9
5.6,-.9 5.6,-.9
5.6,-.9 5.59,-.9
5.59,-.9 5.59,-.9
5.59,-.9 5.58,-.9
5.58,-.9 5.58,-.9
5.58,-.9 5.57,-.9
5.57,-.9 5.57,-.9
5.57,-.9 5.56,-.9
5.56,-.9 5.56,-.9
5.56,-.9 5.56,-.9
5.56,-.9 5.55,-.9
5.55,-.9 5.55,-.9
5.55,-.9 5.55,-.9
5.55,-.9 5.55,-.89
5.55,-.89 5.55,-.89
5.55,-.89 5.55,-.89
5.55,-.89 5.55,-.89
6.12,-1.63 6.12,-1.62
6.12,-1.62 6.13,-1.62
6.13,-1.62 6.13,-1.62
6.13,-1.62 6.14,-1.61
6.14,-1.61 6.14,-1.61
6.14,-1.61 6.14,-1.61
6.14,-1.61 6.15,-1.61
6.15,-1.61 6.16,-1.61
6.16,-1.61 6.17,-1.61
6.17,-1.61 6.18,-1.61
6.18,-1.61 6.19,-1.61
6.19,-1.61 6.2,-1.61
6.2,-1.61 6.21,-1.61
6.21,-1.61 6.22,-1.61
6.22,-1.61 6.23,-1.61
6.23,-1.61 6.24,-1.61
6.24,-1.61 6.25,-1.61
6.25,-1.61 6.26,-1.61
6.26,-1.61 6.28,-1.61
6.28,-1.61 6.29,-1.61
6.29,-1.61 6.3,-1.62
6.3,-1.62 6.3,-1.62
6.3,-1.62 6.31,-1.62
6.31,-1.62 6.31,-1.62
6.31,-1.62 6.32,-1.62
6.32,-1.62 6.32,-1.63
6.32,-1.63 6.32,-1.63
6.32,-1.63 6.32,-1.63
6.32,-1.63 6.33,-1.63
6.33,-1.63 6.33,-1.64
6.33,-1.64 6.33,-1.64
6.33,-1.64 6.32,-1.64
6.32,-1.64 6.31,-1.64
6.31,-1.64 6.31,-1.65
6.31,-1.65 6.3,-1.65
6.3,-1.65 6.29,-1.65
6.29,-1.65 6.28,-1.65
6.28,-1.65 6.27,-1.65
6.27,-1.65 6.26,-1.65
6.26,-1.65 6.24,-1.65
6.24,-1.65 6.23,-1.65
6.23,-1.65 6.21,-1.65
6.21,-1.65 6.2,-1.65
6.2,-1.65 6.19,-1.65
6.19,-1.65 6.18,-1.65
6.18,-1.65 6.17,-1.65
6.17,-1.65 6.15,-1.64
6.15,-1.64 6.14,-1.64
6.14,-1.64 6.13,-1.64
6.13,-1.64 6.13,-1.63
6.13,-1.63 6.12,-1.63
6.12,-1.63 6.12,-1.63
6.12,-1.63 6.12,-1.63
6.12,-1.48 6.12,-1.48
6.12,-1.48 6.13,-1.47
6.13,-1.47 6.13,-1.47
6.13,-1.47 6.14,-1.47
6.14,-1.47 6.14,-1.47
6.14,-1.47 6.14,-1.47
6.14,-1.47 6.15,-1.47
6.15,-1.47 6.16,-1.46
6.16,-1.46 6.17,-1.46
6.17,-1.46 6.18,-1.46
6.18,-1.46 6.19,-1.46
6.19,-1.46 6.2,-1.46
6.25,-1.46 6.26,-1.46
6.26,-1.46 6.28,-1.47
6.28,-1.47 6.29,-1.47
6.29,-1.47 6.3,-1.47
6.3,-1.47 6.3,-1.47
6.3,-1.47 6.31,-1.47
6.31,-1.47 6.31,-1.48
6.31,-1.48 6.32,-1.48
6.32,-1.48 6.32,-1.48
6.32,-1.48 6.32,-1.48
6.32,-1.48 6.32,-1.48
6.32,-1.48 6.33,-1.49
6.33,-1.49 6.33,-1.49
6.33,-1.49 6.33,-1.49
6.33,-1.49 6.32,-1.5
6.32,-1.5 6.31,-1.5
6.31,-1.5 6.31,-1.5
6.31,-1.5 6.3,-1.5
6.3,-1.5 6.29,-1.5
6.29,-1.5 6.28,-1.51
6.28,-1.51 6.27,-1.51
6.27,-1.51 6.26,-1.51
6.26,-1.51 6.24,-1.51
6.24,-1.51 6.23,-1.51
6.23,-1.51 6.21,-1.51
6.21,-1.51 6.2,-1.51
6.2,-1.51 6.19,-1.5
6.19,-1.5 6.18,-1.5
6.18,-1.5 6.17,-1.5
6.17,-1.5 6.15,-1.5
6.15,-1.5 6.14,-1.49
6.14,-1.49 6.13,-1.49
6.13,-1.49 6.13,-1.49
6.13,-1.49 6.12,-1.48
6.12,-1.48 6.12,-1.48
6.12,-1.48 6.12,-1.48
6.2,-1.48 6.2,-1.48
6.2,-1.48 6.2,-1.48
6.2,-1.48 6.2,-1.48
6.2,-1.48 6.2,-1.48
6.2,-1.48 6.2,-1.48
6.2,-1.48 6.2,-1.48
6.2,-1.48 6.2,-1.48
6.2,-1.48 6.2,-1.48
6.2,-1.48 6.2,-1.48
6.2,-1.48 6.2,-1.48
6.2,-1.48 6.2,-1.48
6.2,-1.48 6.2,-1.49
6.2,-1.49 6.21,-1.49
6.21,-1.49 6.21,-1.49
6.21,-1.49 6.22,-1.49
6.22,-1.49 6.22,-1.49
6.22,-1.49 6.22,-1.49
6.22,-1.49 6.23,-1.49
6.23,-1.49 6.23,-1.49
6.23,-1.49 6.23,-1.49
6.23,-1.49 6.24,-1.49
6.24,-1.49 6.24,-1.49
6.24,-1.49 6.24,-1.49
6.24,-1.49 6.25,-1.49
6.25,-1.49 6.25,-1.49
6.25,-1.49 6.25,-1.49
6.25,-1.49 6.25,-1.49
6.25,-1.49 6.25,-1.49
6.25,-1.49 6.25,-1.49
6.25,-1.49 6.25,-1.49
6.25,-1.49 6.25,-1.48
6.25,-1.48 6.25,-1.48
6.25,-1.48 6.25,-1.48
6.25,-1.48 6.25,-1.48
6.25,-1.48 6.25,-1.48
6.25,-1.48 6.25,-1.48
6.25,-1.48 6.25,-1.48
6.2,-1.32 6.2,-1.31
6.2,-1.31 6.2,-1.31
6.2,-1.31 6.2,-1.31
6.2,-1.31 6.2,-1.31
6.2,-1.31 6.2,-1.31
6.2,-1.31 6.2,-1.31
6.2,-1.31 6.2,-1.31
6.2,-1.31 6.2,-1.31
6.2,-1.31 6.21,-1.31
6.21,-1.31 6.21,-1.31
6.21,-1.31 6.21,-1.31
6.21,-1.31 6.21,-1.31
6.21,-1.31 6.21,-1.31
6.21,-1.31 6.21,-1.31
6.21,-1.31 6.21,-1.31
6.21,-1.31 6.21,-1.31
6.21,-1.31 6.22,-1.31
6.22,-1.31 6.22,-1.31
6.22,-1.31 6.22,-1.31
6.22,-1.31 6.22,-1.31
6.22,-1.31 6.22,-1.31
6.22,-1.31 6.22,-1.31
6.22,-1.31 6.23,-1.31
6.23,-1.31 6.23,-1.31
6.23,-1.31 6.23,-1.31
6.23,-1.31 6.23,-1.31
6.23,-1.31 6.23,-1.31
6.23,-1.31 6.24,-1.31
6.24,-1.31 6.24,-1.31
6.24,-1.31 6.24,-1.31
6.24,-1.31 6.24,-1.31
6.24,-1.31 6.24,-1.31
6.24,-1.31 6.24,-1.31
6.24,-1.31 6.25,-1.31
6.25,-1.31 6.25,-1.31
6.25,-1.31 6.25,-1.31
6.25,-1.31 6.25,-1.31
6.25,-1.31 6.25,-1.32
6.25,-1.32 6.25,-1.32
6.25,-1.32 6.25,-1.32
6.25,-1.32 6.25,-1.32
6.25,-1.32 6.25,-1.32
6.25,-1.32 6.25,-1.32
6.25,-1.32 6.25,-1.32
6.25,-1.32 6.25,-1.32
6.25,-1.32 6.25,-1.32
6.25,-1.32 6.25,-1.32
6.25,-1.32 6.25,-1.32
6.25,-1.32 6.25,-1.32
6.25,-1.32 6.25,-1.32
6.25,-1.32 6.25,-1.32
6.25,-1.32 6.25,-1.32
6.25,-1.32 6.25,-1.32
6.25,-1.32 6.25,-1.32
6.25,-1.32 6.25,-1.32
6.25,-1.32 6.24,-1.32
6.24,-1.32 6.24,-1.32
6.24,-1.32 6.24,-1.32
6.24,-1.32 6.24,-1.32
6.24,-1.32 6.24,-1.32
6.24,-1.32 6.23,-1.32
6.23,-1.32 6.23,-1.32
6.23,-1.32 6.23,-1.32
6.23,-1.32 6.23,-1.32
6.23,-1.32 6.22,-1.32
6.22,-1.32 6.22,-1.32
6.22,-1.32 6.22,-1.32
6.22,-1.32 6.22,-1.32
6.22,-1.32 6.22,-1.32
6.22,-1.32 6.21,-1.32
6.21,-1.32 6.21,-1.32
6.21,-1.32 6.21,-1.32
6.21,-1.32 6.21,-1.32
6.21,-1.32 6.2,-1.32
6.2,-1.32 6.2,-1.32
6.2,-1.32 6.2,-1.32
6.2,-1.32 6.2,-1.32
6.2,-1.32 6.2,-1.32
6.2,-1.32 6.2,-1.32
6.2,-1.32 6.2,-1.32
7.27,-1.83 7.27,-1.82
7.27,-1.82 7.26,-1.82
7.26,-1.82 7.26,-1.81
7.26,-1.81 7.26,-1.8
7.26,-1.8 7.26,-1.79
7.26,-1.79 7.27,-1.78
7.27,-1.78 7.27,-1.77
7.27,-1.77 7.27,-1.76
7.27,-1.76 7.28,-1.76
7.28,-1.76 7.28,-1.75
7.28,-1.75 7.29,-1.74
7.29,-1.74 7.29,-1.74
7.29,-1.74 7.3,-1.73
7.3,-1.73 7.31,-1.72
7.31,-1.72 7.32,-1.71
7.32,-1.71 7.33,-1.71
7.33,-1.71 7.33,-1.71
7.33,-1.71 7.34,-1.71
7.34,-1.71 7.34,-1.71
7.34,-1.71 7.34,-1.71
7.34,-1.71 7.34,-1.71
7.34,-1.71 7.35,-1.71
7.35,-1.71 7.35,-1.71
7.35,-1.71 7.35,-1.71
7.35,-1.71 7.35,-1.72
7.35,-1.72 7.35,-1.72
7.35,-1.72 7.35,-1.73
7.35,-1.73 7.35,-1.73
7.35,-1.73 7.35,-1.74
7.35,-1.74 7.35,-1.75
7.35,-1.75 7.35,-1.76
7.35,-1.76 7.34,-1.77
7.34,-1.77 7.34,-1.78
7.34,-1.78 7.33,-1.79
7.33,-1.79 7.33,-1.79
7.33,-1.79 7.32,-1.8
7.32,-1.8 7.32,-1.8
7.32,-1.8 7.32,-1.81
7.32,-1.81 7.31,-1.81
7.31,-1.81 7.31,-1.81
7.31,-1.81 7.31,-1.81
7.31,-1.81 7.31,-1.82
7.31,-1.82 7.3,-1.82
7.3,-1.82 7.3,-1.82
7.3,-1.82 7.29,-1.82
7.29,-1.82 7.29,-1.83
7.29,-1.83 7.28,-1.83
7.28,-1.83 7.28,-1.83
7.28,-1.83 7.28,-1.83
7.28,-1.83 7.28,-1.83
7.28,-1.83 7.27,-1.83
7.27,-1.83 7.27,-1.83
6.87,-1.68 7.34,-1.71
6.8,-1.8 6.8,-1.8
6.8,-1.8 6.79,-1.8
6.79,-1.8 6.79,-1.79
6.79,-1.79 6.79,-1.77
6.79,-1.77 6.79,-1.76
6.79,-1.76 6.8,-1.75
6.8,-1.75 6.8,-1.75
6.8,-1.75 6.8,-1.74
6.8,-1.74 6.81,-1.73
6.81,-1.73 6.81,-1.73
6.81,-1.73 6.82,-1.72
6.82,-1.72 6.82,-1.71
6.82,-1.71 6.83,-1.7
6.83,-1.7 6.84,-1.7
6.84,-1.7 6.85,-1.69
6.85,-1.69 6.86,-1.69
6.86,-1.69 6.86,-1.68
6.86,-1.68 6.87,-1.68
6.96,-1.88 6.96,-1.88
6.96,-1.88 6.96,-1.88
6.96,-1.88 6.96,-1.88
6.96,-1.88 6.96,-1.88
6.96,-1.88 6.96,-1.88
6.96,-1.88 6.96,-1.88
6.96,-1.88 6.96,-1.88
6.96,-1.88 6.96,-1.88
6.96,-1.88 6.96,-1.88
6.96,-1.88 6.95,-1.88
6.95,-1.88 6.95,-1.88
6.95,-1.88 6.95,-1.88
6.95,-1.88 6.95,-1.88
6.95,-1.88 6.95,-1.87
6.95,-1.87 6.95,-1.87
6.95,-1.87 6.95,-1.87
6.95,-1.87 6.95,-1.87
6.95,-1.87 6.95,-1.87
6.95,-1.87 6.95,-1.87
6.95,-1.87 6.95,-1.86
6.95,-1.86 6.95,-1.86
6.95,-1.86 6.96,-1.86
6.96,-1.86 6.96,-1.86
6.96,-1.86 6.96,-1.86
6.96,-1.86 6.96,-1.85
6.96,-1.85 6.96,-1.85
6.96,-1.85 6.96,-1.85
6.96,-1.85 6.96,-1.84
6.96,-1.84 6.96,-1.84
6.96,-1.84 6.96,-1.84
6.96,-1.84 6.96,-1.84
6.96,-1.84 6.96,-1.84
6.96,-1.84 6.96,-1.83
6.96,-1.83 6.96,-1.83
6.96,-1.83 6.96,-1.83
6.96,-1.83 6.96,-1.83
6.96,-1.83 6.97,-1.83
6.97,-1.83 6.97,-1.83
6.97,-1.83 6.97,-1.83
6.97,-1.83 6.97,-1.83
6.97,-1.83 6.97,-1.83
6.97,-1.83 6.97,-1.83
6.97,-1.83 6.97,-1.83
6.97,-1.83 6.97,-1.83
6.97,-1.83 6.97,-1.84
6.97,-1.84 6.97,-1.84
6.97,-1.84 6.97,-1.84
6.97,-1.84 6.97,-1.84
6.97,-1.84 6.97,-1.84
6.97,-1.84 6.97,-1.85
6.97,-1.85 6.97,-1.85
6.97,-1.85 6.97,-1.86
6.97,-1.86 6.97,-1.86
6.97,-1.86 6.97,-1.86
6.97,-1.86 6.97,-1.87
6.97,-1.87 6.96,-1.87
6.96,-1.87 6.96,-1.87
6.96,-1.87 6.96,-1.88
6.96,-1.88 6.96,-1.88
6.96,-1.88 6.96,-1.88
6.96,-1.88 6.96,-1.88
6.96,-1.88 6.96,-1.88
6.96,-1.88 6.96,-1.88
6.96,-1.88 6.96,-1.88
6.96,-1.88 6.96,-1.88
6.96,-1.88 6.96,-1.88
6.96,-1.88 6.96,-1.88
6.96,-1.88 6.96,-1.88
6.96,-1.88 6.96,-1.88
6.97,-1.83 6.74,-1.82
6.74,-1.87 6.73,-1.87
6.73,-1.87 6.73,-1.87
6.73,-1.87 6.73,-1.87
6.73,-1.87 6.73,-1.87
6.73,-1.87 6.73,-1.87
6.73,-1.87 6.73,-1.87
6.73,-1.87 6.73,-1.87
6.73,-1.87 6.73,-1.87
6.73,-1.87 6.73,-1.87
6.73,-1.87 6.73,-1.87
6.73,-1.87 6.73,-1.87
6.73,-1.87 6.73,-1.87
6.73,-1.86 6.73,-1.86
6.73,-1.86 6.73,-1.86
6.73,-1.86 6.73,-1.86
6.73,-1.86 6.73,-1.86
6.73,-1.86 6.73,-1.86
6.73,-1.86 6.73,-1.85
6.73,-1.85 6.73,-1.85
6.73,-1.85 6.73,-1.85
6.73,-1.85 6.73,-1.85
6.73,-1.85 6.73,-1.85
6.73,-1.85 6.73,-1.84
6.73,-1.84 6.73,-1.84
6.73,-1.84 6.73,-1.84
6.73,-1.84 6.74,-1.84
6.74,-1.84 6.74,-1.83
6.74,-1.83 6.74,-1.83
6.74,-1.83 6.74,-1.83
6.74,-1.83 6.74,-1.83
6.74,-1.83 6.74,-1.82
6.74,-1.82 6.74,-1.82
6.74,-1.82 6.74,-1.82
6.74,-1.82 6.74,-1.82
6.74,-1.82 6.74,-1.82
6.74,-1.82 6.74,-1.82
6.74,-1.82 6.74,-1.82
6.74,-1.82 6.74,-1.82
6.74,-1.82 6.74,-1.82
6.74,-1.82 6.75,-1.82
6.75,-1.82 6.75,-1.82
6.75,-1.82 6.75,-1.82
6.75,-1.82 6.75,-1.82
6.75,-1.82 6.75,-1.82
6.75,-1.82 6.75,-1.82
6.75,-1.82 6.75,-1.83
6.75,-1.83 6.75,-1.83
6.75,-1.83 6.75,-1.83
6.75,-1.83 6.75,-1.84
6.75,-1.84 6.75,-1.84
6.75,-1.84 6.75,-1.84
6.75,-1.84 6.75,-1.85
6.75,-1.85 6.74,-1.85
6.74,-1.85 6.74,-1.86
6.74,-1.86 6.74,-1.86
6.74,-1.86 6.74,-1.86
6.74,-1.86 6.74,-1.86
6.74,-1.86 6.74,-1.87
6.74,-1.87 6.74,-1.87
6.74,-1.87 6.74,-1.87
6.74,-1.87 6.74,-1.87
6.74,-1.87 6.74,-1.87
6.74,-1.87 6.74,-1.87
6.74,-1.87 6.74,-1.87
6.74,-1.87 6.74,-1.87
6.74,-1.87 6.74,-1.87
6.74,-1.87 6.74,-1.87
6.74,-1.87 6.74,-1.87
6.73,-1.87 6.73,-1.86
6.8,-2.44 7.28,-2.47
6.74,-2.51 6.96,-2.52
7.27,-2.47 7.27,-2.46
7.27,-2.46 7.27,-2.46
7.27,-2.46 7.27,-2.45
7.27,-2.45 7.27,-2.44
7.27,-2.44 7.27,-2.43
7.27,-2.43 7.27,-2.42
7.27,-2.42 7.27,-2.41
7.27,-2.41 7.28,-2.4
7.28,-2.4 7.28,-2.4
7.28,-2.4 7.29,-2.39
7.29,-2.39 7.29,-2.38
7.29,-2.38 7.3,-2.38
7.3,-2.38 7.3,-2.37
7.3,-2.37 7.31,-2.36
7.31,-2.36 7.32,-2.35
7.32,-2.35 7.33,-2.35
7.33,-2.35 7.34,-2.35
7.34,-2.35 7.34,-2.35
7.34,-2.35 7.34,-2.35
7.34,-2.35 7.35,-2.35
7.35,-2.35 7.35,-2.35
7.35,-2.35 7.35,-2.35
7.35,-2.35 7.35,-2.35
7.35,-2.35 7.35,-2.36
7.35,-2.36 7.36,-2.36
7.36,-2.36 7.36,-2.36
7.36,-2.36 7.36,-2.37
7.36,-2.37 7.36,-2.37
7.36,-2.37 7.36,-2.38
7.36,-2.38 7.36,-2.39
7.36,-2.39 7.35,-2.4
7.35,-2.4 7.35,-2.41
7.35,-2.41 7.34,-2.42
7.34,-2.42 7.34,-2.43
7.34,-2.43 7.33,-2.44
7.33,-2.44 7.33,-2.44
7.33,-2.44 7.32,-2.44
7.32,-2.44 7.32,-2.45
7.32,-2.45 7.32,-2.45
7.32,-2.45 7.32,-2.45
7.32,-2.45 7.31,-2.45
7.31,-2.45 7.31,-2.46
7.31,-2.46 7.31,-2.46
7.31,-2.46 7.3,-2.46
7.3,-2.46 7.3,-2.47
7.3,-2.47 7.29,-2.47
7.29,-2.47 7.29,-2.47
7.29,-2.47 7.29,-2.47
7.29,-2.47 7.28,-2.47
7.28,-2.47 7.28,-2.47
7.28,-2.47 7.28,-2.47
7.28,-2.47 7.27,-2.47
6.87,-2.32 7.34,-2.35
6.8,-2.44 6.8,-2.44
6.8,-2.44 6.8,-2.44
6.8,-2.44 6.8,-2.43
6.8,-2.43 6.8,-2.41
6.8,-2.41 6.8,-2.4
6.8,-2.4 6.8,-2.39
6.8,-2.39 6.8,-2.39
6.8,-2.39 6.81,-2.38
6.81,-2.38 6.81,-2.37
6.81,-2.37 6.82,-2.37
6.82,-2.37 6.82,-2.36
6.82,-2.36 6.83,-2.35
6.83,-2.35 6.83,-2.34
6.83,-2.34 6.84,-2.34
6.84,-2.34 6.85,-2.33
6.85,-2.33 6.86,-2.33
6.86,-2.33 6.87,-2.32
6.87,-2.32 6.87,-2.32
6.96,-2.52 6.96,-2.52
6.96,-2.52 6.96,-2.52
6.96,-2.52 6.96,-2.52
6.96,-2.52 6.96,-2.52
6.96,-2.52 6.96,-2.52
6.96,-2.52 6.96,-2.52
6.96,-2.52 6.96,-2.52
6.96,-2.52 6.96,-2.52
6.96,-2.52 6.96,-2.52
6.96,-2.52 6.96,-2.52
6.96,-2.52 6.96,-2.52
6.96,-2.52 6.96,-2.52
6.96,-2.52 6.96,-2.52
6.96,-2.52 6.96,-2.52
6.96,-2.52 6.96,-2.51
6.96,-2.51 6.96,-2.51
6.96,-2.51 6.96,-2.51
6.96,-2.51 6.96,-2.51
6.96,-2.51 6.96,-2.51
6.96,-2.51 6.96,-2.5
6.96,-2.5 6.96,-2.5
6.96,-2.5 6.96,-2.5
6.96,-2.5 6.96,-2.5
6.96,-2.5 6.96,-2.5
6.96,-2.5 6.96,-2.49
6.96,-2.49 6.96,-2.49
6.96,-2.49 6.96,-2.49
6.96,-2.49 6.96,-2.49
6.96,-2.49 6.96,-2.48
6.96,-2.48 6.97,-2.48
6.97,-2.48 6.97,-2.48
6.97,-2.48 6.97,-2.48
6.97,-2.48 6.97,-2.47
6.97,-2.47 6.97,-2.47
6.97,-2.47 6.97,-2.47
6.97,-2.47 6.97,-2.47
6.97,-2.47 6.97,-2.47
6.97,-2.47 6.97,-2.47
6.97,-2.47 6.97,-2.47
6.97,-2.47 6.97,-2.47
6.97,-2.47 6.97,-2.47
6.97,-2.47 6.97,-2.47
6.97,-2.47 6.97,-2.47
6.97,-2.47 6.97,-2.48
6.97,-2.48 6.97,-2.48
6.97,-2.48 6.97,-2.48
6.97,-2.48 6.97,-2.48
6.97,-2.48 6.97,-2.48
6.97,-2.48 6.97,-2.48
6.97,-2.48 6.97,-2.49
6.97,-2.49 6.97,-2.49
6.97,-2.49 6.97,-2.5
6.97,-2.5 6.97,-2.5
6.97,-2.5 6.97,-2.5
6.97,-2.5 6.97,-2.51
6.97,-2.51 6.97,-2.51
6.97,-2.51 6.97,-2.51
6.97,-2.51 6.97,-2.52
6.97,-2.52 6.97,-2.52
6.97,-2.52 6.97,-2.52
6.97,-2.52 6.97,-2.52
6.97,-2.52 6.96,-2.52
6.96,-2.52 6.96,-2.52
6.96,-2.52 6.96,-2.52
6.96,-2.52 6.96,-2.52
6.96,-2.52 6.96,-2.52
6.96,-2.52 6.96,-2.52
6.96,-2.52 6.96,-2.52
6.96,-2.52 6.96,-2.52
6.97,-2.47 6.75,-2.46
6.74,-2.51 6.74,-2.51
6.74,-2.51 6.74,-2.51
6.74,-2.51 6.74,-2.51
6.74,-2.51 6.74,-2.51
6.74,-2.51 6.74,-2.51
6.74,-2.51 6.74,-2.51
6.74,-2.51 6.74,-2.51
6.74,-2.51 6.74,-2.51
6.74,-2.51 6.74,-2.51
6.74,-2.51 6.74,-2.51
6.74,-2.51 6.74,-2.51
6.74,-2.51 6.74,-2.51
6.74,-2.51 6.74,-2.5
6.74,-2.5 6.74,-2.5
6.74,-2.5 6.74,-2.5
6.74,-2.5 6.74,-2.5
6.74,-2.5 6.74,-2.5
6.74,-2.5 6.74,-2.5
6.74,-2.5 6.74,-2.49
6.74,-2.49 6.74,-2.49
6.74,-2.49 6.74,-2.49
6.74,-2.49 6.74,-2.49
6.74,-2.49 6.74,-2.48
6.74,-2.48 6.74,-2.48
6.74,-2.48 6.74,-2.48
6.74,-2.48 6.74,-2.48
6.74,-2.48 6.74,-2.47
6.74,-2.47 6.74,-2.47
6.74,-2.47 6.74,-2.47
6.74,-2.47 6.74,-2.47
6.74,-2.47 6.74,-2.47
6.74,-2.47 6.75,-2.46
6.75,-2.46 6.75,-2.46
6.75,-2.46 6.75,-2.46
6.75,-2.46 6.75,-2.46
6.75,-2.46 6.75,-2.46
6.75,-2.46 6.75,-2.46
6.75,-2.46 6.75,-2.46
6.75,-2.46 6.75,-2.46
6.75,-2.46 6.75,-2.46
6.75,-2.46 6.75,-2.46
6.75,-2.46 6.75,-2.46
6.75,-2.46 6.75,-2.46
6.75,-2.46 6.75,-2.46
6.75,-2.46 6.75,-2.47
6.75,-2.47 6.75,-2.47
6.75,-2.47 6.75,-2.47
6.75,-2.47 6.75,-2.47
6.75,-2.47 6.75,-2.48
6.75,-2.48 6.75,-2.48
6.75,-2.48 6.75,-2.49
6.75,-2.49 6.75,-2.49
6.75,-2.49 6.75,-2.49
6.75,-2.49 6.75,-2.5
6.75,-2.5 6.75,-2.5
6.75,-2.5 6.75,-2.5
6.75,-2.5 6.75,-2.5
6.75,-2.5 6.74,-2.51
6.74,-2.51 6.74,-2.51
6.74,-2.51 6.74,-2.51
6.74,-2.51 6.74,-2.51
6.74,-2.51 6.74,-2.51
6.74,-2.51 6.74,-2.51
6.74,-2.51 6.74,-2.51
6.74,-2.51 6.74,-2.51
6.74,-2.51 6.74,-2.51
6.74,-2.51 6.74,-2.51
6.74,-2.51 6.74,-2.51
6.74,-2.51 6.74,-2.51
6.8,-3.09 7.28,-3.12
6.74,-3.16 6.96,-3.17
7.27,-3.12 7.27,-3.11
7.27,-3.11 7.27,-3.11
7.27,-3.11 7.27,-3.1
7.27,-3.1 7.27,-3.09
7.27,-3.09 7.27,-3.08
7.27,-3.08 7.27,-3.07
7.27,-3.07 7.27,-3.06
7.27,-3.06 7.28,-3.05
7.28,-3.05 7.28,-3.05
7.28,-3.05 7.29,-3.04
7.29,-3.04 7.29,-3.03
7.29,-3.03 7.3,-3.03
7.3,-3.03 7.3,-3.02
7.3,-3.02 7.31,-3.01
7.31,-3.01 7.32,-3
7.32,-3 7.33,-3
7.33,-3 7.34,-3
7.34,-3 7.34,-3
7.34,-3 7.34,-3
7.34,-3 7.35,-3
7.35,-3 7.35,-3
7.35,-3 7.35,-3
7.35,-3 7.35,-3
7.35,-3 7.35,-3.01
7.35,-3.01 7.36,-3.01
7.36,-3.01 7.36,-3.01
7.36,-3.01 7.36,-3.02
7.36,-3.02 7.36,-3.02
7.36,-3.02 7.36,-3.03
7.36,-3.03 7.36,-3.04
7.36,-3.04 7.35,-3.05
7.35,-3.05 7.35,-3.06
7.35,-3.06 7.34,-3.07
7.34,-3.07 7.34,-3.08
7.34,-3.08 7.33,-3.09
7.33,-3.09 7.33,-3.09
7.33,-3.09 7.32,-3.09
7.32,-3.09 7.32,-3.1
7.32,-3.1 7.32,-3.1
7.32,-3.1 7.32,-3.1
7.32,-3.1 7.31,-3.1
7.31,-3.1 7.31,-3.11
7.31,-3.11 7.31,-3.11
7.31,-3.11 7.3,-3.11
7.3,-3.11 7.3,-3.12
7.3,-3.12 7.29,-3.12
7.29,-3.12 7.29,-3.12
7.29,-3.12 7.29,-3.12
7.29,-3.12 7.28,-3.12
7.28,-3.12 7.28,-3.12
7.28,-3.12 7.28,-3.12
7.28,-3.12 7.27,-3.12
6.87,-2.97 7.34,-3
6.8,-3.09 6.8,-3.09
6.8,-3.09 6.8,-3.09
6.8,-3.09 6.8,-3.08
6.8,-3.08 6.8,-3.06
6.8,-3.06 6.8,-3.05
6.8,-3.05 6.8,-3.04
6.8,-3.04 6.8,-3.04
6.8,-3.04 6.81,-3.03
6.81,-3.03 6.81,-3.02
6.81,-3.02 6.82,-3.02
6.82,-3.02 6.82,-3.01
6.82,-3.01 6.83,-3
6.83,-3 6.83,-2.99
6.83,-2.99 6.84,-2.99
6.84,-2.99 6.85,-2.98
6.85,-2.98 6.86,-2.98
6.86,-2.98 6.87,-2.97
6.87,-2.97 6.87,-2.97
6.96,-3.17 6.96,-3.17
6.96,-3.17 6.96,-3.17
6.96,-3.17 6.96,-3.17
6.96,-3.17 6.96,-3.17
6.96,-3.17 6.96,-3.17
6.96,-3.17 6.96,-3.17
6.96,-3.17 6.96,-3.17
6.96,-3.17 6.96,-3.17
6.96,-3.17 6.96,-3.17
6.96,-3.17 6.96,-3.17
6.96,-3.17 6.96,-3.17
6.96,-3.17 6.96,-3.17
6.96,-3.17 6.96,-3.17
6.96,-3.17 6.96,-3.17
6.96,-3.17 6.96,-3.16
6.96,-3.16 6.96,-3.16
6.96,-3.16 6.96,-3.16
6.96,-3.16 6.96,-3.16
6.96,-3.16 6.96,-3.16
6.96,-3.16 6.96,-3.15
6.96,-3.15 6.96,-3.15
6.96,-3.15 6.96,-3.15
6.96,-3.15 6.96,-3.15
6.96,-3.15 6.96,-3.15
6.96,-3.15 6.96,-3.14
6.96,-3.14 6.96,-3.14
6.96,-3.14 6.96,-3.14
6.96,-3.14 6.96,-3.14
6.96,-3.14 6.96,-3.13
6.96,-3.13 6.97,-3.13
6.97,-3.13 6.97,-3.13
6.97,-3.13 6.97,-3.13
6.97,-3.13 6.97,-3.12
6.97,-3.12 6.97,-3.12
6.97,-3.12 6.97,-3.12
6.97,-3.12 6.97,-3.12
6.97,-3.12 6.97,-3.12
6.97,-3.12 6.97,-3.12
6.97,-3.12 6.97,-3.12
6.97,-3.12 6.97,-3.12
6.97,-3.12 6.97,-3.12
6.97,-3.12 6.97,-3.12
6.97,-3.12 6.97,-3.12
6.97,-3.12 6.97,-3.13
6.97,-3.13 6.97,-3.13
6.97,-3.13 6.97,-3.13
6.97,-3.13 6.97,-3.13
6.97,-3.13 6.97,-3.13
6.97,-3.13 6.97,-3.13
6.97,-3.13 6.97,-3.14
6.97,-3.14 6.97,-3.14
6.97,-3.14 6.97,-3.15
6.97,-3.15 6.97,-3.15
6.97,-3.15 6.97,-3.15
6.97,-3.15 6.97,-3.16
6.97,-3.16 6.97,-3.16
6.97,-3.16 6.97,-3.16
6.97,-3.16 6.97,-3.17
6.97,-3.17 6.97,-3.17
6.97,-3.17 6.97,-3.17
6.97,-3.17 6.97,-3.17
6.97,-3.17 6.96,-3.17
6.96,-3.17 6.96,-3.17
6.96,-3.17 6.96,-3.17
6.96,-3.17 6.96,-3.17
6.96,-3.17 6.96,-3.17
6.96,-3.17 6.96,-3.17
6.96,-3.17 6.96,-3.17
6.96,-3.17 6.96,-3.17
6.97,-3.12 6.75,-3.11
6.74,-3.16 6.74,-3.16
6.74,-3.16 6.74,-3.16
6.74,-3.16 6.74,-3.16
6.74,-3.16 6.74,-3.16
6.74,-3.16 6.74,-3.16
6.74,-3.16 6.74,-3.16
6.74,-3.16 6.74,-3.16
6.74,-3.16 6.74,-3.16
6.74,-3.16 6.74,-3.16
6.74,-3.16 6.74,-3.16
6.74,-3.16 6.74,-3.16
6.74,-3.16 6.74,-3.16
6.74,-3.16 6.74,-3.15
6.74,-3.15 6.74,-3.15
6.74,-3.15 6.74,-3.15
6.74,-3.15 6.74,-3.15
6.74,-3.15 6.74,-3.15
6.74,-3.15 6.74,-3.15
6.74,-3.15 6.74,-3.14
6.74,-3.14 6.74,-3.14
6.74,-3.14 6.74,-3.14
6.74,-3.14 6.74,-3.14
6.74,-3.14 6.74,-3.13
6.74,-3.13 6.74,-3.13
6.74,-3.13 6.74,-3.13
6.74,-3.13 6.74,-3.13
6.74,-3.13 6.74,-3.12
6.74,-3.12 6.74,-3.12
6.74,-3.12 6.74,-3.12
6.74,-3.12 6.74,-3.12
6.74,-3.12 6.74,-3.12
6.74,-3.12 6.75,-3.11
6.75,-3.11 6.75,-3.11
6.75,-3.11 6.75,-3.11
6.75,-3.11 6.75,-3.11
6.75,-3.11 6.75,-3.11
6.75,-3.11 6.75,-3.11
6.75,-3.11 6.75,-3.11
6.75,-3.11 6.75,-3.11
6.75,-3.11 6.75,-3.11
6.75,-3.11 6.75,-3.11
6.75,-3.11 6.75,-3.11
6.75,-3.11 6.75,-3.11
6.75,-3.11 6.75,-3.11
6.75,-3.11 6.75,-3.12
6.75,-3.12 6.75,-3.12
6.75,-3.12 6.75,-3.12
6.75,-3.12 6.75,-3.12
6.75,-3.12 6.75,-3.13
6.75,-3.13 6.75,-3.13
6.75,-3.13 6.75,-3.14
6.75,-3.14 6.75,-3.14
6.75,-3.14 6.75,-3.14
6.75,-3.14 6.75,-3.15
6.75,-3.15 6.75,-3.15
6.75,-3.15 6.75,-3.15
6.75,-3.15 6.75,-3.15
6.75,-3.15 6.74,-3.16
6.74,-3.16 6.74,-3.16
6.74,-3.16 6.74,-3.16
6.74,-3.16 6.74,-3.16
6.74,-3.16 6.74,-3.16
6.74,-3.16 6.74,-3.16
6.74,-3.16 6.74,-3.16
6.74,-3.16 6.74,-3.16
6.74,-3.16 6.74,-3.16
6.74,-3.16 6.74,-3.16
6.74,-3.16 6.74,-3.16
6.74,-3.16 6.74,-3.16
6.8,-3.74 7.28,-3.77
6.74,-3.81 6.96,-3.82
7.27,-3.77 7.27,-3.76
7.27,-3.76 7.27,-3.76
7.27,-3.76 7.27,-3.75
7.27,-3.75 7.27,-3.74
7.27,-3.74 7.27,-3.73
7.27,-3.73 7.27,-3.72
7.27,-3.72 7.27,-3.71
7.27,-3.71 7.28,-3.7
7.28,-3.7 7.28,-3.7
7.28,-3.7 7.29,-3.69
7.29,-3.69 7.29,-3.68
7.29,-3.68 7.3,-3.68
7.3,-3.68 7.3,-3.67
7.3,-3.67 7.31,-3.66
7.31,-3.66 7.32,-3.65
7.32,-3.65 7.33,-3.65
7.33,-3.65 7.34,-3.65
7.34,-3.65 7.34,-3.65
7.34,-3.65 7.34,-3.65
7.34,-3.65 7.35,-3.65
7.35,-3.65 7.35,-3.65
7.35,-3.65 7.35,-3.65
7.35,-3.65 7.35,-3.65
7.35,-3.65 7.35,-3.66
7.35,-3.66 7.36,-3.66
7.36,-3.66 7.36,-3.66
7.36,-3.66 7.36,-3.67
7.36,-3.67 7.36,-3.67
7.36,-3.67 7.36,-3.68
7.36,-3.68 7.36,-3.69
7.36,-3.69 7.35,-3.7
7.35,-3.7 7.35,-3.71
7.35,-3.71 7.34,-3.72
7.34,-3.72 7.34,-3.73
7.34,-3.73 7.33,-3.74
7.33,-3.74 7.33,-3.74
7.33,-3.74 7.32,-3.74
7.32,-3.74 7.32,-3.75
7.32,-3.75 7.32,-3.75
7.32,-3.75 7.32,-3.75
7.32,-3.75 7.31,-3.75
7.31,-3.75 7.31,-3.76
7.31,-3.76 7.31,-3.76
7.31,-3.76 7.3,-3.76
7.3,-3.76 7.3,-3.77
7.3,-3.77 7.29,-3.77
7.29,-3.77 7.29,-3.77
7.29,-3.77 7.29,-3.77
7.29,-3.77 7.28,-3.77
7.28,-3.77 7.28,-3.77
7.28,-3.77 7.28,-3.77
7.28,-3.77 7.27,-3.77
6.87,-3.62 7.34,-3.65
6.8,-3.74 6.8,-3.74
6.8,-3.74 6.8,-3.74
6.8,-3.74 6.8,-3.73
6.8,-3.73 6.8,-3.71
6.8,-3.71 6.8,-3.7
6.8,-3.7 6.8,-3.69
6.8,-3.69 6.8,-3.69
6.8,-3.69 6.81,-3.68
6.81,-3.68 6.81,-3.67
6.81,-3.67 6.82,-3.67
6.82,-3.67 6.82,-3.66
6.82,-3.66 6.83,-3.65
6.83,-3.65 6.83,-3.64
6.83,-3.64 6.84,-3.64
6.84,-3.64 6.85,-3.63
6.85,-3.63 6.86,-3.63
6.86,-3.63 6.87,-3.62
6.87,-3.62 6.87,-3.62
6.96,-3.82 6.96,-3.82
6.96,-3.82 6.96,-3.82
6.96,-3.82 6.96,-3.82
6.96,-3.82 6.96,-3.82
6.96,-3.82 6.96,-3.82
6.96,-3.82 6.96,-3.82
6.96,-3.82 6.96,-3.82
6.96,-3.82 6.96,-3.82
6.96,-3.82 6.96,-3.82
6.96,-3.82 6.96,-3.82
6.96,-3.82 6.96,-3.82
6.96,-3.82 6.96,-3.82
6.96,-3.82 6.96,-3.82
6.96,-3.82 6.96,-3.82
6.96,-3.82 6.96,-3.81
6.96,-3.81 6.96,-3.81
6.96,-3.81 6.96,-3.81
6.96,-3.81 6.96,-3.81
6.96,-3.81 6.96,-3.81
6.96,-3.81 6.96,-3.8
6.96,-3.8 6.96,-3.8
6.96,-3.8 6.96,-3.8
6.96,-3.8 6.96,-3.8
6.96,-3.8 6.96,-3.8
6.96,-3.8 6.96,-3.79
6.96,-3.79 6.96,-3.79
6.96,-3.79 6.96,-3.79
6.96,-3.79 6.96,-3.79
6.96,-3.79 6.96,-3.78
6.96,-3.78 6.97,-3.78
6.97,-3.78 6.97,-3.78
6.97,-3.78 6.97,-3.78
6.97,-3.78 6.97,-3.77
6.97,-3.77 6.97,-3.77
6.97,-3.77 6.97,-3.77
6.97,-3.77 6.97,-3.77
6.97,-3.77 6.97,-3.77
6.97,-3.77 6.97,-3.77
6.97,-3.77 6.97,-3.77
6.97,-3.77 6.97,-3.77
6.97,-3.77 6.97,-3.77
6.97,-3.77 6.97,-3.77
6.97,-3.77 6.97,-3.77
6.97,-3.77 6.97,-3.78
6.97,-3.78 6.97,-3.78
6.97,-3.78 6.97,-3.78
6.97,-3.78 6.97,-3.78
6.97,-3.78 6.97,-3.78
6.97,-3.78 6.97,-3.78
6.97,-3.78 6.97,-3.79
6.97,-3.79 6.97,-3.79
6.97,-3.79 6.97,-3.8
6.97,-3.8 6.97,-3.8
6.97,-3.8 6.97,-3.8
6.97,-3.8 6.97,-3.81
6.97,-3.81 6.97,-3.81
6.97,-3.81 6.97,-3.81
6.97,-3.81 6.97,-3.82
6.97,-3.82 6.97,-3.82
6.97,-3.82 6.97,-3.82
6.97,-3.82 6.97,-3.82
6.97,-3.82 6.96,-3.82
6.96,-3.82 6.96,-3.82
6.96,-3.82 6.96,-3.82
6.96,-3.82 6.96,-3.82
6.96,-3.82 6.96,-3.82
6.96,-3.82 6.96,-3.82
6.96,-3.82 6.96,-3.82
6.96,-3.82 6.96,-3.82
6.97,-3.77 6.75,-3.76
6.74,-3.81 6.74,-3.81
6.74,-3.81 6.74,-3.81
6.74,-3.81 6.74,-3.81
6.74,-3.81 6.74,-3.81
6.74,-3.81 6.74,-3.81
6.74,-3.81 6.74,-3.81
6.74,-3.81 6.74,-3.81
6.74,-3.81 6.74,-3.81
6.74,-3.81 6.74,-3.81
6.74,-3.81 6.74,-3.81
6.74,-3.81 6.74,-3.81
6.74,-3.81 6.74,-3.81
6.74,-3.81 6.74,-3.8
6.74,-3.8 6.74,-3.8
6.74,-3.8 6.74,-3.8
6.74,-3.8 6.74,-3.8
6.74,-3.8 6.74,-3.8
6.74,-3.8 6.74,-3.8
6.74,-3.8 6.74,-3.79
6.74,-3.79 6.74,-3.79
6.74,-3.79 6.74,-3.79
6.74,-3.79 6.74,-3.79
6.74,-3.79 6.74,-3.78
6.74,-3.78 6.74,-3.78
6.74,-3.78 6.74,-3.78
6.74,-3.78 6.74,-3.78
6.74,-3.78 6.74,-3.77
6.74,-3.77 6.74,-3.77
6.74,-3.77 6.74,-3.77
6.74,-3.77 6.74,-3.77
6.74,-3.77 6.74,-3.77
6.74,-3.77 6.75,-3.76
6.75,-3.76 6.75,-3.76
6.75,-3.76 6.75,-3.76
6.75,-3.76 6.75,-3.76
6.75,-3.76 6.75,-3.76
6.75,-3.76 6.75,-3.76
6.75,-3.76 6.75,-3.76
6.75,-3.76 6.75,-3.76
6.75,-3.76 6.75,-3.76
6.75,-3.76 6.75,-3.76
6.75,-3.76 6.75,-3.76
6.75,-3.76 6.75,-3.76
6.75,-3.76 6.75,-3.76
6.75,-3.76 6.75,-3.77
6.75,-3.77 6.75,-3.77
6.75,-3.77 6.75,-3.77
6.75,-3.77 6.75,-3.77
6.75,-3.77 6.75,-3.78
6.75,-3.78 6.75,-3.78
6.75,-3.78 6.75,-3.79
6.75,-3.79 6.75,-3.79
6.75,-3.79 6.75,-3.79
6.75,-3.79 6.75,-3.8
6.75,-3.8 6.75,-3.8
6.75,-3.8 6.75,-3.8
6.75,-3.8 6.75,-3.8
6.75,-3.8 6.74,-3.81
6.74,-3.81 6.74,-3.81
6.74,-3.81 6.74,-3.81
6.74,-3.81 6.74,-3.81
6.74,-3.81 6.74,-3.81
6.74,-3.81 6.74,-3.81
6.74,-3.81 6.74,-3.81
6.74,-3.81 6.74,-3.81
6.74,-3.81 6.74,-3.81
6.74,-3.81 6.74,-3.81
6.74,-3.81 6.74,-3.81
6.74,-3.81 6.74,-3.81
6.8,-4.39 7.28,-4.42
6.74,-4.46 6.96,-4.47
7.27,-4.42 7.27,-4.41
7.27,-4.41 7.27,-4.41
7.27,-4.41 7.27,-4.4
7.27,-4.4 7.27,-4.39
7.27,-4.39 7.27,-4.38
7.27,-4.38 7.27,-4.37
7.27,-4.37 7.27,-4.36
7.27,-4.36 7.28,-4.35
7.28,-4.35 7.28,-4.35
7.28,-4.35 7.29,-4.34
7.29,-4.34 7.29,-4.33
7.29,-4.33 7.3,-4.33
7.3,-4.33 7.3,-4.32
7.3,-4.32 7.31,-4.31
7.31,-4.31 7.32,-4.3
7.32,-4.3 7.33,-4.3
7.33,-4.3 7.34,-4.3
7.34,-4.3 7.34,-4.3
7.34,-4.3 7.34,-4.3
7.34,-4.3 7.35,-4.3
7.35,-4.3 7.35,-4.3
7.35,-4.3 7.35,-4.3
7.35,-4.3 7.35,-4.3
7.35,-4.3 7.35,-4.31
7.35,-4.31 7.36,-4.31
7.36,-4.31 7.36,-4.31
7.36,-4.31 7.36,-4.32
7.36,-4.32 7.36,-4.32
7.36,-4.32 7.36,-4.33
7.36,-4.33 7.36,-4.34
7.36,-4.34 7.35,-4.35
7.35,-4.35 7.35,-4.36
7.35,-4.36 7.34,-4.37
7.34,-4.37 7.34,-4.38
7.34,-4.38 7.33,-4.39
7.33,-4.39 7.33,-4.39
7.33,-4.39 7.32,-4.39
7.32,-4.39 7.32,-4.4
7.32,-4.4 7.32,-4.4
7.32,-4.4 7.32,-4.4
7.32,-4.4 7.31,-4.4
7.31,-4.4 7.31,-4.41
7.31,-4.41 7.31,-4.41
7.31,-4.41 7.3,-4.41
7.3,-4.41 7.3,-4.42
7.3,-4.42 7.29,-4.42
7.29,-4.42 7.29,-4.42
7.29,-4.42 7.29,-4.42
7.29,-4.42 7.28,-4.42
7.28,-4.42 7.28,-4.42
7.28,-4.42 7.28,-4.42
7.28,-4.42 7.27,-4.42
6.87,-4.27 7.34,-4.3
6.8,-4.39 6.8,-4.39
6.8,-4.39 6.8,-4.39
6.8,-4.39 6.8,-4.38
6.8,-4.38 6.8,-4.36
6.8,-4.36 6.8,-4.35
6.8,-4.35 6.8,-4.34
6.8,-4.34 6.8,-4.34
6.8,-4.34 6.81,-4.33
6.81,-4.33 6.81,-4.32
6.81,-4.32 6.82,-4.32
6.82,-4.32 6.82,-4.31
6.82,-4.31 6.83,-4.3
6.83,-4.3 6.83,-4.29
6.83,-4.29 6.84,-4.29
6.84,-4.29 6.85,-4.28
6.85,-4.28 6.86,-4.28
6.86,-4.28 6.87,-4.27
6.87,-4.27 6.87,-4.27
6.96,-4.47 6.96,-4.47
6.96,-4.47 6.96,-4.47
6.96,-4.47 6.96,-4.47
6.96,-4.47 6.96,-4.47
6.96,-4.47 6.96,-4.47
6.96,-4.47 6.96,-4.47
6.96,-4.47 6.96,-4.47
6.96,-4.47 6.96,-4.47
6.96,-4.47 6.96,-4.47
6.96,-4.47 6.96,-4.47
6.96,-4.47 6.96,-4.47
6.96,-4.47 6.96,-4.47
6.96,-4.47 6.96,-4.47
6.96,-4.47 6.96,-4.47
6.96,-4.47 6.96,-4.46
6.96,-4.46 6.96,-4.46
6.96,-4.46 6.96,-4.46
6.96,-4.46 6.96,-4.46
6.96,-4.46 6.96,-4.46
6.96,-4.46 6.96,-4.45
6.96,-4.45 6.96,-4.45
6.96,-4.45 6.96,-4.45
6.96,-4.45 6.96,-4.45
6.96,-4.45 6.96,-4.45
6.96,-4.45 6.96,-4.44
6.96,-4.44 6.96,-4.44
6.96,-4.44 6.96,-4.44
6.96,-4.44 6.96,-4.44
6.96,-4.44 6.96,-4.43
6.96,-4.43 6.97,-4.43
6.97,-4.43 6.97,-4.43
6.97,-4.43 6.97,-4.43
6.97,-4.43 6.97,-4.42
6.97,-4.42 6.97,-4.42
6.97,-4.42 6.97,-4.42
6.97,-4.42 6.97,-4.42
6.97,-4.42 6.97,-4.42
6.97,-4.42 6.97,-4.42
6.97,-4.42 6.97,-4.42
6.97,-4.42 6.97,-4.42
6.97,-4.42 6.97,-4.42
6.97,-4.42 6.97,-4.42
6.97,-4.42 6.97,-4.42
6.97,-4.42 6.97,-4.43
6.97,-4.43 6.97,-4.43
6.97,-4.43 6.97,-4.43
6.97,-4.43 6.97,-4.43
6.97,-4.43 6.97,-4.43
6.97,-4.43 6.97,-4.43
6.97,-4.43 6.97,-4.44
6.97,-4.44 6.97,-4.44
6.97,-4.44 6.97,-4.45
6.97,-4.45 6.97,-4.45
6.97,-4.45 6.97,-4.45
6.97,-4.45 6.97,-4.46
6.97,-4.46 6.97,-4.46
6.97,-4.46 6.97,-4.46
6.97,-4.46 6.97,-4.47
6.97,-4.47 6.97,-4.47
6.97,-4.47 6.97,-4.47
6.97,-4.47 6.97,-4.47
6.97,-4.47 6.96,-4.47
6.96,-4.47 6.96,-4.47
6.96,-4.47 6.96,-4.47
6.96,-4.47 6.96,-4.47
6.96,-4.47 6.96,-4.47
6.96,-4.47 6.96,-4.47
6.96,-4.47 6.96,-4.47
6.96,-4.47 6.96,-4.47
6.97,-4.42 6.75,-4.41
6.74,-4.46 6.74,-4.46
6.74,-4.46 6.74,-4.46
6.74,-4.46 6.74,-4.46
6.74,-4.46 6.74,-4.46
6.74,-4.46 6.74,-4.46
6.74,-4.46 6.74,-4.46
6.74,-4.46 6.74,-4.46
6.74,-4.46 6.74,-4.46
6.74,-4.46 6.74,-4.46
6.74,-4.46 6.74,-4.46
6.74,-4.46 6.74,-4.46
6.74,-4.46 6.74,-4.46
6.74,-4.46 6.74,-4.45
6.74,-4.45 6.74,-4.45
6.74,-4.45 6.74,-4.45
6.74,-4.45 6.74,-4.45
6.74,-4.45 6.74,-4.45
6.74,-4.45 6.74,-4.45
6.74,-4.45 6.74,-4.44
6.74,-4.44 6.74,-4.44
6.74,-4.44 6.74,-4.44
6.74,-4.44 6.74,-4.44
6.74,-4.44 6.74,-4.43
6.74,-4.43 6.74,-4.43
6.74,-4.43 6.74,-4.43
6.74,-4.43 6.74,-4.43
6.74,-4.43 6.74,-4.42
6.74,-4.42 6.74,-4.42
6.74,-4.42 6.74,-4.42
6.74,-4.42 6.74,-4.42
6.74,-4.42 6.74,-4.42
6.74,-4.42 6.75,-4.41
6.75,-4.41 6.75,-4.41
6.75,-4.41 6.75,-4.41
6.75,-4.41 6.75,-4.41
6.75,-4.41 6.75,-4.41
6.75,-4.41 6.75,-4.41
6.75,-4.41 6.75,-4.41
6.75,-4.41 6.75,-4.41
6.75,-4.41 6.75,-4.41
6.75,-4.41 6.75,-4.41
6.75,-4.41 6.75,-4.41
6.75,-4.41 6.75,-4.41
6.75,-4.41 6.75,-4.41
6.75,-4.41 6.75,-4.42
6.75,-4.42 6.75,-4.42
6.75,-4.42 6.75,-4.42
6.75,-4.42 6.75,-4.42
6.75,-4.42 6.75,-4.43
6.75,-4.43 6.75,-4.43
6.75,-4.43 6.75,-4.44
6.75,-4.44 6.75,-4.44
6.75,-4.44 6.75,-4.44
6.75,-4.44 6.75,-4.45
6.75,-4.45 6.75,-4.45
6.75,-4.45 6.75,-4.45
6.75,-4.45 6.75,-4.45
6.75,-4.45 6.74,-4.46
6.74,-4.46 6.74,-4.46
6.74,-4.46 6.74,-4.46
6.74,-4.46 6.74,-4.46
6.74,-4.46 6.74,-4.46
6.74,-4.46 6.74,-4.46
6.74,-4.46 6.74,-4.46
6.74,-4.46 6.74,-4.46
6.74,-4.46 6.74,-4.46
6.74,-4.46 6.74,-4.46
6.74,-4.46 6.74,-4.46
6.74,-4.46 6.74,-4.46
6.81,-5.04 7.28,-5.06
6.75,-5.1 6.97,-5.12
7.28,-5.06 7.28,-5.06
7.28,-5.06 7.27,-5.05
7.27,-5.05 7.27,-5.05
7.27,-5.05 7.27,-5.03
7.27,-5.03 7.27,-5.02
7.27,-5.02 7.28,-5.01
7.28,-5.01 7.28,-5
7.28,-5 7.28,-5
7.28,-5 7.29,-4.99
7.29,-4.99 7.29,-4.98
7.29,-4.98 7.3,-4.98
7.3,-4.98 7.3,-4.97
7.3,-4.97 7.31,-4.96
7.31,-4.96 7.32,-4.95
7.32,-4.95 7.33,-4.95
7.33,-4.95 7.34,-4.94
7.34,-4.94 7.34,-4.94
7.34,-4.94 7.35,-4.94
7.35,-4.94 7.35,-4.94
7.35,-4.94 7.35,-4.94
7.35,-4.94 7.35,-4.94
7.35,-4.94 7.36,-4.95
7.36,-4.95 7.36,-4.95
7.36,-4.95 7.36,-4.95
7.36,-4.95 7.36,-4.95
7.36,-4.95 7.36,-4.96
7.36,-4.96 7.36,-4.96
7.36,-4.96 7.36,-4.96
7.36,-4.96 7.36,-4.97
7.36,-4.97 7.36,-4.98
7.36,-4.98 7.36,-4.99
7.36,-4.99 7.35,-5
7.35,-5 7.35,-5.01
7.35,-5.01 7.34,-5.02
7.34,-5.02 7.34,-5.03
7.34,-5.03 7.33,-5.03
7.33,-5.03 7.33,-5.04
7.33,-5.04 7.33,-5.04
7.33,-5.04 7.32,-5.04
7.32,-5.04 7.32,-5.05
7.32,-5.05 7.32,-5.05
7.32,-5.05 7.32,-5.05
7.32,-5.05 7.31,-5.05
7.31,-5.05 7.31,-5.06
7.31,-5.06 7.3,-5.06
7.3,-5.06 7.3,-5.06
7.3,-5.06 7.29,-5.06
7.29,-5.06 7.29,-5.06
7.29,-5.06 7.29,-5.06
7.29,-5.06 7.29,-5.06
7.29,-5.06 7.28,-5.06
7.28,-5.06 7.28,-5.06
6.88,-4.92 7.35,-4.94
6.81,-5.04 6.81,-5.03
6.81,-5.03 6.8,-5.03
6.8,-5.03 6.8,-5.02
6.8,-5.02 6.8,-5.01
6.8,-5.01 6.8,-4.99
6.8,-4.99 6.81,-4.99
6.81,-4.99 6.81,-4.98
6.81,-4.98 6.81,-4.97
6.81,-4.97 6.82,-4.97
6.82,-4.97 6.82,-4.96
6.82,-4.96 6.83,-4.95
6.83,-4.95 6.83,-4.95
6.83,-4.95 6.84,-4.94
6.84,-4.94 6.85,-4.93
6.85,-4.93 6.86,-4.92
6.86,-4.92 6.87,-4.92
6.87,-4.92 6.87,-4.92
6.87,-4.92 6.88,-4.92
6.97,-5.12 6.97,-5.12
6.97,-5.12 6.97,-5.12
6.97,-5.12 6.97,-5.12
6.97,-5.12 6.97,-5.12
6.97,-5.12 6.97,-5.11
6.97,-5.11 6.97,-5.11
6.97,-5.11 6.97,-5.11
6.97,-5.11 6.97,-5.11
6.97,-5.11 6.97,-5.11
6.97,-5.11 6.97,-5.11
6.97,-5.11 6.97,-5.11
6.97,-5.11 6.97,-5.11
6.97,-5.11 6.96,-5.11
6.96,-5.11 6.96,-5.11
6.96,-5.11 6.96,-5.11
6.96,-5.11 6.96,-5.11
6.96,-5.11 6.96,-5.1
6.96,-5.1 6.96,-5.1
6.96,-5.1 6.97,-5.1
6.97,-5.1 6.97,-5.1
6.97,-5.1 6.97,-5.1
6.97,-5.1 6.97,-5.09
6.97,-5.09 6.97,-5.09
6.97,-5.09 6.97,-5.09
6.97,-5.09 6.97,-5.09
6.97,-5.09 6.97,-5.08
6.97,-5.08 6.97,-5.08
6.97,-5.08 6.97,-5.08
6.97,-5.08 6.97,-5.07
6.97,-5.07 6.97,-5.07
6.97,-5.07 6.97,-5.07
6.97,-5.07 6.97,-5.07
6.97,-5.07 6.97,-5.07
6.97,-5.07 6.97,-5.07
6.97,-5.07 6.97,-5.07
6.97,-5.07 6.98,-5.07
6.98,-5.07 6.98,-5.07
6.98,-5.07 6.98,-5.07
6.98,-5.07 6.98,-5.07
6.98,-5.07 6.98,-5.07
6.98,-5.07 6.98,-5.07
6.98,-5.07 6.98,-5.07
6.98,-5.07 6.98,-5.07
6.98,-5.07 6.98,-5.07
6.98,-5.07 6.98,-5.07
6.98,-5.07 6.98,-5.07
6.98,-5.07 6.98,-5.07
6.98,-5.07 6.98,-5.07
6.98,-5.07 6.98,-5.08
6.98,-5.08 6.98,-5.08
6.98,-5.08 6.98,-5.09
6.98,-5.09 6.98,-5.09
6.98,-5.09 6.98,-5.09
6.98,-5.09 6.98,-5.1
6.98,-5.1 6.98,-5.1
6.98,-5.1 6.98,-5.1
6.98,-5.1 6.97,-5.11
6.97,-5.11 6.97,-5.11
6.97,-5.11 6.97,-5.11
6.97,-5.11 6.97,-5.11
6.97,-5.11 6.97,-5.11
6.97,-5.11 6.97,-5.11
6.97,-5.11 6.97,-5.11
6.97,-5.11 6.97,-5.12
6.97,-5.12 6.97,-5.12
6.97,-5.12 6.97,-5.12
6.97,-5.12 6.97,-5.12
6.97,-5.12 6.97,-5.12
6.97,-5.12 6.97,-5.12
6.98,-5.07 6.75,-5.05
6.75,-5.1 6.75,-5.1
6.75,-5.1 6.75,-5.1
6.75,-5.1 6.74,-5.1
6.74,-5.1 6.74,-5.1
6.74,-5.1 6.74,-5.1
6.74,-5.1 6.74,-5.1
6.74,-5.1 6.74,-5.1
6.74,-5.1 6.74,-5.1
6.74,-5.1 6.74,-5.1
6.74,-5.1 6.74,-5.1
6.74,-5.1 6.74,-5.1
6.74,-5.1 6.74,-5.1
6.74,-5.1 6.74,-5.1
6.74,-5.1 6.74,-5.1
6.74,-5.1 6.74,-5.09
6.74,-5.09 6.74,-5.09
6.74,-5.09 6.74,-5.09
6.74,-5.09 6.74,-5.09
6.74,-5.09 6.74,-5.09
6.74,-5.09 6.74,-5.08
6.74,-5.08 6.74,-5.08
6.74,-5.08 6.74,-5.08
6.74,-5.08 6.74,-5.08
6.74,-5.08 6.74,-5.08
6.74,-5.08 6.75,-5.07
6.75,-5.07 6.75,-5.07
6.75,-5.07 6.75,-5.07
6.75,-5.07 6.75,-5.06
6.75,-5.06 6.75,-5.06
6.75,-5.06 6.75,-5.06
6.75,-5.06 6.75,-5.06
6.75,-5.06 6.75,-5.06
6.75,-5.06 6.75,-5.05
6.75,-5.05 6.75,-5.05
6.75,-5.05 6.75,-5.05
6.75,-5.05 6.75,-5.05
6.75,-5.05 6.75,-5.05
6.75,-5.05 6.76,-5.05
6.76,-5.05 6.76,-5.05
6.76,-5.05 6.76,-5.05
6.76,-5.05 6.76,-5.06
6.76,-5.06 6.76,-5.06
6.76,-5.06 6.76,-5.06
6.76,-5.06 6.76,-5.06
6.76,-5.06 6.76,-5.06
6.76,-5.06 6.76,-5.06
6.76,-5.06 6.76,-5.06
6.76,-5.06 6.76,-5.06
6.76,-5.06 6.76,-5.07
6.76,-5.07 6.76,-5.07
6.76,-5.07 6.76,-5.08
6.76,-5.08 6.76,-5.08
6.76,-5.08 6.75,-5.09
6.75,-5.09 6.75,-5.09
6.75,-5.09 6.75,-5.09
6.75,-5.09 6.75,-5.09
6.75,-5.09 6.75,-5.1
6.75,-5.1 6.75,-5.1
6.75,-5.1 6.75,-5.1
6.75,-5.1 6.75,-5.1
6.75,-5.1 6.75,-5.1
6.75,-5.1 6.75,-5.1
6.75,-5.1 6.75,-5.1
6.75,-5.1 6.75,-5.1
6.75,-5.1 6.75,-5.1
6.75,-5.1 6.75,-5.1
6.75,-5.1 6.75,-5.1
6.75,-5.1 6.75,-5.1
6.74,-5.1 6.74,-5.1
6.81,-5.69 7.28,-5.71
6.75,-5.75 6.97,-5.77
7.28,-5.71 7.28,-5.71
7.28,-5.71 7.27,-5.7
7.27,-5.7 7.27,-5.7
7.27,-5.7 7.27,-5.68
7.27,-5.68 7.27,-5.67
7.27,-5.67 7.28,-5.66
7.28,-5.66 7.28,-5.65
7.28,-5.65 7.28,-5.65
7.28,-5.65 7.29,-5.64
7.29,-5.64 7.29,-5.63
7.29,-5.63 7.3,-5.63
7.3,-5.63 7.3,-5.62
7.3,-5.62 7.31,-5.61
7.31,-5.61 7.32,-5.6
7.32,-5.6 7.33,-5.6
7.33,-5.6 7.34,-5.59
7.34,-5.59 7.34,-5.59
7.34,-5.59 7.35,-5.59
7.35,-5.59 7.35,-5.59
7.35,-5.59 7.35,-5.59
7.35,-5.59 7.35,-5.59
7.35,-5.59 7.36,-5.6
7.36,-5.6 7.36,-5.6
7.36,-5.6 7.36,-5.6
7.36,-5.6 7.36,-5.6
7.36,-5.6 7.36,-5.61
7.36,-5.61 7.36,-5.61
7.36,-5.61 7.36,-5.61
7.36,-5.61 7.36,-5.62
7.36,-5.62 7.36,-5.63
7.36,-5.63 7.36,-5.64
7.36,-5.64 7.35,-5.65
7.35,-5.65 7.35,-5.66
7.35,-5.66 7.34,-5.67
7.34,-5.67 7.34,-5.68
7.34,-5.68 7.33,-5.68
7.33,-5.68 7.33,-5.69
7.33,-5.69 7.33,-5.69
7.33,-5.69 7.32,-5.69
7.32,-5.69 7.32,-5.7
7.32,-5.7 7.32,-5.7
7.32,-5.7 7.32,-5.7
7.32,-5.7 7.31,-5.7
7.31,-5.7 7.31,-5.71
7.31,-5.71 7.3,-5.71
7.3,-5.71 7.3,-5.71
7.3,-5.71 7.29,-5.71
7.29,-5.71 7.29,-5.71
7.29,-5.71 7.29,-5.71
7.29,-5.71 7.29,-5.71
7.29,-5.71 7.28,-5.71
7.28,-5.71 7.28,-5.71
6.88,-5.57 7.35,-5.59
6.81,-5.69 6.81,-5.68
6.81,-5.68 6.8,-5.68
6.8,-5.68 6.8,-5.67
6.8,-5.67 6.8,-5.66
6.8,-5.66 6.8,-5.64
6.8,-5.64 6.81,-5.64
6.81,-5.64 6.81,-5.63
6.81,-5.63 6.81,-5.62
6.81,-5.62 6.82,-5.62
6.82,-5.62 6.82,-5.61
6.82,-5.61 6.83,-5.6
6.83,-5.6 6.83,-5.6
6.83,-5.6 6.84,-5.59
6.84,-5.59 6.85,-5.58
6.85,-5.58 6.86,-5.57
6.86,-5.57 6.87,-5.57
6.87,-5.57 6.87,-5.57
6.87,-5.57 6.88,-5.57
6.97,-5.77 6.97,-5.77
6.97,-5.77 6.97,-5.77
6.97,-5.77 6.97,-5.77
6.97,-5.77 6.97,-5.77
6.97,-5.77 6.97,-5.76
6.97,-5.76 6.97,-5.76
6.97,-5.76 6.97,-5.76
6.97,-5.76 6.97,-5.76
6.97,-5.76 6.97,-5.76
6.97,-5.76 6.97,-5.76
6.97,-5.76 6.97,-5.76
6.97,-5.76 6.97,-5.76
6.97,-5.76 6.96,-5.76
6.96,-5.76 6.96,-5.76
6.96,-5.76 6.96,-5.76
6.96,-5.76 6.96,-5.76
6.96,-5.76 6.96,-5.75
6.96,-5.75 6.96,-5.75
6.96,-5.75 6.97,-5.75
6.97,-5.75 6.97,-5.75
6.97,-5.75 6.97,-5.75
6.97,-5.75 6.97,-5.74
6.97,-5.74 6.97,-5.74
6.97,-5.74 6.97,-5.74
6.97,-5.74 6.97,-5.74
6.97,-5.74 6.97,-5.73
6.97,-5.73 6.97,-5.73
6.97,-5.73 6.97,-5.73
6.97,-5.73 6.97,-5.72
6.97,-5.72 6.97,-5.72
6.97,-5.72 6.97,-5.72
6.97,-5.72 6.97,-5.72
6.97,-5.72 6.97,-5.72
6.97,-5.72 6.97,-5.72
6.97,-5.72 6.97,-5.72
6.97,-5.72 6.98,-5.72
6.98,-5.72 6.98,-5.72
6.98,-5.72 6.98,-5.72
6.98,-5.72 6.98,-5.72
6.98,-5.72 6.98,-5.72
6.98,-5.72 6.98,-5.72
6.98,-5.72 6.98,-5.72
6.98,-5.72 6.98,-5.72
6.98,-5.72 6.98,-5.72
6.98,-5.72 6.98,-5.72
6.98,-5.72 6.98,-5.72
6.98,-5.72 6.98,-5.72
6.98,-5.72 6.98,-5.72
6.98,-5.72 6.98,-5.73
6.98,-5.73 6.98,-5.73
6.98,-5.73 6.98,-5.74
6.98,-5.74 6.98,-5.74
6.98,-5.74 6.98,-5.74
6.98,-5.74 6.98,-5.75
6.98,-5.75 6.98,-5.75
6.98,-5.75 6.98,-5.75
6.98,-5.75 6.97,-5.76
6.97,-5.76 6.97,-5.76
6.97,-5.76 6.97,-5.76
6.97,-5.76 6.97,-5.76
6.97,-5.76 6.97,-5.76
6.97,-5.76 6.97,-5.76
6.97,-5.76 6.97,-5.76
6.97,-5.76 6.97,-5.77
6.97,-5.77 6.97,-5.77
6.97,-5.77 6.97,-5.77
6.97,-5.77 6.97,-5.77
6.97,-5.77 6.97,-5.77
6.97,-5.77 6.97,-5.77
6.98,-5.72 6.75,-5.7
6.75,-5.75 6.75,-5.75
6.75,-5.75 6.75,-5.75
6.75,-5.75 6.74,-5.75
6.74,-5.75 6.74,-5.75
6.74,-5.75 6.74,-5.75
6.74,-5.75 6.74,-5.75
6.74,-5.75 6.74,-5.75
6.74,-5.75 6.74,-5.75
6.74,-5.75 6.74,-5.75
6.74,-5.75 6.74,-5.75
6.74,-5.75 6.74,-5.75
6.74,-5.75 6.74,-5.75
6.74,-5.75 6.74,-5.75
6.74,-5.75 6.74,-5.75
6.74,-5.75 6.74,-5.74
6.74,-5.74 6.74,-5.74
6.74,-5.74 6.74,-5.74
6.74,-5.74 6.74,-5.74
6.74,-5.74 6.74,-5.74
6.74,-5.74 6.74,-5.73
6.74,-5.73 6.74,-5.73
6.74,-5.73 6.74,-5.73
6.74,-5.73 6.74,-5.73
6.74,-5.73 6.74,-5.73
6.74,-5.73 6.75,-5.72
6.75,-5.72 6.75,-5.72
6.75,-5.72 6.75,-5.72
6.75,-5.72 6.75,-5.71
6.75,-5.71 6.75,-5.71
6.75,-5.71 6.75,-5.71
6.75,-5.71 6.75,-5.71
6.75,-5.71 6.75,-5.71
6.75,-5.71 6.75,-5.7
6.75,-5.7 6.75,-5.7
6.75,-5.7 6.75,-5.7
6.75,-5.7 6.75,-5.7
6.75,-5.7 6.75,-5.7
6.75,-5.7 6.76,-5.7
6.76,-5.7 6.76,-5.7
6.76,-5.7 6.76,-5.7
6.76,-5.7 6.76,-5.71
6.76,-5.71 6.76,-5.71
6.76,-5.71 6.76,-5.71
6.76,-5.71 6.76,-5.71
6.76,-5.71 6.76,-5.71
6.76,-5.71 6.76,-5.71
6.76,-5.71 6.76,-5.71
6.76,-5.71 6.76,-5.71
6.76,-5.71 6.76,-5.72
6.76,-5.72 6.76,-5.72
6.76,-5.72 6.76,-5.73
6.76,-5.73 6.76,-5.73
6.76,-5.73 6.75,-5.74
6.75,-5.74 6.75,-5.74
6.75,-5.74 6.75,-5.74
6.75,-5.74 6.75,-5.74
6.75,-5.74 6.75,-5.75
6.75,-5.75 6.75,-5.75
6.75,-5.75 6.75,-5.75
6.75,-5.75 6.75,-5.75
6.75,-5.75 6.75,-5.75
6.75,-5.75 6.75,-5.75
6.75,-5.75 6.75,-5.75
6.75,-5.75 6.75,-5.75
6.75,-5.75 6.75,-5.75
6.75,-5.75 6.75,-5.75
6.75,-5.75 6.75,-5.75
6.75,-5.75 6.75,-5.75
6.74,-5.75 6.74,-5.75
6.8,-6.34 7.28,-6.37
6.74,-6.41 6.96,-6.42
7.27,-6.37 7.27,-6.36
7.27,-6.36 7.27,-6.36
7.27,-6.36 7.27,-6.35
7.27,-6.35 7.27,-6.34
7.27,-6.34 7.27,-6.33
7.27,-6.33 7.27,-6.32
7.27,-6.32 7.27,-6.31
7.27,-6.31 7.28,-6.3
7.28,-6.3 7.28,-6.3
7.28,-6.3 7.29,-6.29
7.29,-6.29 7.29,-6.28
7.29,-6.28 7.3,-6.28
7.3,-6.28 7.3,-6.27
7.3,-6.27 7.31,-6.26
7.31,-6.26 7.32,-6.25
7.32,-6.25 7.33,-6.25
7.33,-6.25 7.34,-6.25
7.34,-6.25 7.34,-6.25
7.34,-6.25 7.34,-6.25
7.34,-6.25 7.35,-6.25
7.35,-6.25 7.35,-6.25
7.35,-6.25 7.35,-6.25
7.35,-6.25 7.35,-6.25
7.35,-6.25 7.35,-6.26
7.35,-6.26 7.36,-6.26
7.36,-6.26 7.36,-6.26
7.36,-6.26 7.36,-6.27
7.36,-6.27 7.36,-6.27
7.36,-6.27 7.36,-6.28
7.36,-6.28 7.36,-6.29
7.36,-6.29 7.35,-6.3
7.35,-6.3 7.35,-6.31
7.35,-6.31 7.34,-6.32
7.34,-6.32 7.34,-6.33
7.34,-6.33 7.33,-6.34
7.33,-6.34 7.33,-6.34
7.33,-6.34 7.32,-6.34
7.32,-6.34 7.32,-6.35
7.32,-6.35 7.32,-6.35
7.32,-6.35 7.32,-6.35
7.32,-6.35 7.31,-6.35
7.31,-6.35 7.31,-6.36
7.31,-6.36 7.31,-6.36
7.31,-6.36 7.3,-6.36
7.3,-6.36 7.3,-6.37
7.3,-6.37 7.29,-6.37
7.29,-6.37 7.29,-6.37
7.29,-6.37 7.29,-6.37
7.29,-6.37 7.28,-6.37
7.28,-6.37 7.28,-6.37
7.28,-6.37 7.28,-6.37
7.28,-6.37 7.27,-6.37
6.87,-6.22 7.34,-6.25
6.8,-6.34 6.8,-6.34
6.8,-6.34 6.8,-6.34
6.8,-6.34 6.8,-6.33
6.8,-6.33 6.8,-6.31
6.8,-6.31 6.8,-6.3
6.8,-6.3 6.8,-6.29
6.8,-6.29 6.8,-6.29
6.8,-6.29 6.81,-6.28
6.81,-6.28 6.81,-6.27
6.81,-6.27 6.82,-6.27
6.82,-6.27 6.82,-6.26
6.82,-6.26 6.83,-6.25
6.83,-6.25 6.83,-6.24
6.83,-6.24 6.84,-6.24
6.84,-6.24 6.85,-6.23
6.85,-6.23 6.86,-6.23
6.86,-6.23 6.87,-6.22
6.87,-6.22 6.87,-6.22
6.96,-6.42 6.96,-6.42
6.96,-6.42 6.96,-6.42
6.96,-6.42 6.96,-6.42
6.96,-6.42 6.96,-6.42
6.96,-6.42 6.96,-6.42
6.96,-6.42 6.96,-6.42
6.96,-6.42 6.96,-6.42
6.96,-6.42 6.96,-6.42
6.96,-6.42 6.96,-6.42
6.96,-6.42 6.96,-6.42
6.96,-6.42 6.96,-6.42
6.96,-6.42 6.96,-6.42
6.96,-6.42 6.96,-6.42
6.96,-6.42 6.96,-6.42
6.96,-6.42 6.96,-6.41
6.96,-6.41 6.96,-6.41
6.96,-6.41 6.96,-6.41
6.96,-6.41 6.96,-6.41
6.96,-6.41 6.96,-6.41
6.96,-6.41 6.96,-6.4
6.96,-6.4 6.96,-6.4
6.96,-6.4 6.96,-6.4
6.96,-6.4 6.96,-6.4
6.96,-6.4 6.96,-6.4
6.96,-6.4 6.96,-6.39
6.96,-6.39 6.96,-6.39
6.96,-6.39 6.96,-6.39
6.96,-6.39 6.96,-6.39
6.96,-6.39 6.96,-6.38
6.96,-6.38 6.97,-6.38
6.97,-6.38 6.97,-6.38
6.97,-6.38 6.97,-6.38
6.97,-6.38 6.97,-6.37
6.97,-6.37 6.97,-6.37
6.97,-6.37 6.97,-6.37
6.97,-6.37 6.97,-6.37
6.97,-6.37 6.97,-6.37
6.97,-6.37 6.97,-6.37
6.97,-6.37 6.97,-6.37
6.97,-6.37 6.97,-6.37
6.97,-6.37 6.97,-6.37
6.97,-6.37 6.97,-6.37
6.97,-6.37 6.97,-6.37
6.97,-6.37 6.97,-6.38
6.97,-6.38 6.97,-6.38
6.97,-6.38 6.97,-6.38
6.97,-6.38 6.97,-6.38
6.97,-6.38 6.97,-6.38
6.97,-6.38 6.97,-6.38
6.97,-6.38 6.97,-6.39
6.97,-6.39 6.97,-6.39
6.97,-6.39 6.97,-6.4
6.97,-6.4 6.97,-6.4
6.97,-6.4 6.97,-6.4
6.97,-6.4 6.97,-6.41
6.97,-6.41 6.97,-6.41
6.97,-6.41 6.97,-6.41
6.97,-6.41 6.97,-6.42
6.97,-6.42 6.97,-6.42
6.97,-6.42 6.97,-6.42
6.97,-6.42 6.97,-6.42
6.97,-6.42 6.96,-6.42
6.96,-6.42 6.96,-6.42
6.96,-6.42 6.96,-6.42
6.96,-6.42 6.96,-6.42
6.96,-6.42 6.96,-6.42
6.96,-6.42 6.96,-6.42
6.96,-6.42 6.96,-6.42
6.96,-6.42 6.96,-6.42
6.97,-6.37 6.75,-6.36
6.74,-6.41 6.74,-6.41
6.74,-6.41 6.74,-6.41
6.74,-6.41 6.74,-6.41
6.74,-6.41 6.74,-6.41
6.74,-6.41 6.74,-6.41
6.74,-6.41 6.74,-6.41
6.74,-6.41 6.74,-6.41
6.74,-6.41 6.74,-6.41
6.74,-6.41 6.74,-6.41
6.74,-6.41 6.74,-6.41
6.74,-6.41 6.74,-6.41
6.74,-6.41 6.74,-6.41
6.74,-6.41 6.74,-6.4
6.74,-6.4 6.74,-6.4
6.74,-6.4 6.74,-6.4
6.74,-6.4 6.74,-6.4
6.74,-6.4 6.74,-6.4
6.74,-6.4 6.74,-6.4
6.74,-6.4 6.74,-6.39
6.74,-6.39 6.74,-6.39
6.74,-6.39 6.74,-6.39
6.74,-6.39 6.74,-6.39
6.74,-6.39 6.74,-6.38
6.74,-6.38 6.74,-6.38
6.74,-6.38 6.74,-6.38
6.74,-6.38 6.74,-6.38
6.74,-6.38 6.74,-6.37
6.74,-6.37 6.74,-6.37
6.74,-6.37 6.74,-6.37
6.74,-6.37 6.74,-6.37
6.74,-6.37 6.74,-6.37
6.74,-6.37 6.75,-6.36
6.75,-6.36 6.75,-6.36
6.75,-6.36 6.75,-6.36
6.75,-6.36 6.75,-6.36
6.75,-6.36 6.75,-6.36
6.75,-6.36 6.75,-6.36
6.75,-6.36 6.75,-6.36
6.75,-6.36 6.75,-6.36
6.75,-6.36 6.75,-6.36
6.75,-6.36 6.75,-6.36
6.75,-6.36 6.75,-6.36
6.75,-6.36 6.75,-6.36
6.75,-6.36 6.75,-6.36
6.75,-6.36 6.75,-6.37
6.75,-6.37 6.75,-6.37
6.75,-6.37 6.75,-6.37
6.75,-6.37 6.75,-6.37
6.75,-6.37 6.75,-6.38
6.75,-6.38 6.75,-6.38
6.75,-6.38 6.75,-6.39
6.75,-6.39 6.75,-6.39
6.75,-6.39 6.75,-6.39
6.75,-6.39 6.75,-6.4
6.75,-6.4 6.75,-6.4
6.75,-6.4 6.75,-6.4
6.75,-6.4 6.75,-6.4
6.75,-6.4 6.74,-6.41
6.74,-6.41 6.74,-6.41
6.74,-6.41 6.74,-6.41
6.74,-6.41 6.74,-6.41
6.74,-6.41 6.74,-6.41
6.74,-6.41 6.74,-6.41
6.74,-6.41 6.74,-6.41
6.74,-6.41 6.74,-6.41
6.74,-6.41 6.74,-6.41
6.74,-6.41 6.74,-6.41
6.74,-6.41 6.74,-6.41
6.74,-6.41 6.74,-6.41
6.81,-6.99 7.28,-7.01
6.75,-7.05 6.97,-7.07
7.28,-7.01 7.28,-7.01
7.28,-7.01 7.27,-7
7.27,-7 7.27,-7
7.27,-7 7.27,-6.98
7.27,-6.98 7.27,-6.97
7.27,-6.97 7.28,-6.96
7.28,-6.96 7.28,-6.95
7.28,-6.95 7.28,-6.95
7.28,-6.95 7.29,-6.94
7.29,-6.94 7.29,-6.93
7.29,-6.93 7.3,-6.93
7.3,-6.93 7.3,-6.92
7.3,-6.92 7.31,-6.91
7.31,-6.91 7.32,-6.9
7.32,-6.9 7.33,-6.9
7.33,-6.9 7.34,-6.89
7.34,-6.89 7.34,-6.89
7.34,-6.89 7.35,-6.89
7.35,-6.89 7.35,-6.89
7.35,-6.89 7.35,-6.89
7.35,-6.89 7.35,-6.89
7.35,-6.89 7.36,-6.9
7.36,-6.9 7.36,-6.9
7.36,-6.9 7.36,-6.9
7.36,-6.9 7.36,-6.9
7.36,-6.9 7.36,-6.91
7.36,-6.91 7.36,-6.91
7.36,-6.91 7.36,-6.91
7.36,-6.91 7.36,-6.92
7.36,-6.92 7.36,-6.93
7.36,-6.93 7.36,-6.94
7.36,-6.94 7.35,-6.95
7.35,-6.95 7.35,-6.96
7.35,-6.96 7.34,-6.97
7.34,-6.97 7.34,-6.98
7.34,-6.98 7.33,-6.98
7.33,-6.98 7.33,-6.99
7.33,-6.99 7.33,-6.99
7.33,-6.99 7.32,-6.99
7.32,-6.99 7.32,-7
7.32,-7 7.32,-7
7.32,-7 7.32,-7
7.32,-7 7.31,-7
7.31,-7 7.31,-7.01
7.31,-7.01 7.3,-7.01
7.3,-7.01 7.3,-7.01
7.3,-7.01 7.29,-7.01
7.29,-7.01 7.29,-7.01
7.29,-7.01 7.29,-7.01
7.29,-7.01 7.29,-7.01
7.29,-7.01 7.28,-7.01
7.28,-7.01 7.28,-7.01
6.88,-6.87 7.35,-6.89
6.81,-6.99 6.81,-6.98
6.81,-6.98 6.8,-6.98
6.8,-6.98 6.8,-6.97
6.8,-6.97 6.8,-6.96
6.8,-6.96 6.8,-6.94
6.8,-6.94 6.81,-6.94
6.81,-6.94 6.81,-6.93
6.81,-6.93 6.81,-6.92
6.81,-6.92 6.82,-6.92
6.82,-6.92 6.82,-6.91
6.82,-6.91 6.83,-6.9
6.83,-6.9 6.83,-6.9
6.83,-6.9 6.84,-6.89
6.84,-6.89 6.85,-6.88
6.85,-6.88 6.86,-6.87
6.86,-6.87 6.87,-6.87
6.87,-6.87 6.87,-6.87
6.87,-6.87 6.88,-6.87
6.97,-7.07 6.97,-7.07
6.97,-7.07 6.97,-7.07
6.97,-7.07 6.97,-7.07
6.97,-7.07 6.97,-7.07
6.97,-7.07 6.97,-7.06
6.97,-7.06 6.97,-7.06
6.97,-7.06 6.97,-7.06
6.97,-7.06 6.97,-7.06
6.97,-7.06 6.97,-7.06
6.97,-7.06 6.97,-7.06
6.97,-7.06 6.97,-7.06
6.97,-7.06 6.97,-7.06
6.97,-7.06 6.96,-7.06
6.96,-7.06 6.96,-7.06
6.96,-7.06 6.96,-7.06
6.96,-7.06 6.96,-7.06
6.96,-7.06 6.96,-7.05
6.96,-7.05 6.96,-7.05
6.96,-7.05 6.97,-7.05
6.97,-7.05 6.97,-7.05
6.97,-7.05 6.97,-7.05
6.97,-7.05 6.97,-7.04
6.97,-7.04 6.97,-7.04
6.97,-7.04 6.97,-7.04
6.97,-7.04 6.97,-7.04
6.97,-7.04 6.97,-7.03
6.97,-7.03 6.97,-7.03
6.97,-7.03 6.97,-7.03
6.97,-7.03 6.97,-7.02
6.97,-7.02 6.97,-7.02
6.97,-7.02 6.97,-7.02
6.97,-7.02 6.97,-7.02
6.97,-7.02 6.97,-7.02
6.97,-7.02 6.97,-7.02
6.97,-7.02 6.97,-7.02
6.97,-7.02 6.98,-7.02
6.98,-7.02 6.98,-7.02
6.98,-7.02 6.98,-7.02
6.98,-7.02 6.98,-7.02
6.98,-7.02 6.98,-7.02
6.98,-7.02 6.98,-7.02
6.98,-7.02 6.98,-7.02
6.98,-7.02 6.98,-7.02
6.98,-7.02 6.98,-7.02
6.98,-7.02 6.98,-7.02
6.98,-7.02 6.98,-7.02
6.98,-7.02 6.98,-7.02
6.98,-7.02 6.98,-7.02
6.98,-7.02 6.98,-7.03
6.98,-7.03 6.98,-7.03
6.98,-7.03 6.98,-7.04
6.98,-7.04 6.98,-7.04
6.98,-7.04 6.98,-7.04
6.98,-7.04 6.98,-7.05
6.98,-7.05 6.98,-7.05
6.98,-7.05 6.98,-7.05
6.98,-7.05 6.97,-7.06
6.97,-7.06 6.97,-7.06
6.97,-7.06 6.97,-7.06
6.97,-7.06 6.97,-7.06
6.97,-7.06 6.97,-7.06
6.97,-7.06 6.97,-7.06
6.97,-7.06 6.97,-7.06
6.97,-7.06 6.97,-7.07
6.97,-7.07 6.97,-7.07
6.97,-7.07 6.97,-7.07
6.97,-7.07 6.97,-7.07
6.97,-7.07 6.97,-7.07
6.97,-7.07 6.97,-7.07
6.98,-7.02 6.75,-7
6.75,-7.05 6.75,-7.05
6.75,-7.05 6.75,-7.05
6.75,-7.05 6.74,-7.05
6.74,-7.05 6.74,-7.05
6.74,-7.05 6.74,-7.05
6.74,-7.05 6.74,-7.05
6.74,-7.05 6.74,-7.05
6.74,-7.05 6.74,-7.05
6.74,-7.05 6.74,-7.05
6.74,-7.05 6.74,-7.05
6.74,-7.05 6.74,-7.05
6.74,-7.05 6.74,-7.05
6.74,-7.05 6.74,-7.05
6.74,-7.05 6.74,-7.05
6.74,-7.05 6.74,-7.04
6.74,-7.04 6.74,-7.04
6.74,-7.04 6.74,-7.04
6.74,-7.04 6.74,-7.04
6.74,-7.04 6.74,-7.04
6.74,-7.04 6.74,-7.03
6.74,-7.03 6.74,-7.03
6.74,-7.03 6.74,-7.03
6.74,-7.03 6.74,-7.03
6.74,-7.03 6.74,-7.03
6.74,-7.03 6.75,-7.02
6.75,-7.02 6.75,-7.02
6.75,-7.02 6.75,-7.02
6.75,-7.02 6.75,-7.01
6.75,-7.01 6.75,-7.01
6.75,-7.01 6.75,-7.01
6.75,-7.01 6.75,-7.01
6.75,-7.01 6.75,-7.01
6.75,-7.01 6.75,-7
6.75,-7 6.75,-7
6.75,-7 6.75,-7
6.75,-7 6.75,-7
6.75,-7 6.75,-7
6.75,-7 6.76,-7
6.76,-7 6.76,-7
6.76,-7 6.76,-7
6.76,-7 6.76,-7.01
6.76,-7.01 6.76,-7.01
6.76,-7.01 6.76,-7.01
6.76,-7.01 6.76,-7.01
6.76,-7.01 6.76,-7.01
6.76,-7.01 6.76,-7.01
6.76,-7.01 6.76,-7.01
6.76,-7.01 6.76,-7.01
6.76,-7.01 6.76,-7.02
6.76,-7.02 6.76,-7.02
6.76,-7.02 6.76,-7.03
6.76,-7.03 6.76,-7.03
6.76,-7.03 6.75,-7.04
6.75,-7.04 6.75,-7.04
6.75,-7.04 6.75,-7.04
6.75,-7.04 6.75,-7.04
6.75,-7.04 6.75,-7.05
6.75,-7.05 6.75,-7.05
6.75,-7.05 6.75,-7.05
6.75,-7.05 6.75,-7.05
6.75,-7.05 6.75,-7.05
6.75,-7.05 6.75,-7.05
6.75,-7.05 6.75,-7.05
6.75,-7.05 6.75,-7.05
6.75,-7.05 6.75,-7.05
6.75,-7.05 6.75,-7.05
6.75,-7.05 6.75,-7.05
6.75,-7.05 6.75,-7.05
6.74,-7.05 6.74,-7.05
6.8,-7.64 7.28,-7.67
6.74,-7.71 6.96,-7.72
7.27,-7.67 7.27,-7.66
7.27,-7.66 7.27,-7.66
7.27,-7.66 7.27,-7.65
7.27,-7.65 7.27,-7.64
7.27,-7.64 7.27,-7.63
7.27,-7.63 7.27,-7.62
7.27,-7.62 7.27,-7.61
7.27,-7.61 7.28,-7.6
7.28,-7.6 7.28,-7.6
7.28,-7.6 7.29,-7.59
7.29,-7.59 7.29,-7.58
7.29,-7.58 7.3,-7.58
7.3,-7.58 7.3,-7.57
7.3,-7.57 7.31,-7.56
7.31,-7.56 7.32,-7.55
7.32,-7.55 7.33,-7.55
7.33,-7.55 7.34,-7.55
7.34,-7.55 7.34,-7.55
7.34,-7.55 7.34,-7.55
7.34,-7.55 7.35,-7.55
7.35,-7.55 7.35,-7.55
7.35,-7.55 7.35,-7.55
7.35,-7.55 7.35,-7.55
7.35,-7.55 7.35,-7.56
7.35,-7.56 7.36,-7.56
7.36,-7.56 7.36,-7.56
7.36,-7.56 7.36,-7.57
7.36,-7.57 7.36,-7.57
7.36,-7.57 7.36,-7.58
7.36,-7.58 7.36,-7.59
7.36,-7.59 7.35,-7.6
7.35,-7.6 7.35,-7.61
7.35,-7.61 7.34,-7.62
7.34,-7.62 7.34,-7.63
7.34,-7.63 7.33,-7.64
7.33,-7.64 7.33,-7.64
7.33,-7.64 7.32,-7.64
7.32,-7.64 7.32,-7.65
7.32,-7.65 7.32,-7.65
7.32,-7.65 7.32,-7.65
7.32,-7.65 7.31,-7.65
7.31,-7.65 7.31,-7.66
7.31,-7.66 7.31,-7.66
7.31,-7.66 7.3,-7.66
7.3,-7.66 7.3,-7.67
7.3,-7.67 7.29,-7.67
7.29,-7.67 7.29,-7.67
7.29,-7.67 7.29,-7.67
7.29,-7.67 7.28,-7.67
7.28,-7.67 7.28,-7.67
7.28,-7.67 7.28,-7.67
7.28,-7.67 7.27,-7.67
6.87,-7.52 7.34,-7.55
6.8,-7.64 6.8,-7.64
6.8,-7.64 6.8,-7.64
6.8,-7.64 6.8,-7.63
6.8,-7.63 6.8,-7.61
6.8,-7.61 6.8,-7.6
6.8,-7.6 6.8,-7.59
6.8,-7.59 6.8,-7.59
6.8,-7.59 6.81,-7.58
6.81,-7.58 6.81,-7.57
6.81,-7.57 6.82,-7.57
6.82,-7.57 6.82,-7.56
6.82,-7.56 6.83,-7.55
6.83,-7.55 6.83,-7.54
6.83,-7.54 6.84,-7.54
6.84,-7.54 6.85,-7.53
6.85,-7.53 6.86,-7.53
6.86,-7.53 6.87,-7.52
6.87,-7.52 6.87,-7.52
6.96,-7.72 6.96,-7.72
6.96,-7.72 6.96,-7.72
6.96,-7.72 6.96,-7.72
6.96,-7.72 6.96,-7.72
6.96,-7.72 6.96,-7.72
6.96,-7.72 6.96,-7.72
6.96,-7.72 6.96,-7.72
6.96,-7.72 6.96,-7.72
6.96,-7.72 6.96,-7.72
6.96,-7.72 6.96,-7.72
6.96,-7.72 6.96,-7.72
6.96,-7.72 6.96,-7.72
6.96,-7.72 6.96,-7.72
6.96,-7.72 6.96,-7.72
6.96,-7.72 6.96,-7.71
6.96,-7.71 6.96,-7.71
6.96,-7.71 6.96,-7.71
6.96,-7.71 6.96,-7.71
6.96,-7.71 6.96,-7.71
6.96,-7.71 6.96,-7.7
6.96,-7.7 6.96,-7.7
6.96,-7.7 6.96,-7.7
6.96,-7.7 6.96,-7.7
6.96,-7.7 6.96,-7.7
6.96,-7.7 6.96,-7.69
6.96,-7.69 6.96,-7.69
6.96,-7.69 6.96,-7.69
6.96,-7.69 6.96,-7.69
6.96,-7.69 6.96,-7.68
6.96,-7.68 6.97,-7.68
6.97,-7.68 6.97,-7.68
6.97,-7.68 6.97,-7.68
6.97,-7.68 6.97,-7.67
6.97,-7.67 6.97,-7.67
6.97,-7.67 6.97,-7.67
6.97,-7.67 6.97,-7.67
6.97,-7.67 6.97,-7.67
6.97,-7.67 6.97,-7.67
6.97,-7.67 6.97,-7.67
6.97,-7.67 6.97,-7.67
6.97,-7.67 6.97,-7.67
6.97,-7.67 6.97,-7.67
6.97,-7.67 6.97,-7.67
6.97,-7.67 6.97,-7.68
6.97,-7.68 6.97,-7.68
6.97,-7.68 6.97,-7.68
6.97,-7.68 6.97,-7.68
6.97,-7.68 6.97,-7.68
6.97,-7.68 6.97,-7.68
6.97,-7.68 6.97,-7.69
6.97,-7.69 6.97,-7.69
6.97,-7.69 6.97,-7.7
6.97,-7.7 6.97,-7.7
6.97,-7.7 6.97,-7.7
6.97,-7.7 6.97,-7.71
6.97,-7.71 6.97,-7.71
6.97,-7.71 6.97,-7.71
6.97,-7.71 6.97,-7.72
6.97,-7.72 6.97,-7.72
6.97,-7.72 6.97,-7.72
6.97,-7.72 6.97,-7.72
6.97,-7.72 6.96,-7.72
6.96,-7.72 6.96,-7.72
6.96,-7.72 6.96,-7.72
6.96,-7.72 6.96,-7.72
6.96,-7.72 6.96,-7.72
6.96,-7.72 6.96,-7.72
6.96,-7.72 6.96,-7.72
6.96,-7.72 6.96,-7.72
6.97,-7.67 6.75,-7.66
6.74,-7.71 6.74,-7.71
6.74,-7.71 6.74,-7.71
6.74,-7.71 6.74,-7.71
6.74,-7.71 6.74,-7.71
6.74,-7.71 6.74,-7.71
6.74,-7.71 6.74,-7.71
6.74,-7.71 6.74,-7.71
6.74,-7.71 6.74,-7.71
6.74,-7.71 6.74,-7.71
6.74,-7.71 6.74,-7.71
6.74,-7.71 6.74,-7.71
6.74,-7.71 6.74,-7.71
6.74,-7.71 6.74,-7.7
6.74,-7.7 6.74,-7.7
6.74,-7.7 6.74,-7.7
6.74,-7.7 6.74,-7.7
6.74,-7.7 6.74,-7.7
6.74,-7.7 6.74,-7.7
6.74,-7.7 6.74,-7.69
6.74,-7.69 6.74,-7.69
6.74,-7.69 6.74,-7.69
6.74,-7.69 6.74,-7.69
6.74,-7.69 6.74,-7.68
6.74,-7.68 6.74,-7.68
6.74,-7.68 6.74,-7.68
6.74,-7.68 6.74,-7.68
6.74,-7.68 6.74,-7.67
6.74,-7.67 6.74,-7.67
6.74,-7.67 6.74,-7.67
6.74,-7.67 6.74,-7.67
6.74,-7.67 6.74,-7.67
6.74,-7.67 6.75,-7.66
6.75,-7.66 6.75,-7.66
6.75,-7.66 6.75,-7.66
6.75,-7.66 6.75,-7.66
6.75,-7.66 6.75,-7.66
6.75,-7.66 6.75,-7.66
6.75,-7.66 6.75,-7.66
6.75,-7.66 6.75,-7.66
6.75,-7.66 6.75,-7.66
6.75,-7.66 6.75,-7.66
6.75,-7.66 6.75,-7.66
6.75,-7.66 6.75,-7.66
6.75,-7.66 6.75,-7.66
6.75,-7.66 6.75,-7.67
6.75,-7.67 6.75,-7.67
6.75,-7.67 6.75,-7.67
6.75,-7.67 6.75,-7.67
6.75,-7.67 6.75,-7.68
6.75,-7.68 6.75,-7.68
6.75,-7.68 6.75,-7.69
6.75,-7.69 6.75,-7.69
6.75,-7.69 6.75,-7.69
6.75,-7.69 6.75,-7.7
6.75,-7.7 6.75,-7.7
6.75,-7.7 6.75,-7.7
6.75,-7.7 6.75,-7.7
6.75,-7.7 6.74,-7.71
6.74,-7.71 6.74,-7.71
6.74,-7.71 6.74,-7.71
6.74,-7.71 6.74,-7.71
6.74,-7.71 6.74,-7.71
6.74,-7.71 6.74,-7.71
6.74,-7.71 6.74,-7.71
6.74,-7.71 6.74,-7.71
6.74,-7.71 6.74,-7.71
6.74,-7.71 6.74,-7.71
6.74,-7.71 6.74,-7.71
6.74,-7.71 6.74,-7.71
6.8,-8.29 7.28,-8.32
6.74,-8.36 6.96,-8.37
7.27,-8.32 7.27,-8.31
7.27,-8.31 7.27,-8.31
7.27,-8.31 7.27,-8.3
7.27,-8.3 7.27,-8.29
7.27,-8.29 7.27,-8.28
7.27,-8.28 7.27,-8.27
7.27,-8.27 7.27,-8.26
7.27,-8.26 7.28,-8.25
7.28,-8.25 7.28,-8.25
7.28,-8.25 7.29,-8.24
7.29,-8.24 7.29,-8.23
7.29,-8.23 7.3,-8.23
7.3,-8.23 7.3,-8.22
7.3,-8.22 7.31,-8.21
7.31,-8.21 7.32,-8.2
7.32,-8.2 7.33,-8.2
7.33,-8.2 7.34,-8.2
7.34,-8.2 7.34,-8.2
7.34,-8.2 7.34,-8.2
7.34,-8.2 7.35,-8.2
7.35,-8.2 7.35,-8.2
7.35,-8.2 7.35,-8.2
7.35,-8.2 7.35,-8.2
7.35,-8.2 7.35,-8.21
7.35,-8.21 7.36,-8.21
7.36,-8.21 7.36,-8.21
7.36,-8.21 7.36,-8.22
7.36,-8.22 7.36,-8.22
7.36,-8.22 7.36,-8.23
7.36,-8.23 7.36,-8.24
7.36,-8.24 7.35,-8.25
7.35,-8.25 7.35,-8.26
7.35,-8.26 7.34,-8.27
7.34,-8.27 7.34,-8.28
7.34,-8.28 7.33,-8.29
7.33,-8.29 7.33,-8.29
7.33,-8.29 7.32,-8.29
7.32,-8.29 7.32,-8.3
7.32,-8.3 7.32,-8.3
7.32,-8.3 7.32,-8.3
7.32,-8.3 7.31,-8.3
7.31,-8.3 7.31,-8.31
7.31,-8.31 7.31,-8.31
7.31,-8.31 7.3,-8.31
7.3,-8.31 7.3,-8.32
7.3,-8.32 7.29,-8.32
7.29,-8.32 7.29,-8.32
7.29,-8.32 7.29,-8.32
7.29,-8.32 7.28,-8.32
7.28,-8.32 7.28,-8.32
7.28,-8.32 7.28,-8.32
7.28,-8.32 7.27,-8.32
6.87,-8.17 7.34,-8.2
6.8,-8.29 6.8,-8.29
6.8,-8.29 6.8,-8.29
6.8,-8.29 6.8,-8.28
6.8,-8.28 6.8,-8.26
6.8,-8.26 6.8,-8.25
6.8,-8.25 6.8,-8.24
6.8,-8.24 6.8,-8.24
6.8,-8.24 6.81,-8.23
6.81,-8.23 6.81,-8.22
6.81,-8.22 6.82,-8.22
6.82,-8.22 6.82,-8.21
6.82,-8.21 6.83,-8.2
6.83,-8.2 6.83,-8.19
6.83,-8.19 6.84,-8.19
6.84,-8.19 6.85,-8.18
6.85,-8.18 6.86,-8.18
6.86,-8.18 6.87,-8.17
6.87,-8.17 6.87,-8.17
6.96,-8.37 6.96,-8.37
6.96,-8.37 6.96,-8.37
6.96,-8.37 6.96,-8.37
6.96,-8.37 6.96,-8.37
6.96,-8.37 6.96,-8.37
6.96,-8.37 6.96,-8.37
6.96,-8.37 6.96,-8.37
6.96,-8.37 6.96,-8.37
6.96,-8.37 6.96,-8.37
6.96,-8.37 6.96,-8.37
6.96,-8.37 6.96,-8.37
6.96,-8.37 6.96,-8.37
6.96,-8.37 6.96,-8.37
6.96,-8.37 6.96,-8.37
6.96,-8.37 6.96,-8.36
6.96,-8.36 6.96,-8.36
6.96,-8.36 6.96,-8.36
6.96,-8.36 6.96,-8.36
6.96,-8.36 6.96,-8.36
6.96,-8.36 6.96,-8.35
6.96,-8.35 6.96,-8.35
6.96,-8.35 6.96,-8.35
6.96,-8.35 6.96,-8.35
6.96,-8.35 6.96,-8.35
6.96,-8.35 6.96,-8.34
6.96,-8.34 6.96,-8.34
6.96,-8.34 6.96,-8.34
6.96,-8.34 6.96,-8.34
6.96,-8.34 6.96,-8.33
6.96,-8.33 6.97,-8.33
6.97,-8.33 6.97,-8.33
6.97,-8.33 6.97,-8.33
6.97,-8.33 6.97,-8.32
6.97,-8.32 6.97,-8.32
6.97,-8.32 6.97,-8.32
6.97,-8.32 6.97,-8.32
6.97,-8.32 6.97,-8.32
6.97,-8.32 6.97,-8.32
6.97,-8.32 6.97,-8.32
6.97,-8.32 6.97,-8.32
6.97,-8.32 6.97,-8.32
6.97,-8.32 6.97,-8.32
6.97,-8.32 6.97,-8.32
6.97,-8.32 6.97,-8.33
6.97,-8.33 6.97,-8.33
6.97,-8.33 6.97,-8.33
6.97,-8.33 6.97,-8.33
6.97,-8.33 6.97,-8.33
6.97,-8.33 6.97,-8.33
6.97,-8.33 6.97,-8.34
6.97,-8.34 6.97,-8.34
6.97,-8.34 6.97,-8.35
6.97,-8.35 6.97,-8.35
6.97,-8.35 6.97,-8.35
6.97,-8.35 6.97,-8.36
6.97,-8.36 6.97,-8.36
6.97,-8.36 6.97,-8.36
6.97,-8.36 6.97,-8.37
6.97,-8.37 6.97,-8.37
6.97,-8.37 6.97,-8.37
6.97,-8.37 6.97,-8.37
6.97,-8.37 6.96,-8.37
6.96,-8.37 6.96,-8.37
6.96,-8.37 6.96,-8.37
6.96,-8.37 6.96,-8.37
6.96,-8.37 6.96,-8.37
6.96,-8.37 6.96,-8.37
6.96,-8.37 6.96,-8.37
6.96,-8.37 6.96,-8.37
6.97,-8.32 6.75,-8.31
6.74,-8.36 6.74,-8.36
6.74,-8.36 6.74,-8.36
6.74,-8.36 6.74,-8.36
6.74,-8.36 6.74,-8.36
6.74,-8.36 6.74,-8.36
6.74,-8.36 6.74,-8.36
6.74,-8.36 6.74,-8.36
6.74,-8.36 6.74,-8.36
6.74,-8.36 6.74,-8.36
6.74,-8.36 6.74,-8.36
6.74,-8.36 6.74,-8.36
6.74,-8.36 6.74,-8.36
6.74,-8.36 6.74,-8.35
6.74,-8.35 6.74,-8.35
6.74,-8.35 6.74,-8.35
6.74,-8.35 6.74,-8.35
6.74,-8.35 6.74,-8.35
6.74,-8.35 6.74,-8.35
6.74,-8.35 6.74,-8.34
6.74,-8.34 6.74,-8.34
6.74,-8.34 6.74,-8.34
6.74,-8.34 6.74,-8.34
6.74,-8.34 6.74,-8.33
6.74,-8.33 6.74,-8.33
6.74,-8.33 6.74,-8.33
6.74,-8.33 6.74,-8.33
6.74,-8.33 6.74,-8.32
6.74,-8.32 6.74,-8.32
6.74,-8.32 6.74,-8.32
6.74,-8.32 6.74,-8.32
6.74,-8.32 6.74,-8.32
6.74,-8.32 6.75,-8.31
6.75,-8.31 6.75,-8.31
6.75,-8.31 6.75,-8.31
6.75,-8.31 6.75,-8.31
6.75,-8.31 6.75,-8.31
6.75,-8.31 6.75,-8.31
6.75,-8.31 6.75,-8.31
6.75,-8.31 6.75,-8.31
6.75,-8.31 6.75,-8.31
6.75,-8.31 6.75,-8.31
6.75,-8.31 6.75,-8.31
6.75,-8.31 6.75,-8.31
6.75,-8.31 6.75,-8.31
6.75,-8.31 6.75,-8.32
6.75,-8.32 6.75,-8.32
6.75,-8.32 6.75,-8.32
6.75,-8.32 6.75,-8.32
6.75,-8.32 6.75,-8.33
6.75,-8.33 6.75,-8.33
6.75,-8.33 6.75,-8.34
6.75,-8.34 6.75,-8.34
6.75,-8.34 6.75,-8.34
6.75,-8.34 6.75,-8.35
6.75,-8.35 6.75,-8.35
6.75,-8.35 6.75,-8.35
6.75,-8.35 6.75,-8.35
6.75,-8.35 6.74,-8.36
6.74,-8.36 6.74,-8.36
6.74,-8.36 6.74,-8.36
6.74,-8.36 6.74,-8.36
6.74,-8.36 6.74,-8.36
6.74,-8.36 6.74,-8.36
6.74,-8.36 6.74,-8.36
6.74,-8.36 6.74,-8.36
6.74,-8.36 6.74,-8.36
6.74,-8.36 6.74,-8.36
6.74,-8.36 6.74,-8.36
6.74,-8.36 6.74,-8.36
6.8,-8.94 7.28,-8.97
6.74,-9.01 6.96,-9.02
7.27,-8.97 7.27,-8.96
7.27,-8.96 7.27,-8.96
7.27,-8.96 7.27,-8.95
7.27,-8.95 7.27,-8.94
7.27,-8.94 7.27,-8.93
7.27,-8.93 7.27,-8.92
7.27,-8.92 7.27,-8.91
7.27,-8.91 7.28,-8.9
7.28,-8.9 7.28,-8.9
7.28,-8.9 7.29,-8.89
7.29,-8.89 7.29,-8.88
7.29,-8.88 7.3,-8.88
7.3,-8.88 7.3,-8.87
7.3,-8.87 7.31,-8.86
7.31,-8.86 7.32,-8.85
7.32,-8.85 7.33,-8.85
7.33,-8.85 7.34,-8.85
7.34,-8.85 7.34,-8.85
7.34,-8.85 7.34,-8.85
7.34,-8.85 7.35,-8.85
7.35,-8.85 7.35,-8.85
7.35,-8.85 7.35,-8.85
7.35,-8.85 7.35,-8.85
7.35,-8.85 7.35,-8.86
7.35,-8.86 7.36,-8.86
7.36,-8.86 7.36,-8.86
7.36,-8.86 7.36,-8.87
7.36,-8.87 7.36,-8.87
7.36,-8.87 7.36,-8.88
7.36,-8.88 7.36,-8.89
7.36,-8.89 7.35,-8.9
7.35,-8.9 7.35,-8.91
7.35,-8.91 7.34,-8.92
7.34,-8.92 7.34,-8.93
7.34,-8.93 7.33,-8.94
7.33,-8.94 7.33,-8.94
7.33,-8.94 7.32,-8.94
7.32,-8.94 7.32,-8.95
7.32,-8.95 7.32,-8.95
7.32,-8.95 7.32,-8.95
7.32,-8.95 7.31,-8.95
7.31,-8.95 7.31,-8.96
7.31,-8.96 7.31,-8.96
7.31,-8.96 7.3,-8.96
7.3,-8.96 7.3,-8.97
7.3,-8.97 7.29,-8.97
7.29,-8.97 7.29,-8.97
7.29,-8.97 7.29,-8.97
7.29,-8.97 7.28,-8.97
7.28,-8.97 7.28,-8.97
7.28,-8.97 7.28,-8.97
7.28,-8.97 7.27,-8.97
6.87,-8.82 7.34,-8.85
6.8,-8.94 6.8,-8.94
6.8,-8.94 6.8,-8.94
6.8,-8.94 6.8,-8.93
6.8,-8.93 6.8,-8.91
6.8,-8.91 6.8,-8.9
6.8,-8.9 6.8,-8.89
6.8,-8.89 6.8,-8.89
6.8,-8.89 6.81,-8.88
6.81,-8.88 6.81,-8.87
6.81,-8.87 6.82,-8.87
6.82,-8.87 6.82,-8.86
6.82,-8.86 6.83,-8.85
6.83,-8.85 6.83,-8.84
6.83,-8.84 6.84,-8.84
6.84,-8.84 6.85,-8.83
6.85,-8.83 6.86,-8.83
6.86,-8.83 6.87,-8.82
6.87,-8.82 6.87,-8.82
6.96,-9.02 6.96,-9.02
6.96,-9.02 6.96,-9.02
6.96,-9.02 6.96,-9.02
6.96,-9.02 6.96,-9.02
6.96,-9.02 6.96,-9.02
6.96,-9.02 6.96,-9.02
6.96,-9.02 6.96,-9.02
6.96,-9.02 6.96,-9.02
6.96,-9.02 6.96,-9.02
6.96,-9.02 6.96,-9.02
6.96,-9.02 6.96,-9.02
6.96,-9.02 6.96,-9.02
6.96,-9.02 6.96,-9.02
6.96,-9.02 6.96,-9.02
6.96,-9.02 6.96,-9.01
6.96,-9.01 6.96,-9.01
6.96,-9.01 6.96,-9.01
6.96,-9.01 6.96,-9.01
6.96,-9.01 6.96,-9.01
6.96,-9.01 6.96,-9
6.96,-9 6.96,-9
6.96,-9 6.96,-9
6.96,-9 6.96,-9
6.96,-9 6.96,-9
6.96,-9 6.96,-8.99
6.96,-8.99 6.96,-8.99
6.96,-8.99 6.96,-8.99
6.96,-8.99 6.96,-8.99
6.96,-8.99 6.96,-8.98
6.96,-8.98 6.97,-8.98
6.97,-8.98 6.97,-8.98
6.97,-8.98 6.97,-8.98
6.97,-8.98 6.97,-8.97
6.97,-8.97 6.97,-8.97
6.97,-8.97 6.97,-8.97
6.97,-8.97 6.97,-8.97
6.97,-8.97 6.97,-8.97
6.97,-8.97 6.97,-8.97
6.97,-8.97 6.97,-8.97
6.97,-8.97 6.97,-8.97
6.97,-8.97 6.97,-8.97
6.97,-8.97 6.97,-8.97
6.97,-8.97 6.97,-8.97
6.97,-8.97 6.97,-8.98
6.97,-8.98 6.97,-8.98
6.97,-8.98 6.97,-8.98
6.97,-8.98 6.97,-8.98
6.97,-8.98 6.97,-8.98
6.97,-8.98 6.97,-8.98
6.97,-8.98 6.97,-8.99
6.97,-8.99 6.97,-8.99
6.97,-8.99 6.97,-9
6.97,-9 6.97,-9
6.97,-9 6.97,-9
6.97,-9 6.97,-9.01
6.97,-9.01 6.97,-9.01
6.97,-9.01 6.97,-9.01
6.97,-9.01 6.97,-9.02
6.97,-9.02 6.97,-9.02
6.97,-9.02 6.97,-9.02
6.97,-9.02 6.97,-9.02
6.97,-9.02 6.96,-9.02
6.96,-9.02 6.96,-9.02
6.96,-9.02 6.96,-9.02
6.96,-9.02 6.96,-9.02
6.96,-9.02 6.96,-9.02
6.96,-9.02 6.96,-9.02
6.96,-9.02 6.96,-9.02
6.96,-9.02 6.96,-9.02
6.97,-8.97 6.75,-8.96
6.74,-9.01 6.74,-9.01
6.74,-9.01 6.74,-9.01
6.74,-9.01 6.74,-9.01
6.74,-9.01 6.74,-9.01
6.74,-9.01 6.74,-9.01
6.74,-9.01 6.74,-9.01
6.74,-9.01 6.74,-9.01
6.74,-9.01 6.74,-9.01
6.74,-9.01 6.74,-9.01
6.74,-9.01 6.74,-9.01
6.74,-9.01 6.74,-9.01
6.74,-9.01 6.74,-9.01
6.74,-9.01 6.74,-9
6.74,-9 6.74,-9
6.74,-9 6.74,-9
6.74,-9 6.74,-9
6.74,-9 6.74,-9
6.74,-9 6.74,-9
6.74,-9 6.74,-8.99
6.74,-8.99 6.74,-8.99
6.74,-8.99 6.74,-8.99
6.74,-8.99 6.74,-8.99
6.74,-8.99 6.74,-8.98
6.74,-8.98 6.74,-8.98
6.74,-8.98 6.74,-8.98
6.74,-8.98 6.74,-8.98
6.74,-8.98 6.74,-8.97
6.74,-8.97 6.74,-8.97
6.74,-8.97 6.74,-8.97
6.74,-8.97 6.74,-8.97
6.74,-8.97 6.74,-8.97
6.74,-8.97 6.75,-8.96
6.75,-8.96 6.75,-8.96
6.75,-8.96 6.75,-8.96
6.75,-8.96 6.75,-8.96
6.75,-8.96 6.75,-8.96
6.75,-8.96 6.75,-8.96
6.75,-8.96 6.75,-8.96
6.75,-8.96 6.75,-8.96
6.75,-8.96 6.75,-8.96
6.75,-8.96 6.75,-8.96
6.75,-8.96 6.75,-8.96
6.75,-8.96 6.75,-8.96
6.75,-8.96 6.75,-8.96
6.75,-8.96 6.75,-8.97
6.75,-8.97 6.75,-8.97
6.75,-8.97 6.75,-8.97
6.75,-8.97 6.75,-8.97
6.75,-8.97 6.75,-8.98
6.75,-8.98 6.75,-8.98
6.75,-8.98 6.75,-8.99
6.75,-8.99 6.75,-8.99
6.75,-8.99 6.75,-8.99
6.75,-8.99 6.75,-9
6.75,-9 6.75,-9
6.75,-9 6.75,-9
6.75,-9 6.75,-9
6.75,-9 6.74,-9.01
6.74,-9.01 6.74,-9.01
6.74,-9.01 6.74,-9.01
6.74,-9.01 6.74,-9.01
6.74,-9.01 6.74,-9.01
6.74,-9.01 6.74,-9.01
6.74,-9.01 6.74,-9.01
6.74,-9.01 6.74,-9.01
6.74,-9.01 6.74,-9.01
6.74,-9.01 6.74,-9.01
6.74,-9.01 6.74,-9.01
6.74,-9.01 6.74,-9.01
