20.77,-11.97 20.77,-17.47
20.77,-17.47 13.52,-17.47
31.02,-18.36 13.52,-18.36
31.02,-12.75 31.02,-18.36
13.52,-18.86 13.52,-16.97
12.35,-17.91 7.13,-17.91
13.52,-16.97 12.35,-17.91
12.35,-17.91 13.52,-18.86
15.91,-11.52 20.03,-12.04
22.03,-11.14 22.32,-11.17
21.35,-11.74 22.31,-10.89
15.92,-5.32 15.91,-5.49
17.16,-4.21 15.92,-5.3
22.44,-4.88 20.73,-4.66
17.57,-4.26 17.16,-4.21
21.56,-6.29 22.31,-5.63
15.91,-5.5 15.91,-11.52
16.16,-11.5 16.16,-11.27
21.35,-7.07 21.56,-6.29
21.35,-12.03 21.35,-7.07
20.95,-11.88 20.95,-12.11
22.42,-11.09 22.41,-4.9
16.04,-8.29 21.03,-8.91
16.03,-5.55 16.03,-8.28
16.03,-8.41 16.03,-11.2
16.03,-11.2 21.03,-11.83
21.35,-11.65 22.19,-10.87
20.18,-11.96 16.84,-11.54
20.18,-11.96 20.27,-12.03
20.27,-12.03 21,-12.12
21,-12.12 21,-12.16
16.06,-11.54 16.06,-11.5
16.06,-11.5 16.75,-11.59
16.83,-11.48 16.4,-11.42
20.89,-11.99 20.46,-11.93
22.44,-4.88 21.2,-5.97
21.2,-5.97 15.92,-5.32
21.2,-6.16 15.91,-5.5
21.57,-6.28 21.57,-5.85
22.41,-5.09 21.2,-6.16
21.2,-5.97 21.2,-12.15
21.35,-12.03 21.17,-12.18
22.32,-11.17 22.42,-11.09
22.32,-10.82 22.32,-11.17
22.32,-5.17 22.32,-10.82
22.19,-10.87 22.19,-5.74
21.03,-8.91 21.03,-6.18
16.04,-5.55 21.03,-6.18
21.03,-12.17 21.03,-9.04
16.04,-8.42 21.03,-9.04
16.16,-11.27 21.03,-11.89
16.75,-11.59 16.84,-11.54
16.4,-11.42 16.4,-11.31
16.83,-11.48 16.83,-11.36
20.46,-11.93 20.46,-11.82
20.89,-11.99 20.89,-11.87
16.06,-11.54 21.17,-12.18
19.52,-10.68 21.03,-10.87
19.52,-11.63 19.52,-10.68
19.57,-11.2 19.57,-11.57
19.87,-11.24 19.57,-11.2
19.87,-11.61 19.87,-11.24
19.57,-11.57 19.87,-11.61
20.48,-11.69 20.48,-11.31
19.92,-11.62 20.48,-11.69
19.92,-11.24 19.92,-11.62
20.48,-11.31 19.92,-11.24
20.87,-3.99 20.87,-3.88
17.48,-3.88 17.48,-3.99
20.73,-4.84 20.72,-4.39
17.63,-4.38 17.63,-4.84
17.53,-3.75 17.76,-3.57
17.76,-3.57 17.79,-3.56
17.79,-3.56 17.82,-3.54
17.82,-3.54 18.15,-3.43
18.15,-3.43 18.41,-3.38
18.41,-3.38 18.95,-3.32
18.95,-3.32 19.43,-3.32
19.43,-3.32 19.84,-3.36
19.84,-3.36 20.32,-3.46
20.32,-3.46 20.36,-3.48
20.36,-3.48 20.39,-3.49
20.39,-3.49 20.78,-3.69
20.78,-3.69 20.79,-3.71
20.79,-3.71 20.81,-3.73
20.81,-3.73 20.87,-3.85
20.87,-3.85 20.87,-3.88
20.87,-3.88 20.87,-3.9
20.87,-3.9 20.87,-3.92
20.87,-3.92 20.86,-3.94
20.86,-3.94 20.86,-3.95
20.86,-3.95 20.71,-4.12
20.71,-4.12 20.69,-4.14
20.69,-4.14 20.66,-4.15
20.66,-4.15 20.1,-4.35
20.1,-4.35 19.62,-4.43
19.62,-4.43 19.36,-4.44
19.36,-4.44 18.74,-4.43
18.74,-4.43 18.69,-4.42
18.69,-4.42 18.35,-4.37
18.35,-4.37 18.01,-4.29
18.01,-4.29 17.75,-4.18
17.75,-4.18 17.72,-4.17
17.72,-4.17 17.57,-4.06
17.57,-4.06 17.55,-4.04
17.55,-4.04 17.54,-4.02
17.54,-4.02 17.53,-4.01
17.53,-4.01 17.49,-3.92
17.49,-3.92 17.48,-3.9
17.48,-3.9 17.48,-3.89
17.48,-3.89 17.48,-3.87
17.48,-3.87 17.49,-3.82
17.49,-3.82 17.5,-3.8
17.5,-3.8 17.51,-3.78
17.51,-3.78 17.52,-3.76
17.52,-3.76 17.53,-3.75
17.48,-3.99 17.48,-4
17.48,-4 17.48,-4.02
20.63,-4.48 20.34,-4.62
20.34,-4.62 20.3,-4.64
20.3,-4.64 19.98,-4.72
19.98,-4.72 19.56,-4.78
19.56,-4.78 19.21,-4.79
19.21,-4.79 19.16,-4.79
19.16,-4.79 19.11,-4.79
19.11,-4.79 19.06,-4.79
19.06,-4.79 18.91,-4.79
18.91,-4.79 18.43,-4.73
18.43,-4.73 18.1,-4.65
18.1,-4.65 17.77,-4.54
20.72,-4.76 20.84,-4.84
20.84,-4.84 20.91,-4.93
20.91,-4.93 20.94,-5.04
20.94,-5.04 20.92,-5.12
20.92,-5.12 20.59,-5.39
20.59,-5.39 20.17,-5.52
20.17,-5.52 19.53,-5.61
19.53,-5.61 19.48,-5.62
19.48,-5.62 18.84,-5.61
18.84,-5.61 18.33,-5.55
18.86,-5.35 19.26,-5.36
19.26,-5.36 19.8,-5.32
19.8,-5.32 20.39,-5.17
20.39,-5.17 20.5,-5.11
20.5,-5.11 20.69,-4.96
20.69,-4.96 20.72,-4.87
20.72,-4.87 20.73,-4.84
17.63,-4.84 17.63,-4.85
17.63,-4.85 17.63,-4.87
17.63,-4.87 17.63,-4.88
17.63,-4.88 17.7,-5
17.7,-5 17.79,-5.08
17.79,-5.08 17.82,-5.09
17.82,-5.09 17.84,-5.11
17.84,-5.11 18.09,-5.21
18.09,-5.21 18.41,-5.29
18.41,-5.29 18.45,-5.3
18.45,-5.3 18.5,-5.31
18.5,-5.31 18.86,-5.35
18.33,-5.55 17.98,-5.47
17.98,-5.47 17.71,-5.36
17.71,-5.36 17.52,-5.23
17.52,-5.23 17.43,-5.11
17.43,-5.11 17.42,-5.09
17.42,-5.09 17.42,-5.08
17.42,-5.08 17.42,-5.04
17.42,-5.04 17.45,-4.92
17.45,-4.92 17.47,-4.9
17.47,-4.9 17.48,-4.88
17.48,-4.88 17.63,-4.76
17.63,-4.38 17.77,-4.54
20.63,-4.48 20.72,-4.38
17.48,-4.02 17.63,-4.38
20.87,-3.99 20.72,-4.38
27.24,-12.42 31.36,-12.94
32.22,-11.89 32.51,-11.93
31.53,-12.49 32.5,-11.64
27.25,-6.21 27.24,-6.38
28.38,-5.2 27.25,-6.2
32.63,-5.63 31.49,-5.49
31.75,-7.05 32.5,-6.38
27.24,-6.4 27.24,-12.42
27.49,-12.4 27.49,-12.17
31.54,-7.82 31.75,-7.05
31.54,-12.43 31.54,-7.82
31.14,-12.63 31.14,-12.86
32.61,-11.84 32.6,-5.65
27.37,-9.19 31.22,-9.67
27.36,-6.44 27.36,-9.18
27.36,-12.1 31.21,-12.58
27.36,-9.31 27.36,-12.1
31.54,-12.41 32.38,-11.62
30.41,-12.72 28.17,-12.44
30.41,-12.72 30.5,-12.79
30.5,-12.79 31.19,-12.88
31.19,-12.88 31.19,-12.91
27.39,-12.43 27.39,-12.4
27.39,-12.4 28.08,-12.48
28.16,-12.37 27.73,-12.32
31.08,-12.74 30.65,-12.69
32.63,-5.63 31.39,-6.73
31.39,-6.73 27.24,-6.27
31.38,-6.92 27.24,-6.4
31.75,-7.04 31.75,-6.6
32.6,-5.84 31.39,-6.91
31.39,-6.73 31.39,-12.91
31.53,-12.43 31.53,-12.56
31.53,-12.78 31.53,-12.56
31.53,-12.78 31.36,-12.94
32.51,-11.93 32.61,-11.84
32.51,-11.57 32.51,-11.93
32.51,-5.92 32.51,-11.57
32.38,-11.62 32.38,-6.49
31.21,-9.67 31.21,-6.93
27.37,-6.45 31.21,-6.93
31.23,-6.9 31.23,-6.9
31.21,-12.58 31.21,-9.8
27.37,-9.31 31.21,-9.8
29.7,-11.44 31.21,-11.63
29.7,-12.39 29.7,-11.44
31.21,-12.17 31.21,-12.16
27.49,-12.17 31.14,-12.63
29.76,-11.95 29.76,-12.33
30.06,-11.99 29.76,-11.95
30.06,-12.37 30.06,-11.99
29.76,-12.33 30.06,-12.37
30.66,-12.45 30.66,-12.07
30.11,-12.38 30.66,-12.45
30.11,-12 30.11,-12.38
30.66,-12.07 30.11,-12
31.53,-12.43 31.53,-12.43
31.23,-6.9 31.23,-6.9
28.08,-12.48 28.17,-12.44
27.73,-12.32 27.73,-12.2
28.16,-12.37 28.16,-12.26
30.65,-12.69 30.65,-12.57
31.08,-12.74 31.08,-12.62
31.64,-4.84 31.64,-4.73
28.25,-4.73 28.25,-4.84
31.5,-5.69 31.49,-5.24
28.4,-5.23 28.4,-5.69
28.3,-4.6 28.53,-4.42
28.53,-4.42 28.56,-4.41
28.56,-4.41 28.59,-4.39
28.59,-4.39 28.92,-4.28
28.92,-4.28 29.19,-4.23
29.19,-4.23 29.73,-4.17
29.73,-4.17 30.21,-4.17
30.21,-4.17 30.61,-4.21
30.61,-4.21 31.09,-4.31
31.09,-4.31 31.13,-4.33
31.13,-4.33 31.17,-4.34
31.17,-4.34 31.55,-4.54
31.55,-4.54 31.57,-4.56
31.57,-4.56 31.58,-4.58
31.58,-4.58 31.64,-4.7
31.64,-4.7 31.64,-4.73
31.64,-4.73 31.64,-4.75
31.64,-4.75 31.64,-4.77
31.64,-4.77 31.63,-4.79
31.63,-4.79 31.63,-4.8
31.63,-4.8 31.48,-4.97
31.48,-4.97 31.46,-4.99
31.46,-4.99 31.43,-5
31.43,-5 30.87,-5.2
30.87,-5.2 30.39,-5.27
30.39,-5.27 30.14,-5.29
30.14,-5.29 29.51,-5.28
29.51,-5.28 29.46,-5.27
29.46,-5.27 29.12,-5.22
29.12,-5.22 28.79,-5.14
28.79,-5.14 28.52,-5.03
28.52,-5.03 28.49,-5.02
28.49,-5.02 28.34,-4.91
28.34,-4.91 28.32,-4.89
28.32,-4.89 28.31,-4.87
28.31,-4.87 28.3,-4.86
28.3,-4.86 28.26,-4.77
28.26,-4.77 28.26,-4.75
28.26,-4.75 28.25,-4.74
28.25,-4.74 28.26,-4.72
28.26,-4.72 28.27,-4.67
28.27,-4.67 28.27,-4.65
28.27,-4.65 28.28,-4.63
28.28,-4.63 28.29,-4.61
28.29,-4.61 28.3,-4.6
28.25,-4.84 28.25,-4.85
28.25,-4.85 28.26,-4.86
31.4,-5.33 31.11,-5.47
31.11,-5.47 31.07,-5.49
31.07,-5.49 30.76,-5.57
30.76,-5.57 30.34,-5.63
30.34,-5.63 29.99,-5.64
29.99,-5.64 29.94,-5.64
29.94,-5.64 29.88,-5.64
29.88,-5.64 29.83,-5.64
29.83,-5.64 29.68,-5.64
29.68,-5.64 29.21,-5.58
29.21,-5.58 28.88,-5.5
28.88,-5.5 28.54,-5.39
31.5,-5.61 31.61,-5.69
31.61,-5.69 31.68,-5.78
31.68,-5.78 31.71,-5.88
31.71,-5.88 31.69,-5.97
31.69,-5.97 31.36,-6.24
31.36,-6.24 30.94,-6.37
30.94,-6.37 30.31,-6.46
30.31,-6.46 30.25,-6.46
30.25,-6.46 29.61,-6.46
29.61,-6.46 29.1,-6.4
29.64,-6.2 30.04,-6.21
30.04,-6.21 30.57,-6.17
30.57,-6.17 31.16,-6.02
31.16,-6.02 31.28,-5.96
31.28,-5.96 31.46,-5.8
31.46,-5.8 31.5,-5.72
31.5,-5.72 31.5,-5.69
28.4,-5.69 28.4,-5.7
28.4,-5.7 28.4,-5.72
28.4,-5.72 28.4,-5.73
28.4,-5.73 28.47,-5.85
28.47,-5.85 28.57,-5.93
28.57,-5.93 28.59,-5.94
28.59,-5.94 28.61,-5.96
28.61,-5.96 28.86,-6.06
28.86,-6.06 29.18,-6.14
29.18,-6.14 29.22,-6.15
29.22,-6.15 29.27,-6.16
29.27,-6.16 29.64,-6.2
29.1,-6.4 28.76,-6.32
28.76,-6.32 28.48,-6.21
28.48,-6.21 28.29,-6.08
28.29,-6.08 28.2,-5.96
28.2,-5.96 28.2,-5.94
28.2,-5.94 28.19,-5.93
28.19,-5.93 28.19,-5.89
28.19,-5.89 28.23,-5.77
28.23,-5.77 28.24,-5.75
28.24,-5.75 28.25,-5.73
28.25,-5.73 28.4,-5.61
28.4,-5.23 28.54,-5.39
31.4,-5.33 31.49,-5.23
28.26,-4.86 28.4,-5.23
31.64,-4.84 31.49,-5.23
