5971.4,-3148.05 5985.67,-3156.29
5333.2,-2778.57 5971.4,-3148.05
5345.16,-2742.91 5971.4,-3103.68
5333.2,-2778.57 5333.2,-2037.84
5345.16,-2044.74 5345.16,-2784.57
6300.08,-2942.18 6325.86,-2957.06
5947.09,-2219.71 6385.19,-1966.78
5971.4,-3148.05 5971.4,-2378.63
6034.32,-3128.2 6034.32,-3095.62
6091.96,-2420.49 6314.48,-2292.02
5306.55,-2022.46 5947.09,-2392.66
6091.96,-2543.95 6314.48,-2415.48
6091.96,-2667.4 6314.48,-2538.93
6326.36,-2959.59 6326.36,-2927.01
6091.96,-2790.86 6314.48,-2662.39
6359.13,-2940.67 6359.13,-2154.77
6091.96,-2914.31 6314.48,-2785.84
6037.29,-3069.33 6314.48,-2909.3
6326.36,-2927.01 6034.32,-3095.62
5985.67,-3156.29 6034.32,-3128.2
6326.36,-2959.59 6359.13,-2940.67
5947.09,-2392.66 6385.19,-2139.73
5345.16,-2357.2 5971.4,-2718.59
5306.55,-1849.51 5947.09,-2219.71
5947.09,-2219.71 5947.09,-2392.66
6385.19,-1966.78 6385.19,-2139.73
5306.55,-1849.51 5744.65,-1596.58
5744.65,-1596.58 6385.19,-1966.22
5306.55,-1849.51 5306.55,-2022.46
6091.96,-3037.77 6091.96,-2334.59
6177.96,-2988.12 6177.96,-2296.59
6264.96,-2937.89 6264.96,-2261.68
6326.36,-2927.01 6326.36,-2173.69
5409.06,-1820.16 5987.05,-2151.04
5733.07,-2047.28 6085.89,-1843.58
5546.25,-1736.15 6103.86,-2057.94
5688.48,-1653.87 6246.92,-1976.13
5643.98,-1985.43 5996.81,-1781.73
5553.07,-1921.78 5905.89,-1718.08
5452.98,-1861.64 5805.81,-1657.94
5843.55,-2110.54 6196.38,-1906.83
7496.12,-3220.97 7510.39,-3229.21
6857.93,-2851.49 7496.12,-3220.97
6869.88,-2815.83 7496.12,-3176.6
6857.93,-2851.49 6857.93,-2110.76
6869.88,-2117.66 6869.88,-2857.5
7824.81,-3015.11 7850.59,-3029.99
7471.81,-2292.64 7909.91,-2039.7
7496.12,-3220.97 7496.12,-2451.55
7559.05,-3201.12 7559.05,-3168.54
7616.68,-2493.41 7839.2,-2364.94
6831.28,-2095.38 7471.81,-2465.59
7616.68,-2616.87 7839.2,-2488.4
7616.68,-2740.32 7839.2,-2611.85
7851.08,-3032.52 7851.08,-2999.94
7616.68,-2863.78 7839.2,-2735.31
7883.85,-3013.59 7883.85,-2227.7
7616.68,-2987.24 7839.2,-2858.76
7562.02,-3142.25 7839.2,-2982.22
7851.08,-2999.94 7559.05,-3168.54
7510.39,-3229.21 7559.05,-3201.12
7851.08,-3032.52 7883.85,-3013.59
7471.81,-2465.59 7909.91,-2212.65
6869.88,-2430.12 7496.12,-2791.51
6831.28,-1922.44 7471.81,-2292.64
7471.81,-2292.64 7471.81,-2465.59
7909.91,-2039.7 7909.91,-2212.65
6831.28,-1922.44 7269.38,-1669.5
7269.38,-1669.5 7909.91,-2039.14
6831.28,-1922.44 6831.28,-2095.38
7616.68,-3110.69 7616.68,-2407.52
7702.68,-3061.04 7702.68,-2369.52
7789.68,-3010.81 7789.68,-2334.6
7851.08,-2999.94 7851.08,-2246.62
6933.78,-1893.09 7511.78,-2223.96
7257.79,-2120.2 7610.62,-1916.5
7070.97,-1809.07 7628.59,-2130.86
7213.21,-1726.79 7771.65,-2049.06
7168.71,-2058.35 7521.53,-1854.65
7077.79,-1994.7 7430.62,-1791
6977.71,-1935.35 7330.53,-1731.65
7368.28,-2183.46 7721.1,-1979.76
9047.9,-3320.05 9062.17,-3328.29
8597.18,-3059.32 9047.9,-3319.54
8609.13,-3023.66 9045.58,-3275.06
8597.18,-3059.32 8597.18,-2318.59
8609.13,-2325.49 8609.13,-3065.32
9376.58,-3114.18 9402.36,-3129.06
9023.59,-2391.71 9461.69,-2138.78
9047.9,-3320.05 9047.9,-2550.63
9110.82,-3300.2 9110.82,-3267.62
9168.46,-2592.49 9390.98,-2464.02
8570.53,-2303.21 9023.59,-2564.66
9168.46,-2715.95 9390.98,-2587.48
9168.46,-2839.4 9390.98,-2710.93
9402.86,-3131.59 9402.86,-3099.01
9168.46,-2962.86 9390.98,-2834.39
9435.63,-3112.67 9435.63,-2326.77
9168.46,-3086.31 9390.98,-2957.84
9113.79,-3241.33 9390.98,-3081.3
9402.86,-3099.01 9110.82,-3267.62
9062.17,-3328.29 9110.82,-3300.2
9402.86,-3131.59 9435.63,-3112.67
9023.59,-2564.66 9461.69,-2311.73
8609.13,-2637.95 9047.9,-2891.15
8570.53,-2130.26 9023.59,-2391.71
9023.59,-2391.71 9023.59,-2564.66
9461.69,-2138.78 9461.69,-2311.73
8570.53,-2130.26 9008.63,-1877.33
9008.63,-1877.33 9461.69,-2138.78
8570.53,-2130.26 8570.53,-2303.21
9168.46,-3209.77 9168.46,-2506.59
9254.46,-3160.12 9254.46,-2468.59
9341.46,-3109.89 9341.46,-2433.68
9402.86,-3099.01 9402.86,-2345.69
8673.03,-2100.91 9079.5,-2335.48
8997.04,-2328.03 9349.87,-2124.33
8810.23,-2016.9 9216.69,-2251.46
8952.46,-1934.62 9358.92,-2169.18
8907.96,-2266.18 9260.78,-2062.48
8817.04,-2202.53 9169.87,-1998.83
8716.96,-2143.18 9069.78,-1939.48
4372.71,-4669.49 4372.71,-4486.51
4372.71,-4486.51 4259.83,-4578
4259.83,-4578 4372.71,-4669.49
4372.71,-4638 5795.4,-4638
5908.28,-4729.49 5908.28,-4546.51
5908.28,-4546.51 5795.4,-4638
5795.4,-4638 5908.28,-4729.49
5908.28,-4698 8986.5,-4698
8986.5,-3298 8986.5,-4698
7443.96,-3178 7443.96,-4578
5911.5,-3118 5911.5,-4518
2917.45,-4578 4259.83,-4578
2917.45,-4578 2917.45,-5378
4372.71,-4518 5911.5,-4518
5908.28,-4578 7443.96,-4578
