20.56,-13.53 20.56,-19.68
20.56,-19.68 13.31,-19.68
23.73,-20.57 13.31,-20.57
31.14,-13.57 31.14,-20.07
13.31,-21.07 13.31,-19.18
12.14,-20.13 6.92,-20.13
13.31,-19.18 12.14,-20.13
12.14,-20.13 13.31,-21.07
41.72,-13.57 41.72,-21.07
24.89,-21.51 24.89,-19.62
24.89,-19.62 23.72,-20.57
23.72,-20.57 24.89,-21.51
24.89,-20.07 31.14,-20.07
24.89,-21.07 41.72,-21.07
27.4,-13.26 31.52,-13.78
32.38,-12.73 32.67,-12.77
31.7,-13.33 32.67,-12.48
27.41,-7.06 27.41,-7.22
28.54,-6.04 27.42,-7.04
32.79,-6.47 31.65,-6.33
31.91,-7.89 32.66,-7.22
27.4,-7.24 27.4,-13.26
27.66,-13.24 27.66,-13.01
31.7,-8.66 31.91,-7.89
31.7,-13.27 31.7,-8.66
31.3,-13.47 31.3,-13.7
32.77,-12.68 32.76,-6.49
27.53,-10.03 31.38,-10.51
27.53,-7.29 27.53,-10.02
27.53,-12.94 31.38,-13.42
27.53,-10.15 27.53,-12.94
31.7,-13.25 32.54,-12.46
30.57,-13.56 28.34,-13.28
30.57,-13.56 30.67,-13.63
30.67,-13.63 31.35,-13.72
31.35,-13.72 31.35,-13.75
27.56,-13.27 27.56,-13.24
27.56,-13.24 28.24,-13.33
28.32,-13.22 27.9,-13.16
31.24,-13.58 30.81,-13.53
32.79,-6.47 31.55,-7.57
31.55,-7.57 27.41,-7.11
31.55,-7.76 27.4,-7.24
31.92,-7.88 31.92,-7.44
32.76,-6.68 31.55,-7.76
31.55,-7.57 31.55,-13.75
31.7,-13.27 31.7,-13.4
31.7,-13.62 31.7,-13.4
31.7,-13.62 31.52,-13.78
32.67,-12.77 32.77,-12.68
32.67,-12.42 32.67,-12.77
32.67,-6.76 32.67,-12.42
32.54,-12.46 32.54,-7.33
31.38,-10.51 31.38,-7.77
27.53,-7.29 31.38,-7.77
31.4,-7.74 31.4,-7.74
31.38,-13.42 31.38,-10.64
27.53,-10.15 31.38,-10.64
29.87,-12.28 31.38,-12.47
29.87,-13.23 29.87,-12.28
31.38,-13.01 31.38,-13.01
27.66,-13.01 31.3,-13.47
29.92,-12.8 29.92,-13.17
30.23,-12.84 29.92,-12.8
30.23,-13.21 30.23,-12.84
29.92,-13.17 30.23,-13.21
30.83,-13.29 30.83,-12.91
30.27,-13.22 30.83,-13.29
30.27,-12.84 30.27,-13.22
30.83,-12.91 30.27,-12.84
31.7,-13.27 31.7,-13.27
31.4,-7.74 31.4,-7.74
28.24,-13.33 28.34,-13.28
27.9,-13.16 27.9,-13.04
28.32,-13.22 28.32,-13.1
30.81,-13.53 30.81,-13.41
31.24,-13.58 31.24,-13.46
31.81,-5.68 31.81,-5.57
28.42,-5.57 28.42,-5.68
31.66,-6.53 31.66,-6.08
28.57,-6.07 28.56,-6.53
28.47,-5.44 28.69,-5.26
28.69,-5.26 28.72,-5.25
28.72,-5.25 28.75,-5.23
28.75,-5.23 29.08,-5.12
29.08,-5.12 29.35,-5.07
29.35,-5.07 29.89,-5.01
29.89,-5.01 30.37,-5.01
30.37,-5.01 30.77,-5.05
30.77,-5.05 31.26,-5.15
31.26,-5.15 31.29,-5.17
31.29,-5.17 31.33,-5.18
31.33,-5.18 31.71,-5.38
31.71,-5.38 31.73,-5.4
31.73,-5.4 31.74,-5.42
31.74,-5.42 31.8,-5.54
31.8,-5.54 31.81,-5.57
31.81,-5.57 31.81,-5.59
31.81,-5.59 31.8,-5.61
31.8,-5.61 31.8,-5.63
31.8,-5.63 31.79,-5.64
31.79,-5.64 31.65,-5.81
31.65,-5.81 31.62,-5.83
31.62,-5.83 31.6,-5.84
31.6,-5.84 31.03,-6.04
31.03,-6.04 30.56,-6.12
30.56,-6.12 30.3,-6.13
30.3,-6.13 29.68,-6.12
29.68,-6.12 29.63,-6.11
29.63,-6.11 29.29,-6.06
29.29,-6.06 28.95,-5.98
28.95,-5.98 28.68,-5.87
28.68,-5.87 28.66,-5.86
28.66,-5.86 28.5,-5.75
28.5,-5.75 28.49,-5.73
28.49,-5.73 28.47,-5.71
28.47,-5.71 28.46,-5.7
28.46,-5.7 28.42,-5.61
28.42,-5.61 28.42,-5.59
28.42,-5.59 28.42,-5.58
28.42,-5.58 28.42,-5.56
28.42,-5.56 28.43,-5.51
28.43,-5.51 28.44,-5.49
28.44,-5.49 28.44,-5.47
28.44,-5.47 28.45,-5.45
28.45,-5.45 28.47,-5.44
28.42,-5.68 28.42,-5.69
28.42,-5.69 28.42,-5.71
31.56,-6.17 31.27,-6.32
31.27,-6.32 31.24,-6.33
31.24,-6.33 30.92,-6.41
30.92,-6.41 30.5,-6.47
30.5,-6.47 30.15,-6.48
30.15,-6.48 30.1,-6.48
30.1,-6.48 30.05,-6.48
30.05,-6.48 30,-6.48
30,-6.48 29.85,-6.48
29.85,-6.48 29.37,-6.42
29.37,-6.42 29.04,-6.34
29.04,-6.34 28.71,-6.23
31.66,-6.45 31.77,-6.53
31.77,-6.53 31.84,-6.62
31.84,-6.62 31.87,-6.73
31.87,-6.73 31.85,-6.81
31.85,-6.81 31.53,-7.08
31.53,-7.08 31.11,-7.21
31.11,-7.21 30.47,-7.3
30.47,-7.3 30.42,-7.31
30.42,-7.31 29.78,-7.3
29.78,-7.3 29.27,-7.24
29.8,-7.04 30.2,-7.05
30.2,-7.05 30.74,-7.01
30.74,-7.01 31.33,-6.86
31.33,-6.86 31.44,-6.8
31.44,-6.8 31.63,-6.65
31.63,-6.65 31.66,-6.56
31.66,-6.56 31.66,-6.53
28.56,-6.53 28.56,-6.54
28.56,-6.54 28.57,-6.56
28.57,-6.56 28.57,-6.58
28.57,-6.58 28.63,-6.69
28.63,-6.69 28.73,-6.77
28.73,-6.77 28.75,-6.78
28.75,-6.78 28.78,-6.8
28.78,-6.8 29.02,-6.9
29.02,-6.9 29.34,-6.98
29.34,-6.98 29.39,-6.99
29.39,-6.99 29.43,-7
29.43,-7 29.8,-7.04
29.27,-7.24 28.92,-7.16
28.92,-7.16 28.64,-7.05
28.64,-7.05 28.45,-6.92
28.45,-6.92 28.37,-6.8
28.37,-6.8 28.36,-6.78
28.36,-6.78 28.36,-6.77
28.36,-6.77 28.35,-6.73
28.35,-6.73 28.39,-6.61
28.39,-6.61 28.4,-6.59
28.4,-6.59 28.42,-6.57
28.42,-6.57 28.57,-6.45
28.57,-6.07 28.71,-6.23
31.56,-6.17 31.66,-6.07
28.42,-5.71 28.57,-6.07
31.81,-5.68 31.66,-6.07
37.93,-13.25 42.05,-13.77
42.91,-12.72 43.2,-12.76
42.23,-13.32 43.2,-12.47
37.94,-7.04 37.93,-7.21
39.07,-6.03 37.95,-7.03
43.32,-6.46 42.18,-6.32
42.44,-7.88 43.19,-7.21
37.93,-7.23 37.93,-13.25
38.18,-13.23 38.18,-13
42.23,-8.65 42.44,-7.88
42.23,-13.26 42.23,-8.65
41.83,-13.46 41.83,-13.69
43.3,-12.67 43.29,-6.48
38.06,-10.02 41.91,-10.5
38.06,-7.27 38.06,-10.01
38.06,-12.93 41.91,-13.41
38.06,-10.14 38.06,-12.93
42.23,-13.23 43.07,-12.45
41.1,-13.55 38.86,-13.27
41.1,-13.55 41.2,-13.62
41.2,-13.62 41.88,-13.71
41.88,-13.71 41.88,-13.74
38.09,-13.26 38.09,-13.23
38.09,-13.23 38.77,-13.31
38.85,-13.2 38.42,-13.15
41.77,-13.57 41.34,-13.52
43.32,-6.46 42.08,-7.56
42.08,-7.56 37.94,-7.09
42.08,-7.75 37.93,-7.23
42.45,-7.87 42.45,-7.43
43.29,-6.67 42.08,-7.74
42.08,-7.56 42.08,-13.74
42.23,-13.26 42.23,-13.39
42.23,-13.61 42.23,-13.39
42.23,-13.61 42.05,-13.77
43.2,-12.76 43.3,-12.67
43.2,-12.4 43.2,-12.76
43.2,-6.75 43.2,-12.4
43.07,-12.45 43.07,-7.32
41.91,-10.5 41.91,-7.76
38.06,-7.28 41.91,-7.76
41.93,-7.73 41.93,-7.73
41.91,-13.41 41.91,-10.63
38.06,-10.14 41.91,-10.63
40.4,-12.27 41.91,-12.46
40.4,-13.22 40.4,-12.27
41.91,-13 41.91,-12.99
38.18,-13 41.83,-13.46
40.45,-12.78 40.45,-13.16
40.75,-12.82 40.45,-12.78
40.75,-13.2 40.75,-12.82
40.45,-13.16 40.75,-13.2
41.36,-13.27 41.36,-12.9
40.8,-13.2 41.36,-13.27
40.8,-12.83 40.8,-13.2
41.36,-12.9 40.8,-12.83
42.23,-13.26 42.23,-13.26
41.93,-7.73 41.93,-7.73
38.77,-13.31 38.86,-13.27
38.42,-13.15 38.42,-13.03
38.85,-13.2 38.85,-13.08
41.34,-13.52 41.34,-13.4
41.77,-13.57 41.77,-13.45
42.33,-5.67 42.33,-5.56
38.95,-5.56 38.95,-5.67
42.19,-6.52 42.18,-6.06
39.1,-6.06 39.09,-6.52
38.99,-5.43 39.22,-5.25
39.22,-5.25 39.25,-5.24
39.25,-5.24 39.28,-5.22
39.28,-5.22 39.61,-5.11
39.61,-5.11 39.88,-5.06
39.88,-5.06 40.42,-5
40.42,-5 40.9,-5
40.9,-5 41.3,-5.04
41.3,-5.04 41.78,-5.14
41.78,-5.14 41.82,-5.15
41.82,-5.15 41.86,-5.17
41.86,-5.17 42.24,-5.37
42.24,-5.37 42.26,-5.39
42.26,-5.39 42.27,-5.41
42.27,-5.41 42.33,-5.53
42.33,-5.53 42.33,-5.56
42.33,-5.56 42.33,-5.58
42.33,-5.58 42.33,-5.6
42.33,-5.6 42.33,-5.61
42.33,-5.61 42.32,-5.63
42.32,-5.63 42.17,-5.8
42.17,-5.8 42.15,-5.82
42.15,-5.82 42.13,-5.83
42.13,-5.83 41.56,-6.03
41.56,-6.03 41.09,-6.1
41.09,-6.1 40.83,-6.12
40.83,-6.12 40.2,-6.11
40.2,-6.11 40.15,-6.1
40.15,-6.1 39.82,-6.05
39.82,-6.05 39.48,-5.97
39.48,-5.97 39.21,-5.86
39.21,-5.86 39.18,-5.85
39.18,-5.85 39.03,-5.74
39.03,-5.74 39.02,-5.72
39.02,-5.72 39,-5.7
39,-5.7 38.99,-5.69
38.99,-5.69 38.95,-5.6
38.95,-5.6 38.95,-5.58
38.95,-5.58 38.95,-5.57
38.95,-5.57 38.95,-5.55
38.95,-5.55 38.96,-5.5
38.96,-5.5 38.96,-5.48
38.96,-5.48 38.97,-5.46
38.97,-5.46 38.98,-5.44
38.98,-5.44 38.99,-5.43
38.95,-5.67 38.95,-5.68
38.95,-5.68 38.95,-5.69
42.09,-6.16 41.8,-6.3
41.8,-6.3 41.77,-6.32
41.77,-6.32 41.45,-6.4
41.45,-6.4 41.03,-6.46
41.03,-6.46 40.68,-6.47
40.68,-6.47 40.63,-6.47
40.63,-6.47 40.58,-6.47
40.58,-6.47 40.53,-6.47
40.53,-6.47 40.38,-6.47
40.38,-6.47 39.9,-6.41
39.9,-6.41 39.57,-6.33
39.57,-6.33 39.24,-6.22
42.19,-6.44 42.3,-6.52
42.3,-6.52 42.37,-6.61
42.37,-6.61 42.4,-6.71
42.4,-6.71 42.38,-6.8
42.38,-6.8 42.06,-7.07
42.06,-7.07 41.63,-7.2
41.63,-7.2 41,-7.29
41,-7.29 40.95,-7.29
40.95,-7.29 40.31,-7.29
40.31,-7.29 39.8,-7.23
40.33,-7.03 40.73,-7.04
40.73,-7.04 41.26,-7
41.26,-7 41.86,-6.84
41.86,-6.84 41.97,-6.79
41.97,-6.79 42.15,-6.63
42.15,-6.63 42.19,-6.55
42.19,-6.55 42.19,-6.52
39.09,-6.52 39.09,-6.53
39.09,-6.53 39.09,-6.55
39.09,-6.55 39.1,-6.56
39.1,-6.56 39.16,-6.68
39.16,-6.68 39.26,-6.76
39.26,-6.76 39.28,-6.77
39.28,-6.77 39.31,-6.79
39.31,-6.79 39.55,-6.89
39.55,-6.89 39.87,-6.97
39.87,-6.97 39.92,-6.98
39.92,-6.98 39.96,-6.99
39.96,-6.99 40.33,-7.03
39.8,-7.23 39.45,-7.15
39.45,-7.15 39.17,-7.04
39.17,-7.04 38.98,-6.91
38.98,-6.91 38.9,-6.79
38.9,-6.79 38.89,-6.77
38.89,-6.77 38.89,-6.75
38.89,-6.75 38.88,-6.72
38.88,-6.72 38.92,-6.6
38.92,-6.6 38.93,-6.58
38.93,-6.58 38.95,-6.56
38.95,-6.56 39.09,-6.44
39.1,-6.06 39.24,-6.22
42.09,-6.16 42.19,-6.06
38.95,-5.69 39.1,-6.06
42.33,-5.67 42.19,-6.06
15.68,-13.07 19.8,-13.59
21.81,-12.68 22.09,-12.72
21.12,-13.29 22.09,-12.43
15.69,-6.86 15.69,-7.03
16.93,-5.76 15.7,-6.85
22.21,-6.42 20.51,-6.21
17.35,-5.81 16.93,-5.76
21.34,-7.84 22.09,-7.18
15.68,-7.05 15.68,-13.07
15.94,-13.05 15.94,-12.82
21.12,-8.61 21.34,-7.84
21.12,-13.57 21.12,-8.61
20.72,-13.42 20.72,-13.65
22.19,-12.63 22.19,-6.45
15.82,-9.84 20.8,-10.46
15.81,-7.09 15.81,-9.83
15.81,-9.96 15.81,-12.74
15.81,-12.74 20.8,-13.38
21.12,-13.2 21.96,-12.42
19.95,-13.51 16.62,-13.09
19.95,-13.51 20.05,-13.58
20.05,-13.58 20.78,-13.67
20.78,-13.67 20.78,-13.7
15.84,-13.09 15.84,-13.05
15.84,-13.05 16.52,-13.13
16.6,-13.02 16.18,-12.97
20.66,-13.53 20.23,-13.48
22.21,-6.42 20.97,-7.52
20.97,-7.52 15.69,-6.87
20.98,-7.71 15.68,-7.05
21.34,-7.83 21.34,-7.39
22.19,-6.63 20.98,-7.71
20.97,-7.52 20.98,-13.7
21.12,-13.57 20.94,-13.73
22.09,-12.72 22.19,-12.63
22.09,-12.37 22.09,-12.72
22.09,-6.71 22.09,-12.37
21.96,-12.42 21.96,-7.29
20.8,-10.46 20.8,-7.72
15.82,-7.1 20.8,-7.72
20.8,-13.71 20.8,-10.59
15.82,-9.96 20.8,-10.59
15.94,-12.82 20.8,-13.43
16.52,-13.13 16.62,-13.09
16.18,-12.97 16.18,-12.85
16.6,-13.02 16.6,-12.9
20.23,-13.48 20.23,-13.36
20.66,-13.53 20.66,-13.41
15.84,-13.09 20.94,-13.73
19.29,-12.22 20.8,-12.41
19.29,-13.18 19.29,-12.22
19.34,-12.74 19.34,-13.12
19.65,-12.78 19.34,-12.74
19.65,-13.16 19.65,-12.78
19.34,-13.12 19.65,-13.16
20.25,-13.23 20.25,-12.86
19.7,-13.16 20.25,-13.23
19.7,-12.79 19.7,-13.16
20.25,-12.86 19.7,-12.79
20.65,-5.54 20.65,-5.43
17.26,-5.43 17.26,-5.54
20.5,-6.39 20.49,-5.93
17.41,-5.93 17.4,-6.39
17.31,-5.29 17.53,-5.12
17.53,-5.12 17.56,-5.1
17.56,-5.1 17.59,-5.09
17.59,-5.09 17.92,-4.98
17.92,-4.98 18.19,-4.92
18.19,-4.92 18.73,-4.87
18.73,-4.87 19.21,-4.87
19.21,-4.87 19.61,-4.91
19.61,-4.91 20.09,-5.01
20.09,-5.01 20.13,-5.02
20.13,-5.02 20.17,-5.03
20.17,-5.03 20.55,-5.24
20.55,-5.24 20.57,-5.26
20.57,-5.26 20.58,-5.27
20.58,-5.27 20.64,-5.39
20.64,-5.39 20.65,-5.43
20.65,-5.43 20.64,-5.45
20.64,-5.45 20.64,-5.46
20.64,-5.46 20.64,-5.48
20.64,-5.48 20.63,-5.5
20.63,-5.5 20.49,-5.67
20.49,-5.67 20.46,-5.68
20.46,-5.68 20.44,-5.7
20.44,-5.7 19.87,-5.9
19.87,-5.9 19.4,-5.97
19.4,-5.97 19.14,-5.99
19.14,-5.99 18.51,-5.97
18.51,-5.97 18.46,-5.97
18.46,-5.97 18.13,-5.92
18.13,-5.92 17.79,-5.84
17.79,-5.84 17.52,-5.73
17.52,-5.73 17.5,-5.71
17.5,-5.71 17.34,-5.6
17.34,-5.6 17.33,-5.59
17.33,-5.59 17.31,-5.57
17.31,-5.57 17.3,-5.55
17.3,-5.55 17.26,-5.47
17.26,-5.47 17.26,-5.45
17.26,-5.45 17.26,-5.43
17.26,-5.43 17.26,-5.41
17.26,-5.41 17.27,-5.36
17.27,-5.36 17.28,-5.34
17.28,-5.34 17.28,-5.33
17.28,-5.33 17.29,-5.31
17.29,-5.31 17.31,-5.29
17.26,-5.54 17.26,-5.54
17.26,-5.54 17.26,-5.56
20.4,-6.03 20.11,-6.17
20.11,-6.17 20.08,-6.18
20.08,-6.18 19.76,-6.27
19.76,-6.27 19.34,-6.32
19.34,-6.32 18.99,-6.34
18.99,-6.34 18.94,-6.34
18.94,-6.34 18.89,-6.34
18.89,-6.34 18.84,-6.34
18.84,-6.34 18.69,-6.33
18.69,-6.33 18.21,-6.28
18.21,-6.28 17.88,-6.2
17.88,-6.2 17.55,-6.09
20.5,-6.3 20.61,-6.39
20.61,-6.39 20.68,-6.47
20.68,-6.47 20.71,-6.58
20.71,-6.58 20.69,-6.67
20.69,-6.67 20.37,-6.93
20.37,-6.93 19.95,-7.07
19.95,-7.07 19.31,-7.16
19.31,-7.16 19.26,-7.16
19.26,-7.16 18.62,-7.16
18.62,-7.16 18.11,-7.1
18.64,-6.9 19.04,-6.91
19.04,-6.91 19.57,-6.86
19.57,-6.86 20.17,-6.71
20.17,-6.71 20.28,-6.66
20.28,-6.66 20.46,-6.5
20.46,-6.5 20.5,-6.42
20.5,-6.42 20.5,-6.39
17.4,-6.39 17.4,-6.4
17.4,-6.4 17.4,-6.41
17.4,-6.41 17.41,-6.43
17.41,-6.43 17.47,-6.55
17.47,-6.55 17.57,-6.62
17.57,-6.62 17.59,-6.64
17.59,-6.64 17.62,-6.65
17.62,-6.65 17.86,-6.76
17.86,-6.76 18.18,-6.84
18.18,-6.84 18.23,-6.85
18.23,-6.85 18.27,-6.85
18.27,-6.85 18.64,-6.9
18.11,-7.1 17.76,-7.01
17.76,-7.01 17.48,-6.91
17.48,-6.91 17.29,-6.78
17.29,-6.78 17.21,-6.66
17.21,-6.66 17.2,-6.64
17.2,-6.64 17.2,-6.62
17.2,-6.62 17.19,-6.59
17.19,-6.59 17.23,-6.46
17.23,-6.46 17.24,-6.44
17.24,-6.44 17.26,-6.43
17.26,-6.43 17.4,-6.3
17.41,-5.93 17.55,-6.09
20.4,-6.03 20.5,-5.93
17.26,-5.56 17.41,-5.93
20.65,-5.54 20.5,-5.93
