5276.04,-2446.11 5310.74,-2446.11
5496.71,-2338.74 5498.12,-2337.93
5316.53,-2425.62 5496.56,-2321.68
5497.73,-2338.15 5497.39,-2338.37
5313.92,-2409.86 5276.24,-2409.86
5314.98,-2409.7 5496.46,-2305.8
5503.59,-1638.78 5100.9,-1406.29
5503.59,-1678.3 5503.59,-1638.78
5500.39,-2302.2 5500.39,-1680.15
5498.12,-2304.28 5498.12,-2337.93
5496.71,-2305.58 5496.71,-2338.74
5274,-1786.51 4871.1,-1553.9
5316.39,-2442.84 5316.39,-2408.96
5314.98,-2443.66 5314.98,-2409.7
5313.92,-1786.51 5313.92,-2409.86
5276.24,-1786.51 5276.24,-2409.86
5261.19,-1779.11 5261.19,-2386.76
5261.19,-2397.61 5261.19,-2386.76
5503.59,-1678.3 5316.21,-1786.48
5316.21,-1786.48 5274,-1786.51
5496.56,-2320.04 5484.19,-2312.9
5481.86,-2330.17 5496.71,-2338.74
4888.44,-2108.5 4888.44,-1920.18
4888.44,-1886.78 4888.44,-1563.91
4877.99,-2194.63 4877.99,-2216.3
4876.57,-2179.64 4876.57,-2190.55
4874.3,-2177.81 4874.3,-1555.75
4871.1,-1514.38 4871.1,-1553.9
5316.39,-2425.53 5316.53,-2425.62
5262.15,-2400.91 4887.54,-2184.63
5274.68,-2409.49 5264.72,-2403.74
4884.91,-2184.46 4874.95,-2178.7
5314.98,-2443.66 4876.57,-2190.55
4877.99,-2216.3 5276.04,-2446.11
5100.9,-1406.29 5058.34,-1406.29
5058.34,-1406.29 4871.1,-1514.38
4903.83,-1929.06 4874.95,-1912.39
4908.5,-1898.36 4874.3,-1878.61
5275.8,-2081.13 4874.3,-1849.32
4928.61,-2131.69 4874.3,-2100.34
4946.24,-2162.76 4946.24,-2218.52
4908.5,-1898.36 4920.6,-1912.34
4920.6,-1912.34 4921.51,-1926.61
4921.51,-1926.61 4914.52,-1932.08
4914.52,-1932.08 4903.83,-1929.06
4928.61,-2131.69 4946.24,-2162.76
5261.19,-2397.61 5262.15,-2400.91
5262.15,-2400.91 5264.72,-2403.74
5313.92,-2409.86 5314.98,-2409.7
5274.68,-2409.49 5276.24,-2409.86
4874.3,-2177.81 4874.95,-2178.7
4884.91,-2184.46 4887.54,-2184.63
4877.99,-2194.63 4876.57,-2190.55
5496.46,-2305.8 5500.39,-2302.2
5310.74,-2446.11 5316.39,-2442.84
5200.44,-2326.74 5261.19,-2361.81
5200.44,-2326.74 5200.44,-2365.28
6792.49,-2546.61 6827.19,-2546.61
7013.16,-2439.24 7014.58,-2438.43
6832.99,-2526.12 7013.02,-2422.18
7014.19,-2438.65 7013.84,-2438.87
6830.37,-2510.36 6792.69,-2510.36
6831.43,-2510.2 7012.91,-2406.3
7020.05,-1739.28 6617.35,-1506.79
7020.05,-1778.8 7020.05,-1739.28
7016.85,-2402.7 7016.85,-1780.65
7014.58,-2404.78 7014.58,-2438.43
7013.16,-2406.08 7013.16,-2439.24
6790.46,-1887.01 6387.56,-1654.4
6832.85,-2543.34 6832.85,-2509.46
6831.43,-2544.16 6831.43,-2510.2
6830.37,-1887.01 6830.37,-2510.36
6792.69,-1887.01 6792.69,-2510.36
6777.64,-1879.61 6777.64,-2487.26
6777.64,-2498.11 6777.64,-2487.26
7020.05,-1778.8 6832.66,-1886.98
6832.66,-1886.98 6790.46,-1887.01
7013.02,-2420.54 7000.64,-2413.4
6998.31,-2430.67 7013.16,-2439.24
6404.9,-2209 6404.9,-2020.68
6404.9,-1987.28 6404.9,-1664.41
6394.44,-2295.13 6394.44,-2316.8
6393.03,-2280.14 6393.03,-2291.05
6390.76,-2278.31 6390.76,-1656.25
6387.56,-1614.88 6387.56,-1654.4
6832.85,-2526.03 6832.99,-2526.12
6778.61,-2501.41 6403.99,-2285.13
6791.14,-2509.99 6781.18,-2504.24
6401.36,-2284.96 6391.4,-2279.2
6831.43,-2544.16 6393.03,-2291.05
6617.35,-1506.79 6574.79,-1506.79
6574.79,-1506.79 6387.56,-1614.88
6420.29,-2029.56 6391.4,-2012.89
6424.96,-1998.86 6390.76,-1979.11
6792.25,-2181.63 6390.76,-1949.82
6445.07,-2232.19 6390.76,-2200.84
6462.7,-2263.26 6462.7,-2319.02
6424.96,-1998.86 6437.05,-2012.84
6437.05,-2012.84 6437.96,-2027.11
6437.96,-2027.11 6430.98,-2032.58
6430.98,-2032.58 6420.29,-2029.56
6445.07,-2232.19 6462.7,-2263.26
6777.64,-2498.11 6778.61,-2501.41
6778.61,-2501.41 6781.18,-2504.24
6830.37,-2510.36 6831.43,-2510.2
6791.14,-2509.99 6792.69,-2510.36
6390.76,-2278.31 6391.4,-2279.2
6401.36,-2284.96 6403.99,-2285.13
6394.44,-2295.13 6393.03,-2291.05
7012.91,-2406.3 7016.85,-2402.7
6827.19,-2546.61 6832.85,-2543.34
6716.89,-2427.24 6777.64,-2462.31
6716.89,-2427.24 6716.89,-2465.78
6394.44,-2316.8 6792.49,-2546.61
3653.82,-3954.49 3653.82,-3771.51
3653.82,-3771.51 3540.94,-3863
3540.94,-3863 3653.82,-3954.49
3653.82,-3923 6736,-3923
2453.76,-3863 3540.94,-3863
2453.76,-3863 2453.76,-4663
3653.82,-3803 5192.61,-3803
5192.61,-2403 5192.61,-3803
6736,-2523 6736,-3923
