2731.45,-1603.79 2766.15,-1603.79
2926,-1511.5 2927.41,-1510.68
2771.95,-1583.3 2926,-1494.92
2769.33,-1567.54 2731.65,-1567.54
2770.39,-1567.38 2927.34,-1477.53
2930.59,-1013.91 2527.9,-781.42
2930.59,-1053.43 2930.59,-1013.91
2927.41,-1477.04 2927.41,-1510.68
2926,-1478.33 2926,-1511.5
2729.41,-1145.24 2326.51,-912.63
2771.8,-1600.52 2771.8,-1566.64
2770.39,-1601.34 2770.39,-1567.38
2769.33,-1145.22 2769.33,-1567.54
2731.65,-1145.24 2731.65,-1567.54
2716.6,-1137.85 2716.6,-1544.44
2716.6,-1555.29 2716.6,-1544.44
2930.59,-1053.43 2771.62,-1145.21
2771.62,-1145.21 2729.41,-1145.24
2925.2,-1492.36 2913.36,-1485.53
2911.59,-1503.18 2926,-1511.5
2343.85,-1305.52 2343.85,-1141.29
2343.85,-1102.21 2343.85,-922.65
2333.4,-1352.31 2333.4,-1373.98
2331.99,-1337.32 2331.99,-1348.23
2329.71,-1335.48 2329.71,-914.48
2326.51,-873.12 2326.51,-912.63
2771.8,-1583.21 2771.95,-1583.3
2717.57,-1558.59 2342.95,-1342.31
2730.09,-1567.17 2720.13,-1561.42
2340.32,-1342.13 2330.36,-1336.38
2770.39,-1601.34 2331.99,-1348.23
2333.4,-1373.98 2731.45,-1603.79
2527.9,-781.42 2485.34,-781.42
2485.34,-781.42 2326.51,-873.12
2358.3,-1149.63 2329.71,-1133.12
2364.56,-1114.17 2329.71,-1094.42
2372.01,-1321.79 2329.71,-1297.35
2382.34,-1344.71 2382.34,-1365.16
2364.56,-1114.17 2376.65,-1128.15
2376.65,-1128.15 2377.56,-1142.42
2377.56,-1142.42 2370.58,-1147.88
2370.58,-1147.88 2358.3,-1149.63
2372.01,-1321.79 2382.34,-1344.71
2716.6,-1555.29 2717.57,-1558.59
2717.57,-1558.59 2720.13,-1561.42
2769.33,-1567.54 2770.39,-1567.38
2730.09,-1567.17 2731.65,-1567.54
2329.71,-1335.48 2330.36,-1336.38
2340.32,-1342.13 2342.95,-1342.31
2333.4,-1352.31 2331.99,-1348.23
2766.15,-1603.79 2771.8,-1600.52
2927.34,-1477.53 2927.34,-1055.31
