5798.97,-3171.91 5813.24,-3180.15
5348.25,-2911.18 5798.97,-3171.4
5360.2,-2875.52 5796.65,-3126.91
5348.25,-2911.18 5348.25,-2170.45
5360.2,-2177.35 5360.2,-2917.18
6127.66,-2966.04 6153.43,-2980.92
5774.66,-2243.57 6212.76,-1990.64
5798.97,-3171.91 5798.97,-2402.49
5861.89,-3152.06 5861.89,-3119.48
5919.53,-2444.35 6142.05,-2315.88
5321.6,-2155.07 5774.66,-2416.52
5919.53,-2567.81 6142.05,-2439.33
5919.53,-2691.26 6142.05,-2562.79
6153.93,-2983.45 6153.93,-2950.87
5919.53,-2814.72 6142.05,-2686.24
6186.7,-2964.53 6186.7,-2178.63
5919.53,-2938.17 6142.05,-2809.7
5864.86,-3093.19 6142.05,-2933.16
6153.93,-2950.87 5861.89,-3119.48
5813.24,-3180.15 5861.89,-3152.06
6153.93,-2983.45 6186.7,-2964.53
5774.66,-2416.52 6212.76,-2163.59
5360.2,-2489.81 5798.97,-2743.01
5321.6,-1982.12 5774.66,-2243.57
5774.66,-2243.57 5774.66,-2416.52
6212.76,-1990.64 6212.76,-2163.59
5321.6,-1982.12 5759.7,-1729.19
5759.7,-1729.19 6212.76,-1990.64
5321.6,-1982.12 5321.6,-2155.07
5919.53,-3061.63 5919.53,-2358.45
6005.53,-3011.97 6005.53,-2320.45
6092.53,-2961.74 6092.53,-2285.54
6153.93,-2950.87 6153.93,-2197.55
5424.11,-1952.77 5830.57,-2187.34
5748.12,-2179.89 6100.94,-1976.19
5561.3,-1868.76 5967.76,-2103.32
5703.53,-1786.48 6109.99,-2021.04
5659.03,-2118.04 6011.86,-1914.34
5568.12,-2054.39 5920.94,-1850.69
5468.03,-1995.04 5820.86,-1791.34
7310.82,-3223.41 7325.09,-3231.65
6860.1,-2962.68 7310.82,-3222.9
6872.05,-2927.02 7308.5,-3178.41
6860.1,-2962.68 6860.1,-2221.95
6872.05,-2228.85 6872.05,-2968.68
7639.51,-3017.54 7665.28,-3032.42
7286.51,-2295.07 7724.61,-2042.14
7310.82,-3223.41 7310.82,-2453.99
7373.74,-3203.56 7373.74,-3170.98
7431.38,-2495.85 7653.9,-2367.38
6833.45,-2206.57 7286.51,-2468.02
7431.38,-2619.31 7653.9,-2490.83
7431.38,-2742.76 7653.9,-2614.29
7665.78,-3034.95 7665.78,-3002.37
7431.38,-2866.22 7653.9,-2737.74
7698.55,-3016.03 7698.55,-2230.13
7431.38,-2989.67 7653.9,-2861.2
7376.71,-3144.69 7653.9,-2984.66
7665.78,-3002.37 7373.74,-3170.98
7325.09,-3231.65 7373.74,-3203.56
7665.78,-3034.95 7698.55,-3016.03
7286.51,-2468.02 7724.61,-2215.09
6872.05,-2541.31 7310.82,-2794.51
6833.45,-2033.62 7286.51,-2295.07
7286.51,-2295.07 7286.51,-2468.02
7724.61,-2042.14 7724.61,-2215.09
6833.45,-2033.62 7271.55,-1780.69
7271.55,-1780.69 7724.61,-2042.14
6833.45,-2033.62 6833.45,-2206.57
7431.38,-3113.13 7431.38,-2409.95
7517.38,-3063.47 7517.38,-2371.95
7604.38,-3013.24 7604.38,-2337.04
7665.78,-3002.37 7665.78,-2249.05
6935.96,-2004.27 7342.42,-2238.84
7259.97,-2231.39 7612.79,-2027.69
7073.15,-1920.26 7479.61,-2154.82
7215.38,-1837.98 7621.84,-2072.54
7170.88,-2169.54 7523.71,-1965.84
7079.97,-2105.89 7432.79,-1902.19
6979.88,-2046.54 7332.71,-1842.84
8839.82,-3334.4 8854.09,-3342.63
8389.1,-3073.66 8839.82,-3333.88
8401.05,-3038 8837.5,-3289.4
8389.1,-3073.66 8389.1,-2332.94
8401.05,-2339.83 8401.05,-3079.67
9168.51,-3128.53 9194.28,-3143.41
8815.51,-2406.06 9253.61,-2153.12
8839.82,-3334.4 8839.82,-2564.97
8902.74,-3314.54 8902.74,-3281.96
8960.38,-2606.84 9182.9,-2478.36
8362.45,-2317.56 8815.51,-2579.01
8960.38,-2730.29 9182.9,-2601.82
8960.38,-2853.75 9182.9,-2725.28
9194.78,-3145.94 9194.78,-3113.36
8960.38,-2977.2 9182.9,-2848.73
9227.55,-3127.02 9227.55,-2341.12
8960.38,-3100.66 9182.9,-2972.19
8905.71,-3255.67 9182.9,-3095.64
9194.78,-3113.36 8902.74,-3281.96
8854.09,-3342.63 8902.74,-3314.54
9194.78,-3145.94 9227.55,-3127.02
8815.51,-2579.01 9253.61,-2326.07
8401.05,-2652.3 8839.82,-2905.5
8362.45,-2144.61 8815.51,-2406.06
8815.51,-2406.06 8815.51,-2579.01
9253.61,-2153.12 9253.61,-2326.07
8362.45,-2144.61 8800.55,-1891.67
8800.55,-1891.67 9253.61,-2153.12
8362.45,-2144.61 8362.45,-2317.56
8960.38,-3224.11 8960.38,-2520.94
9046.38,-3174.46 9046.38,-2482.94
9133.38,-3124.23 9133.38,-2448.03
9194.78,-3113.36 9194.78,-2360.04
8464.96,-2115.26 8871.42,-2349.82
8788.97,-2342.38 9141.79,-2138.67
8602.15,-2031.24 9008.61,-2265.81
8744.38,-1948.96 9150.84,-2183.53
8699.88,-2280.53 9052.71,-2076.82
8608.97,-2216.88 8961.79,-2013.17
8508.88,-2157.53 8861.71,-1953.82
4181.71,-4694.49 4181.71,-4511.51
4181.71,-4511.51 4068.83,-4603
4068.83,-4603 4181.71,-4694.49
4181.71,-4663 5604.4,-4663
5717.28,-4754.49 5717.28,-4571.51
5717.28,-4571.51 5604.4,-4663
5604.4,-4663 5717.28,-4754.49
5717.28,-4723 8795.5,-4723
8795.5,-3323 8795.5,-4723
7252.96,-3203 7252.96,-4603
5720.5,-3143 5720.5,-4543
2726.45,-4603 4068.83,-4603
2726.45,-4603 2726.45,-5403
4181.71,-4543 5720.5,-4543
5717.28,-4603 7252.96,-4603
