6098.49,-3591.48 6112.76,-3599.72
5647.78,-3330.75 6098.49,-3590.97
5659.73,-3295.09 6096.18,-3546.49
5647.78,-3330.75 5647.78,-2590.02
5659.73,-2596.92 5659.73,-3336.75
6427.18,-3385.61 6452.96,-3400.5
6074.19,-2663.14 6512.29,-2410.21
6098.49,-3591.48 6098.49,-2822.06
6161.42,-3571.63 6161.42,-3539.05
6219.05,-2863.92 6441.57,-2735.45
5621.12,-2574.64 6074.19,-2836.09
6219.05,-2987.38 6441.57,-2858.91
6219.05,-3110.83 6441.57,-2982.36
6453.45,-3403.02 6453.45,-3370.44
6219.05,-3234.29 6441.57,-3105.82
6486.23,-3384.1 6486.23,-2598.2
6219.05,-3357.74 6441.57,-3229.27
6164.39,-3512.76 6441.57,-3352.73
6453.45,-3370.44 6161.42,-3539.05
6112.76,-3599.72 6161.42,-3571.63
6453.45,-3403.02 6486.23,-3384.1
6074.19,-2836.09 6512.29,-2583.16
5659.73,-2909.38 6098.49,-3162.58
5621.12,-2401.69 6074.19,-2663.14
6074.19,-2663.14 6074.19,-2836.09
6512.29,-2410.21 6512.29,-2583.16
5621.12,-2401.69 6059.23,-2148.76
6059.23,-2148.76 6512.29,-2410.21
5621.12,-2401.69 5621.12,-2574.64
6219.05,-3481.2 6219.05,-2778.02
6305.05,-3431.55 6305.05,-2740.02
6392.05,-3381.32 6392.05,-2705.11
6453.45,-3370.44 6453.45,-2617.13
5723.63,-2372.35 6130.1,-2606.91
6047.64,-2599.46 6400.47,-2395.76
5860.82,-2288.33 6267.29,-2522.89
6003.05,-2206.05 6409.52,-2440.61
5958.55,-2537.61 6311.38,-2333.91
5867.64,-2473.96 6220.47,-2270.26
5767.55,-2414.61 6120.38,-2210.91
7641.99,-3713.48 7656.26,-3721.72
7191.28,-3452.75 7641.99,-3712.97
7203.23,-3417.09 7639.68,-3668.49
7191.28,-3452.75 7191.28,-2712.02
7203.23,-2718.92 7203.23,-3458.75
7970.68,-3507.61 7996.46,-3522.5
7617.69,-2785.14 8055.79,-2532.21
7641.99,-3713.48 7641.99,-2944.06
7704.92,-3693.63 7704.92,-3661.05
7762.55,-2985.92 7985.07,-2857.45
7164.62,-2696.64 7617.69,-2958.09
7762.55,-3109.38 7985.07,-2980.91
7762.55,-3232.83 7985.07,-3104.36
7996.95,-3525.02 7996.95,-3492.44
7762.55,-3356.29 7985.07,-3227.82
8029.73,-3506.1 8029.73,-2720.2
7762.55,-3479.74 7985.07,-3351.27
7707.89,-3634.76 7985.07,-3474.73
7996.95,-3492.44 7704.92,-3661.05
7656.26,-3721.72 7704.92,-3693.63
7996.95,-3525.02 8029.73,-3506.1
7617.69,-2958.09 8055.79,-2705.16
7203.23,-3031.38 7641.99,-3284.58
7164.62,-2523.69 7617.69,-2785.14
7617.69,-2785.14 7617.69,-2958.09
8055.79,-2532.21 8055.79,-2705.16
7164.62,-2523.69 7602.73,-2270.76
7602.73,-2270.76 8055.79,-2532.21
7164.62,-2523.69 7164.62,-2696.64
7762.55,-3603.2 7762.55,-2900.02
7848.55,-3553.55 7848.55,-2862.02
7935.55,-3503.32 7935.55,-2827.11
7996.95,-3492.44 7996.95,-2739.13
7267.13,-2494.35 7673.6,-2728.91
7591.14,-2721.46 7943.97,-2517.76
7404.32,-2410.33 7810.79,-2644.89
7546.55,-2328.05 7953.02,-2562.61
7502.05,-2659.61 7854.88,-2455.91
7411.14,-2595.96 7763.97,-2392.26
7311.05,-2536.61 7663.88,-2332.91
4506.06,-5115.99 4506.06,-4933.01
4506.06,-4933.01 4393.18,-5024.5
4393.18,-5024.5 4506.06,-5115.99
4506.06,-5084.5 7588.24,-5084.5
3306,-5024.5 4393.18,-5024.5
3306,-5024.5 3306,-5824.5
4506.06,-4964.5 6044.85,-4964.5
6044.85,-3564.5 6044.85,-4964.5
7588.24,-3684.5 7588.24,-5084.5
