12.91,-8.98 12.72,-8.87
10.79,-7.76 10.6,-7.65
12.6,-8.51 10.23,-7.14
13.52,-9.01 12.62,-8.5
13.18,-8.72 13.52,-8.92
10.23,-6.97 12.55,-8.31
13.52,-8.61 13.18,-8.41
13.52,-8.34 12.55,-7.79
12.82,-7.81 13.34,-8.12
13.03,-7.15 13.3,-7.31
13.3,-7.18 13.03,-7.03
13.03,-7.03 13.03,-7.15
10.85,-7.5 10.6,-7.65
10.79,-7.76 11.05,-7.61
13.18,-8.41 13.18,-8.82
13.3,-7.18 13.3,-7.31
13.38,-8.93 13.38,-8.84
13.52,-8.34 13.52,-9.01
13.65,-9.01 13.65,-3.51
13.89,-8.21 13.89,-8.77
14.03,-8.81 14.03,-8.29
14.84,-2.82 14.84,-8.35
14.13,-7.94 14.65,-7.64
12.99,-8.71 12.72,-8.87
13.99,-8.15 13.65,-8.34
14.81,-7.72 14.03,-8.17
12.91,-8.84 12.85,-8.88
13.65,-8.47 13.98,-8.28
12.89,-8.92 12.94,-8.89
14.03,-8.29 14.81,-7.84
12.91,-8.98 13.19,-8.83
14.22,-8.48 14.41,-8.37
14.46,-8.34 14.65,-8.23
13.99,-8.72 13.66,-8.91
14.65,-8.35 14.46,-8.46
14.41,-8.49 14.22,-8.6
13.99,-8.82 13.65,-9.01
14.84,-8.35 14.04,-8.81
13.03,-7.15 13.1,-7.1
10.78,-7.62 10.73,-7.65
10.76,-7.7 10.82,-7.66
14.84,-7.74 14.84,-7.66
10.26,-1.48 11.41,-.82
11.49,-.89 11.17,-1.07
11.08,-1.12 10.83,-1.27
10.75,-1.32 10.43,-1.5
10.23,-1.57 10.23,-7.14
12.37,-8.2 12.37,-3.18
12.55,-8.48 12.55,-3.01
13.54,-3.3 13.86,-3.11
13.95,-3.06 14.2,-2.92
14.28,-2.87 14.6,-2.68
12.82,-3.28 12.82,-7.81
14.84,-2.82 13.64,-3.52
12.37,-3.18 10.23,-1.94
13.45,-3.52 10.27,-1.69
13.34,-8.12 13.34,-3.58
13.45,-3.52 13.45,-8.31
10.43,-1.5 13.54,-3.3
13.86,-3.11 10.75,-1.32
10.83,-1.27 13.95,-3.06
13.99,-8.82 13.99,-3.32
14.2,-2.92 11.08,-1.12
14.13,-3.36 14.13,-7.94
11.17,-1.07 14.28,-2.87
14.6,-2.68 11.49,-.89
14.65,-7.64 14.65,-3.03
11.56,-.81 14.85,-2.69
11,-3.37 11.55,-3.68
14.65,-3.03 14.13,-3.36
12.82,-3.28 13.34,-3.58
11.55,-3.68 11.54,-4.31
11.54,-4.31 11,-4
11,-3.37 11,-4
11.09,-3.55 11.43,-3.75
11.43,-3.75 11.43,-4.15
11.43,-4.15 11.09,-3.95
11.09,-3.95 11.09,-3.55
12.37,-5.81 10.23,-4.57
11,-6 11.55,-6.3
11.55,-6.3 11.54,-6.94
11.54,-6.94 11,-6.62
11,-6 11,-6.62
11.09,-6.18 11.43,-6.38
11.43,-6.38 11.43,-6.78
11.43,-6.78 11.09,-6.58
11.09,-6.58 11.09,-6.18
14.85,-2.69 14.84,-2.82
13.64,-3.52 13.45,-3.52
11.41,-.82 11.56,-.81
10.23,-1.57 10.26,-1.48
12.91,-8.84 12.94,-8.86
12.94,-8.86 12.94,-8.89
12.85,-8.88 12.85,-8.91
12.85,-8.91 12.89,-8.92
10.78,-7.62 10.82,-7.64
10.82,-7.64 10.82,-7.66
10.73,-7.65 10.73,-7.69
10.73,-7.69 10.76,-7.7
13.52,-9.01 13.59,-9.03
13.59,-9.03 13.65,-9.01
12.6,-8.51 12.62,-8.5
13.99,-8.82 14.04,-8.81
