30.47,-13.33 30.47,-20.55
41.95,-13.28 41.95,-21.2
52.92,-13.28 52.92,-22.2
35.02,-22.64 35.02,-20.75
35.02,-20.75 33.86,-21.69
33.86,-21.69 35.02,-22.64
35.02,-21.2 41.95,-21.2
35.02,-22.2 52.92,-22.2
15.41,-20.05 9.18,-20.05
12.86,-20.94 9.18,-20.94
9.18,-21.44 9.18,-19.55
8.01,-20.5 5.4,-20.5
9.18,-19.55 8.01,-20.5
8.01,-20.5 9.18,-21.44
16.58,-21 16.58,-19.11
16.58,-19.11 15.41,-20.05
15.41,-20.05 16.58,-21
12.86,-20.94 12.86,-21.69
12.86,-21.69 33.86,-21.69
16.58,-19.55 19.76,-19.55
19.76,-19.55 19.76,-13.28
16.58,-20.05 16.58,-20.55
16.58,-20.55 30.47,-20.55
49.12,-12.97 53.23,-13.49
54.1,-12.44 54.39,-12.48
53.41,-13.05 54.38,-12.19
49.12,-6.77 49.12,-6.94
50.26,-5.76 49.13,-6.75
54.5,-6.18 53.37,-6.04
53.63,-7.6 54.38,-6.94
49.12,-6.95 49.12,-12.97
49.37,-12.95 49.37,-12.73
53.41,-8.37 53.63,-7.6
53.41,-12.98 53.41,-8.37
53.01,-13.18 53.01,-13.41
54.49,-12.39 54.48,-6.21
49.25,-9.74 53.09,-10.23
49.24,-7 49.24,-9.73
49.24,-12.65 53.09,-13.14
49.24,-9.87 49.24,-12.65
53.41,-12.96 54.25,-12.18
52.29,-13.27 50.05,-12.99
52.29,-13.27 52.38,-13.34
52.38,-13.34 53.07,-13.43
53.07,-13.43 53.07,-13.46
49.27,-12.98 49.27,-12.95
49.27,-12.95 49.96,-13.04
50.03,-12.93 49.61,-12.87
52.95,-13.29 52.52,-13.24
54.5,-6.18 53.26,-7.28
53.26,-7.28 49.12,-6.82
53.26,-7.48 49.12,-6.95
53.63,-7.59 53.63,-7.15
54.48,-6.39 53.27,-7.47
53.26,-7.28 53.27,-13.46
53.41,-12.98 53.41,-13.11
53.41,-13.34 53.41,-13.11
53.41,-13.34 53.23,-13.49
53.41,-12.98 53.41,-12.98
53.41,-12.98 53.41,-12.98
54.39,-12.48 54.49,-12.39
54.39,-12.13 54.39,-12.48
54.39,-6.48 54.39,-12.13
54.25,-12.18 54.25,-7.05
53.09,-10.22 53.09,-7.49
49.25,-7 53.09,-7.49
53.11,-7.46 53.11,-7.46
53.09,-13.14 53.09,-10.35
49.25,-9.87 53.09,-10.35
51.58,-11.99 53.09,-12.18
51.58,-12.94 51.58,-11.99
53.09,-12.73 53.09,-12.72
49.37,-12.73 53.01,-13.18
51.63,-12.51 51.63,-12.88
51.94,-12.55 51.63,-12.51
51.94,-12.92 51.94,-12.55
51.63,-12.88 51.94,-12.92
52.54,-13 52.54,-12.62
51.99,-12.93 52.54,-13
51.99,-12.55 51.99,-12.93
52.54,-12.62 51.99,-12.55
53.41,-12.98 53.41,-12.98
53.11,-7.46 53.11,-7.46
49.96,-13.04 50.05,-12.99
49.61,-12.87 49.61,-12.76
50.03,-12.93 50.03,-12.81
52.52,-13.24 52.52,-13.12
52.95,-13.29 52.95,-13.18
53.52,-5.4 53.52,-5.28
50.13,-5.28 50.13,-5.4
53.38,-6.25 53.37,-5.79
50.28,-5.79 50.28,-6.25
50.18,-5.15 50.41,-4.98
50.41,-4.98 50.44,-4.96
50.44,-4.96 50.47,-4.95
50.47,-4.95 50.8,-4.83
50.8,-4.83 51.06,-4.78
51.06,-4.78 51.6,-4.72
51.6,-4.72 52.08,-4.73
52.08,-4.73 52.49,-4.76
52.49,-4.76 52.97,-4.87
52.97,-4.87 53.01,-4.88
53.01,-4.88 53.04,-4.89
53.04,-4.89 53.43,-5.1
53.43,-5.1 53.44,-5.11
53.44,-5.11 53.46,-5.13
53.46,-5.13 53.52,-5.25
53.52,-5.25 53.52,-5.29
53.52,-5.29 53.52,-5.3
53.52,-5.3 53.52,-5.32
53.52,-5.32 53.51,-5.34
53.51,-5.34 53.51,-5.36
53.51,-5.36 53.36,-5.52
53.36,-5.52 53.34,-5.54
53.34,-5.54 53.31,-5.55
53.31,-5.55 52.75,-5.76
52.75,-5.76 52.27,-5.83
52.27,-5.83 52.01,-5.84
52.01,-5.84 51.39,-5.83
51.39,-5.83 51.34,-5.82
51.34,-5.82 51,-5.78
51,-5.78 50.66,-5.69
50.66,-5.69 50.4,-5.59
50.4,-5.59 50.37,-5.57
50.37,-5.57 50.22,-5.46
50.22,-5.46 50.2,-5.44
50.2,-5.44 50.19,-5.43
50.19,-5.43 50.18,-5.41
50.18,-5.41 50.14,-5.32
50.14,-5.32 50.13,-5.31
50.13,-5.31 50.13,-5.29
50.13,-5.29 50.13,-5.27
50.13,-5.27 50.14,-5.22
50.14,-5.22 50.15,-5.2
50.15,-5.2 50.16,-5.19
50.16,-5.19 50.17,-5.17
50.17,-5.17 50.18,-5.15
50.13,-5.4 50.13,-5.4
50.13,-5.4 50.13,-5.42
53.28,-5.89 52.99,-6.03
52.99,-6.03 52.95,-6.04
52.95,-6.04 52.63,-6.12
52.63,-6.12 52.21,-6.18
52.21,-6.18 51.86,-6.2
51.86,-6.2 51.81,-6.2
51.81,-6.2 51.76,-6.2
51.76,-6.2 51.71,-6.2
51.71,-6.2 51.56,-6.19
51.56,-6.19 51.08,-6.14
51.08,-6.14 50.75,-6.06
50.75,-6.06 50.42,-5.94
53.37,-6.16 53.49,-6.25
53.49,-6.25 53.56,-6.33
53.56,-6.33 53.59,-6.44
53.59,-6.44 53.57,-6.53
53.57,-6.53 53.24,-6.79
53.24,-6.79 52.82,-6.93
52.82,-6.93 52.18,-7.02
52.18,-7.02 52.13,-7.02
52.13,-7.02 51.49,-7.02
51.49,-7.02 50.98,-6.96
51.51,-6.75 51.91,-6.76
51.91,-6.76 52.45,-6.72
52.45,-6.72 53.04,-6.57
53.04,-6.57 53.15,-6.51
53.15,-6.51 53.34,-6.36
53.34,-6.36 53.37,-6.28
53.37,-6.28 53.38,-6.25
50.28,-6.25 50.28,-6.25
50.28,-6.25 50.28,-6.27
50.28,-6.27 50.28,-6.29
50.28,-6.29 50.35,-6.4
50.35,-6.4 50.44,-6.48
50.44,-6.48 50.47,-6.5
50.47,-6.5 50.49,-6.51
50.49,-6.51 50.74,-6.62
50.74,-6.62 51.06,-6.7
51.06,-6.7 51.1,-6.7
51.1,-6.7 51.15,-6.71
51.15,-6.71 51.51,-6.75
50.98,-6.96 50.63,-6.87
50.63,-6.87 50.36,-6.76
50.36,-6.76 50.17,-6.64
50.17,-6.64 50.08,-6.51
50.08,-6.51 50.07,-6.5
50.07,-6.5 50.07,-6.48
50.07,-6.48 50.07,-6.44
50.07,-6.44 50.11,-6.32
50.11,-6.32 50.12,-6.3
50.12,-6.3 50.13,-6.28
50.13,-6.28 50.28,-6.16
50.28,-5.79 50.42,-5.94
53.28,-5.89 53.37,-5.79
50.13,-5.42 50.28,-5.79
53.52,-5.4 53.37,-5.79
38.16,-12.98 42.28,-13.49
43.14,-12.45 43.43,-12.48
42.45,-13.05 43.42,-12.2
38.17,-6.77 38.16,-6.94
39.3,-5.76 38.17,-6.75
43.55,-6.19 42.41,-6.04
42.67,-7.6 43.42,-6.94
38.16,-6.95 38.16,-12.98
38.41,-12.96 38.41,-12.73
42.46,-8.38 42.67,-7.6
42.46,-12.98 42.46,-8.38
42.06,-13.19 42.06,-13.42
43.53,-12.4 43.52,-6.21
38.29,-9.75 42.14,-10.23
38.28,-7 38.28,-9.74
38.28,-12.65 42.13,-13.14
38.28,-9.87 38.28,-12.65
42.46,-12.96 43.3,-12.18
41.33,-13.28 39.09,-13
41.33,-13.28 41.42,-13.35
41.42,-13.35 42.11,-13.43
42.11,-13.43 42.11,-13.47
38.31,-12.99 38.31,-12.95
38.31,-12.95 39,-13.04
39.08,-12.93 38.65,-12.88
42,-13.3 41.57,-13.24
43.55,-6.19 42.31,-7.28
42.31,-7.28 38.16,-6.82
42.3,-7.48 38.16,-6.95
42.67,-7.59 42.67,-7.16
43.52,-6.4 42.31,-7.47
42.31,-7.28 42.31,-13.46
42.45,-12.98 42.45,-13.12
42.45,-13.34 42.45,-13.12
42.45,-13.34 42.28,-13.49
42.46,-12.98 42.46,-12.98
42.46,-12.98 42.45,-12.98
43.43,-12.48 43.53,-12.4
43.43,-12.13 43.43,-12.48
43.43,-6.48 43.43,-12.13
43.3,-12.18 43.3,-7.05
42.13,-10.22 42.13,-7.49
38.29,-7 42.13,-7.49
42.15,-7.46 42.15,-7.46
42.13,-13.14 42.13,-10.35
38.29,-9.87 42.13,-10.35
40.62,-11.99 42.13,-12.18
40.62,-12.95 40.62,-11.99
42.13,-12.73 42.13,-12.72
38.41,-12.73 42.06,-13.19
40.68,-12.51 40.68,-12.89
40.98,-12.55 40.68,-12.51
40.98,-12.93 40.98,-12.55
40.68,-12.89 40.98,-12.93
41.58,-13 41.58,-12.63
41.03,-12.93 41.58,-13
41.03,-12.56 41.03,-12.93
41.58,-12.63 41.03,-12.56
42.45,-12.99 42.45,-12.99
42.15,-7.46 42.15,-7.46
39,-13.04 39.09,-13
38.65,-12.88 38.65,-12.76
39.08,-12.93 39.08,-12.81
41.57,-13.24 41.57,-13.13
42,-13.3 42,-13.18
42.56,-5.4 42.56,-5.29
39.17,-5.29 39.17,-5.4
42.42,-6.25 42.41,-5.79
39.32,-5.79 39.32,-6.25
39.22,-5.15 39.45,-4.98
39.45,-4.98 39.48,-4.96
39.48,-4.96 39.51,-4.95
39.51,-4.95 39.84,-4.84
39.84,-4.84 40.11,-4.78
40.11,-4.78 40.65,-4.73
40.65,-4.73 41.13,-4.73
41.13,-4.73 41.53,-4.77
41.53,-4.77 42.01,-4.87
42.01,-4.87 42.05,-4.88
42.05,-4.88 42.09,-4.89
42.09,-4.89 42.47,-5.1
42.47,-5.1 42.49,-5.12
42.49,-5.12 42.5,-5.13
42.5,-5.13 42.56,-5.25
42.56,-5.25 42.56,-5.29
42.56,-5.29 42.56,-5.31
42.56,-5.31 42.56,-5.32
42.56,-5.32 42.55,-5.34
42.55,-5.34 42.55,-5.36
42.55,-5.36 42.4,-5.53
42.4,-5.53 42.38,-5.54
42.38,-5.54 42.35,-5.56
42.35,-5.56 41.79,-5.76
41.79,-5.76 41.31,-5.83
41.31,-5.83 41.06,-5.85
41.06,-5.85 40.43,-5.83
40.43,-5.83 40.38,-5.83
40.38,-5.83 40.04,-5.78
40.04,-5.78 39.71,-5.7
39.71,-5.7 39.44,-5.59
39.44,-5.59 39.41,-5.57
39.41,-5.57 39.26,-5.46
39.26,-5.46 39.24,-5.45
39.24,-5.45 39.23,-5.43
39.23,-5.43 39.22,-5.41
39.22,-5.41 39.18,-5.33
39.18,-5.33 39.18,-5.31
39.18,-5.31 39.17,-5.29
39.17,-5.29 39.18,-5.27
39.18,-5.27 39.19,-5.22
39.19,-5.22 39.19,-5.2
39.19,-5.2 39.2,-5.19
39.2,-5.19 39.21,-5.17
39.21,-5.17 39.22,-5.15
39.17,-5.4 39.17,-5.4
39.17,-5.4 39.18,-5.42
42.32,-5.89 42.03,-6.03
42.03,-6.03 41.99,-6.04
41.99,-6.04 41.68,-6.13
41.68,-6.13 41.26,-6.18
41.26,-6.18 40.91,-6.2
40.91,-6.2 40.85,-6.2
40.85,-6.2 40.8,-6.2
40.8,-6.2 40.75,-6.2
40.75,-6.2 40.6,-6.19
40.6,-6.19 40.13,-6.14
40.13,-6.14 39.8,-6.06
39.8,-6.06 39.46,-5.95
42.42,-6.16 42.53,-6.25
42.53,-6.25 42.6,-6.33
42.6,-6.33 42.63,-6.44
42.63,-6.44 42.61,-6.53
42.61,-6.53 42.28,-6.79
42.28,-6.79 41.86,-6.93
41.86,-6.93 41.23,-7.02
41.23,-7.02 41.17,-7.02
41.17,-7.02 40.53,-7.02
40.53,-7.02 40.02,-6.96
40.56,-6.76 40.96,-6.77
40.96,-6.77 41.49,-6.72
41.49,-6.72 42.08,-6.57
42.08,-6.57 42.2,-6.52
42.2,-6.52 42.38,-6.36
42.38,-6.36 42.42,-6.28
42.42,-6.28 42.42,-6.25
39.32,-6.25 39.32,-6.26
39.32,-6.26 39.32,-6.27
39.32,-6.27 39.32,-6.29
39.32,-6.29 39.39,-6.41
39.39,-6.41 39.49,-6.48
39.49,-6.48 39.51,-6.5
39.51,-6.5 39.53,-6.51
39.53,-6.51 39.78,-6.62
39.78,-6.62 40.1,-6.7
40.1,-6.7 40.14,-6.71
40.14,-6.71 40.19,-6.71
40.19,-6.71 40.56,-6.76
40.02,-6.96 39.68,-6.87
39.68,-6.87 39.4,-6.77
39.4,-6.77 39.21,-6.64
39.21,-6.64 39.12,-6.52
39.12,-6.52 39.12,-6.5
39.12,-6.5 39.11,-6.48
39.11,-6.48 39.11,-6.45
39.11,-6.45 39.15,-6.32
39.15,-6.32 39.16,-6.3
39.16,-6.3 39.17,-6.29
39.17,-6.29 39.32,-6.16
39.32,-5.79 39.46,-5.95
42.32,-5.89 42.41,-5.79
39.18,-5.42 39.32,-5.79
42.56,-5.4 42.41,-5.79
15.97,-12.97 20.09,-13.49
20.95,-12.44 21.24,-12.48
20.27,-13.04 21.24,-12.19
15.98,-6.77 15.97,-6.93
17.11,-5.76 15.99,-6.75
21.36,-6.18 20.22,-6.04
20.48,-7.6 21.23,-6.94
15.97,-6.95 15.97,-12.97
16.22,-12.95 16.22,-12.72
20.27,-8.37 20.48,-7.6
20.27,-12.98 20.27,-8.37
19.87,-13.18 19.87,-13.41
21.34,-12.39 21.33,-6.2
16.1,-9.74 19.95,-10.23
16.1,-7 16.1,-9.73
16.1,-12.65 19.95,-13.13
16.1,-9.86 16.1,-12.65
20.27,-12.96 21.11,-12.18
19.14,-13.27 16.9,-12.99
19.14,-13.27 19.24,-13.34
19.24,-13.34 19.92,-13.43
19.92,-13.43 19.92,-13.46
16.13,-12.98 16.13,-12.95
16.13,-12.95 16.81,-13.04
16.89,-12.93 16.46,-12.87
19.81,-13.29 19.38,-13.24
21.36,-6.18 20.12,-7.28
20.12,-7.28 15.98,-6.82
20.12,-7.47 15.97,-6.95
20.49,-7.59 20.49,-7.15
21.33,-6.39 20.12,-7.47
20.12,-7.28 20.12,-13.46
20.27,-12.98 20.27,-13.11
20.27,-13.33 20.27,-13.11
20.27,-13.33 20.09,-13.49
20.27,-12.98 20.27,-12.98
20.27,-12.98 20.27,-12.98
21.24,-12.48 21.34,-12.39
21.24,-12.13 21.24,-12.48
21.24,-6.47 21.24,-12.13
21.11,-12.18 21.11,-7.05
19.95,-10.22 19.95,-7.48
16.1,-7 19.95,-7.48
19.97,-7.45 19.97,-7.45
19.95,-13.13 19.95,-10.35
16.1,-9.87 19.95,-10.35
18.44,-11.99 19.95,-12.18
18.44,-12.94 18.44,-11.99
19.95,-12.73 19.95,-12.72
16.22,-12.72 19.87,-13.18
18.49,-12.51 18.49,-12.88
18.79,-12.55 18.49,-12.51
18.79,-12.92 18.79,-12.55
18.49,-12.88 18.79,-12.92
19.4,-13 19.4,-12.62
18.84,-12.93 19.4,-13
18.84,-12.55 18.84,-12.93
19.4,-12.62 18.84,-12.55
20.27,-12.98 20.27,-12.98
19.97,-7.45 19.97,-7.45
16.81,-13.04 16.9,-12.99
16.46,-12.87 16.46,-12.76
16.89,-12.93 16.89,-12.81
19.38,-13.24 19.38,-13.12
19.81,-13.29 19.81,-13.17
20.37,-5.39 20.37,-5.28
16.99,-5.28 16.99,-5.39
20.23,-6.24 20.22,-5.79
17.13,-5.78 17.13,-6.24
17.03,-5.15 17.26,-4.97
17.26,-4.97 17.29,-4.96
17.29,-4.96 17.32,-4.94
17.32,-4.94 17.65,-4.83
17.65,-4.83 17.92,-4.78
17.92,-4.78 18.46,-4.72
18.46,-4.72 18.94,-4.72
18.94,-4.72 19.34,-4.76
19.34,-4.76 19.82,-4.87
19.82,-4.87 19.86,-4.88
19.86,-4.88 19.9,-4.89
19.9,-4.89 20.28,-5.1
20.28,-5.1 20.3,-5.11
20.3,-5.11 20.31,-5.13
20.31,-5.13 20.37,-5.25
20.37,-5.25 20.37,-5.29
20.37,-5.29 20.37,-5.3
20.37,-5.3 20.37,-5.32
20.37,-5.32 20.37,-5.34
20.37,-5.34 20.36,-5.35
20.36,-5.35 20.21,-5.52
20.21,-5.52 20.19,-5.54
20.19,-5.54 20.17,-5.55
20.17,-5.55 19.6,-5.76
19.6,-5.76 19.13,-5.83
19.13,-5.83 18.87,-5.84
18.87,-5.84 18.24,-5.83
18.24,-5.83 18.19,-5.82
18.19,-5.82 17.86,-5.78
17.86,-5.78 17.52,-5.69
17.52,-5.69 17.25,-5.59
17.25,-5.59 17.22,-5.57
17.22,-5.57 17.07,-5.46
17.07,-5.46 17.06,-5.44
17.06,-5.44 17.04,-5.43
17.04,-5.43 17.03,-5.41
17.03,-5.41 16.99,-5.32
16.99,-5.32 16.99,-5.31
16.99,-5.31 16.99,-5.29
16.99,-5.29 16.99,-5.27
16.99,-5.27 17,-5.22
17,-5.22 17,-5.2
17,-5.2 17.01,-5.18
17.01,-5.18 17.02,-5.17
17.02,-5.17 17.03,-5.15
16.99,-5.39 16.99,-5.4
16.99,-5.4 16.99,-5.42
20.13,-5.89 19.84,-6.03
19.84,-6.03 19.81,-6.04
19.81,-6.04 19.49,-6.12
19.49,-6.12 19.07,-6.18
19.07,-6.18 18.72,-6.2
18.72,-6.2 18.67,-6.2
18.67,-6.2 18.62,-6.2
18.62,-6.2 18.57,-6.19
18.57,-6.19 18.41,-6.19
18.41,-6.19 17.94,-6.13
17.94,-6.13 17.61,-6.06
17.61,-6.06 17.28,-5.94
20.23,-6.16 20.34,-6.24
20.34,-6.24 20.41,-6.33
20.41,-6.33 20.44,-6.44
20.44,-6.44 20.42,-6.53
20.42,-6.53 20.1,-6.79
20.1,-6.79 19.67,-6.92
19.67,-6.92 19.04,-7.01
19.04,-7.01 18.99,-7.02
18.99,-7.02 18.35,-7.02
18.35,-7.02 17.84,-6.95
18.37,-6.75 18.77,-6.76
18.77,-6.76 19.3,-6.72
19.3,-6.72 19.89,-6.57
19.89,-6.57 20.01,-6.51
20.01,-6.51 20.19,-6.36
20.19,-6.36 20.23,-6.27
20.23,-6.27 20.23,-6.24
17.13,-6.24 17.13,-6.25
17.13,-6.25 17.13,-6.27
17.13,-6.27 17.14,-6.29
17.14,-6.29 17.2,-6.4
17.2,-6.4 17.3,-6.48
17.3,-6.48 17.32,-6.49
17.32,-6.49 17.35,-6.51
17.35,-6.51 17.59,-6.61
17.59,-6.61 17.91,-6.69
17.91,-6.69 17.96,-6.7
17.96,-6.7 18,-6.71
18,-6.71 18.37,-6.75
17.84,-6.95 17.49,-6.87
17.49,-6.87 17.21,-6.76
17.21,-6.76 17.02,-6.63
17.02,-6.63 16.94,-6.51
16.94,-6.51 16.93,-6.5
16.93,-6.5 16.92,-6.48
16.92,-6.48 16.92,-6.44
16.92,-6.44 16.96,-6.32
16.96,-6.32 16.97,-6.3
16.97,-6.3 16.98,-6.28
16.98,-6.28 17.13,-6.16
17.13,-5.78 17.28,-5.94
20.13,-5.89 20.23,-5.78
16.99,-5.42 17.13,-5.78
20.37,-5.39 20.23,-5.78
26.66,-13.01 30.78,-13.53
31.65,-12.48 31.93,-12.52
30.96,-13.09 31.93,-12.23
26.67,-6.81 26.67,-6.98
27.81,-5.8 26.68,-6.79
32.05,-6.22 30.92,-6.08
31.18,-7.64 31.93,-6.98
26.66,-6.99 26.66,-13.01
26.92,-12.99 26.92,-12.76
30.96,-8.41 31.18,-7.64
30.96,-13.02 30.96,-8.41
30.56,-13.22 30.56,-13.45
32.03,-12.43 32.03,-6.25
26.8,-9.78 30.64,-10.27
26.79,-7.04 26.79,-9.77
26.79,-12.69 30.64,-13.18
26.79,-9.91 26.79,-12.69
30.96,-13 31.8,-12.22
29.84,-13.31 27.6,-13.03
29.84,-13.31 29.93,-13.38
29.93,-13.38 30.61,-13.47
30.61,-13.47 30.61,-13.5
26.82,-13.02 26.82,-12.99
26.82,-12.99 27.5,-13.08
27.58,-12.97 27.16,-12.91
30.5,-13.33 30.07,-13.28
32.05,-6.22 30.81,-7.32
30.81,-7.32 26.67,-6.86
30.81,-7.51 26.66,-6.99
31.18,-7.63 31.18,-7.19
32.03,-6.43 30.82,-7.51
30.81,-7.32 30.82,-13.5
30.96,-13.02 30.96,-13.15
30.96,-13.37 30.96,-13.15
30.96,-13.37 30.78,-13.53
30.96,-13.02 30.96,-13.02
30.96,-13.02 30.96,-13.02
31.93,-12.52 32.03,-12.43
31.93,-12.17 31.93,-12.52
31.93,-6.52 31.93,-12.17
31.8,-12.22 31.8,-7.09
30.64,-10.26 30.64,-7.53
26.8,-7.04 30.64,-7.53
30.66,-7.5 30.66,-7.5
30.64,-13.18 30.64,-10.39
26.8,-9.91 30.64,-10.39
29.13,-12.03 30.64,-12.22
29.13,-12.98 29.13,-12.03
30.64,-12.77 30.64,-12.76
26.92,-12.77 30.56,-13.22
29.18,-12.55 29.18,-12.92
29.49,-12.59 29.18,-12.55
29.49,-12.96 29.49,-12.59
29.18,-12.92 29.49,-12.96
30.09,-13.04 30.09,-12.66
29.53,-12.97 30.09,-13.04
29.53,-12.59 29.53,-12.97
30.09,-12.66 29.53,-12.59
30.96,-13.02 30.96,-13.02
30.66,-7.5 30.66,-7.5
27.5,-13.08 27.6,-13.03
27.16,-12.91 27.16,-12.8
27.58,-12.97 27.58,-12.85
30.07,-13.28 30.07,-13.16
30.5,-13.33 30.5,-13.22
31.07,-5.44 31.07,-5.32
27.68,-5.32 27.68,-5.44
30.92,-6.29 30.92,-5.83
27.83,-5.83 27.83,-6.29
27.73,-5.19 27.96,-5.02
27.96,-5.02 27.99,-5
27.99,-5 28.02,-4.99
28.02,-4.99 28.35,-4.87
28.35,-4.87 28.61,-4.82
28.61,-4.82 29.15,-4.76
29.15,-4.76 29.63,-4.77
29.63,-4.77 30.04,-4.8
30.04,-4.8 30.52,-4.91
30.52,-4.91 30.56,-4.92
30.56,-4.92 30.59,-4.93
30.59,-4.93 30.98,-5.14
30.98,-5.14 30.99,-5.15
30.99,-5.15 31.01,-5.17
31.01,-5.17 31.07,-5.29
31.07,-5.29 31.07,-5.33
31.07,-5.33 31.07,-5.34
31.07,-5.34 31.07,-5.36
31.07,-5.36 31.06,-5.38
31.06,-5.38 31.06,-5.4
31.06,-5.4 30.91,-5.56
30.91,-5.56 30.89,-5.58
30.89,-5.58 30.86,-5.59
30.86,-5.59 30.3,-5.8
30.3,-5.8 29.82,-5.87
29.82,-5.87 29.56,-5.88
29.56,-5.88 28.94,-5.87
28.94,-5.87 28.89,-5.86
28.89,-5.86 28.55,-5.82
28.55,-5.82 28.21,-5.73
28.21,-5.73 27.95,-5.63
27.95,-5.63 27.92,-5.61
27.92,-5.61 27.77,-5.5
27.77,-5.5 27.75,-5.48
27.75,-5.48 27.74,-5.47
27.74,-5.47 27.72,-5.45
27.72,-5.45 27.69,-5.36
27.69,-5.36 27.68,-5.35
27.68,-5.35 27.68,-5.33
27.68,-5.33 27.68,-5.31
27.68,-5.31 27.69,-5.26
27.69,-5.26 27.7,-5.24
27.7,-5.24 27.71,-5.22
27.71,-5.22 27.72,-5.21
27.72,-5.21 27.73,-5.19
27.68,-5.44 27.68,-5.44
27.68,-5.44 27.68,-5.46
30.83,-5.93 30.54,-6.07
30.54,-6.07 30.5,-6.08
30.5,-6.08 30.18,-6.16
30.18,-6.16 29.76,-6.22
29.76,-6.22 29.41,-6.24
29.41,-6.24 29.36,-6.24
29.36,-6.24 29.31,-6.24
29.31,-6.24 29.26,-6.24
29.26,-6.24 29.11,-6.23
29.11,-6.23 28.63,-6.18
28.63,-6.18 28.3,-6.1
28.3,-6.1 27.97,-5.98
30.92,-6.2 31.03,-6.29
31.03,-6.29 31.1,-6.37
31.1,-6.37 31.14,-6.48
31.14,-6.48 31.12,-6.57
31.12,-6.57 30.79,-6.83
30.79,-6.83 30.37,-6.96
30.37,-6.96 29.73,-7.06
29.73,-7.06 29.68,-7.06
29.68,-7.06 29.04,-7.06
29.04,-7.06 28.53,-7
29.06,-6.79 29.46,-6.8
29.46,-6.8 30,-6.76
30,-6.76 30.59,-6.61
30.59,-6.61 30.7,-6.55
30.7,-6.55 30.89,-6.4
30.89,-6.4 30.92,-6.32
30.92,-6.32 30.92,-6.29
27.83,-6.29 27.83,-6.29
27.83,-6.29 27.83,-6.31
27.83,-6.31 27.83,-6.33
27.83,-6.33 27.9,-6.44
27.9,-6.44 27.99,-6.52
27.99,-6.52 28.02,-6.54
28.02,-6.54 28.04,-6.55
28.04,-6.55 28.29,-6.66
28.29,-6.66 28.61,-6.74
28.61,-6.74 28.65,-6.74
28.65,-6.74 28.7,-6.75
28.7,-6.75 29.06,-6.79
28.53,-7 28.18,-6.91
28.18,-6.91 27.91,-6.8
27.91,-6.8 27.72,-6.68
27.72,-6.68 27.63,-6.55
27.63,-6.55 27.62,-6.54
27.62,-6.54 27.62,-6.52
27.62,-6.52 27.62,-6.48
27.62,-6.48 27.65,-6.36
27.65,-6.36 27.67,-6.34
27.67,-6.34 27.68,-6.32
27.68,-6.32 27.83,-6.2
27.83,-5.83 27.97,-5.98
30.83,-5.93 30.92,-5.83
27.68,-5.46 27.83,-5.83
31.07,-5.44 30.92,-5.83
