21.72,-12.36 21.72,-18.51
21.72,-18.51 14.48,-18.51
24.9,-19.4 14.48,-19.4
32.52,-12.41 32.52,-18.9
14.48,-19.9 14.48,-18.01
13.31,-18.96 8.09,-18.96
14.48,-18.01 13.31,-18.96
13.31,-18.96 14.48,-19.9
43.76,-12.41 43.76,-19.9
26.06,-20.34 26.06,-18.45
26.06,-18.45 24.89,-19.4
24.89,-19.4 26.06,-20.34
26.06,-18.9 32.52,-18.9
26.06,-19.9 43.76,-19.9
39.97,-12.08 44.09,-12.6
44.95,-11.55 45.24,-11.59
44.27,-12.15 45.24,-11.3
39.98,-5.87 39.98,-6.04
41.11,-4.86 39.99,-5.86
45.36,-5.29 44.23,-5.15
44.48,-6.71 45.24,-6.04
39.97,-6.06 39.97,-12.08
40.23,-12.06 40.23,-11.83
44.27,-7.48 44.48,-6.71
44.27,-12.09 44.27,-7.48
43.87,-12.29 43.87,-12.52
45.34,-11.5 45.33,-5.31
40.11,-8.85 43.95,-9.33
40.1,-6.1 40.1,-8.84
40.1,-11.76 43.95,-12.24
40.1,-8.97 40.1,-11.75
44.27,-12.06 45.11,-11.28
43.14,-12.38 40.91,-12.1
43.14,-12.38 43.24,-12.45
43.24,-12.45 43.92,-12.54
43.92,-12.54 43.92,-12.57
40.13,-12.09 40.13,-12.06
40.13,-12.06 40.81,-12.14
40.89,-12.03 40.47,-11.98
43.81,-12.4 43.38,-12.35
45.36,-5.29 44.12,-6.39
44.12,-6.39 39.98,-5.92
44.12,-6.58 39.97,-6.06
44.49,-6.7 44.49,-6.26
45.33,-5.5 44.13,-6.57
44.12,-6.39 44.13,-12.57
44.27,-12.09 44.27,-12.22
44.27,-12.44 44.27,-12.22
44.27,-12.44 44.09,-12.6
45.24,-11.59 45.34,-11.5
45.24,-11.23 45.24,-11.59
45.24,-5.58 45.24,-11.23
45.11,-11.28 45.11,-6.15
43.95,-9.33 43.95,-6.59
40.1,-6.11 43.95,-6.59
43.97,-6.56 43.97,-6.56
43.95,-12.24 43.95,-9.46
40.1,-8.97 43.95,-9.46
42.44,-11.09 43.95,-11.28
42.44,-12.05 42.44,-11.09
43.95,-11.83 43.95,-11.82
40.23,-11.83 43.87,-12.29
42.49,-11.61 42.49,-11.99
42.8,-11.65 42.49,-11.61
42.8,-12.03 42.8,-11.65
42.49,-11.99 42.8,-12.03
43.4,-12.1 43.4,-11.73
42.84,-12.03 43.4,-12.1
42.84,-11.66 42.84,-12.03
43.4,-11.73 42.84,-11.66
44.27,-12.09 44.27,-12.09
43.97,-6.56 43.97,-6.56
40.81,-12.14 40.91,-12.1
40.47,-11.98 40.47,-11.86
40.89,-12.03 40.89,-11.91
43.38,-12.35 43.38,-12.23
43.81,-12.4 43.81,-12.28
44.38,-4.5 44.38,-4.39
40.99,-4.39 40.99,-4.5
44.23,-5.35 44.23,-4.89
41.14,-4.89 41.13,-5.35
41.04,-4.26 41.26,-4.08
41.26,-4.08 41.29,-4.07
41.29,-4.07 41.32,-4.05
41.32,-4.05 41.65,-3.94
41.65,-3.94 41.92,-3.88
41.92,-3.88 42.46,-3.83
42.46,-3.83 42.94,-3.83
42.94,-3.83 43.34,-3.87
43.34,-3.87 43.83,-3.97
43.83,-3.97 43.86,-3.98
43.86,-3.98 43.9,-4
43.9,-4 44.28,-4.2
44.28,-4.2 44.3,-4.22
44.3,-4.22 44.31,-4.24
44.31,-4.24 44.37,-4.36
44.37,-4.36 44.38,-4.39
44.38,-4.39 44.38,-4.41
44.38,-4.41 44.37,-4.43
44.37,-4.43 44.37,-4.44
44.37,-4.44 44.36,-4.46
44.36,-4.46 44.22,-4.63
44.22,-4.63 44.19,-4.64
44.19,-4.64 44.17,-4.66
44.17,-4.66 43.6,-4.86
43.6,-4.86 43.13,-4.93
43.13,-4.93 42.87,-4.95
42.87,-4.95 42.25,-4.93
42.25,-4.93 42.2,-4.93
42.2,-4.93 41.86,-4.88
41.86,-4.88 41.52,-4.8
41.52,-4.8 41.25,-4.69
41.25,-4.69 41.23,-4.68
41.23,-4.68 41.07,-4.57
41.07,-4.57 41.06,-4.55
41.06,-4.55 41.04,-4.53
41.04,-4.53 41.03,-4.52
41.03,-4.52 40.99,-4.43
40.99,-4.43 40.99,-4.41
40.99,-4.41 40.99,-4.39
40.99,-4.39 40.99,-4.38
40.99,-4.38 41,-4.32
41,-4.32 41.01,-4.31
41.01,-4.31 41.02,-4.29
41.02,-4.29 41.03,-4.27
41.03,-4.27 41.04,-4.26
40.99,-4.5 40.99,-4.51
40.99,-4.51 40.99,-4.52
44.14,-4.99 43.84,-5.13
43.84,-5.13 43.81,-5.15
43.81,-5.15 43.49,-5.23
43.49,-5.23 43.07,-5.29
43.07,-5.29 42.72,-5.3
42.72,-5.3 42.67,-5.3
42.67,-5.3 42.62,-5.3
42.62,-5.3 42.57,-5.3
42.57,-5.3 42.42,-5.3
42.42,-5.3 41.94,-5.24
41.94,-5.24 41.61,-5.16
41.61,-5.16 41.28,-5.05
44.23,-5.27 44.34,-5.35
44.34,-5.35 44.41,-5.44
44.41,-5.44 44.44,-5.54
44.44,-5.54 44.42,-5.63
44.42,-5.63 44.1,-5.89
44.1,-5.89 43.68,-6.03
43.68,-6.03 43.04,-6.12
43.04,-6.12 42.99,-6.12
42.99,-6.12 42.35,-6.12
42.35,-6.12 41.84,-6.06
42.37,-5.86 42.77,-5.87
42.77,-5.87 43.31,-5.83
43.31,-5.83 43.9,-5.67
43.9,-5.67 44.01,-5.62
44.01,-5.62 44.2,-5.46
44.2,-5.46 44.23,-5.38
44.23,-5.38 44.23,-5.35
41.13,-5.35 41.13,-5.36
41.13,-5.36 41.14,-5.38
41.14,-5.38 41.14,-5.39
41.14,-5.39 41.21,-5.51
41.21,-5.51 41.3,-5.59
41.3,-5.59 41.32,-5.6
41.32,-5.6 41.35,-5.62
41.35,-5.62 41.59,-5.72
41.59,-5.72 41.91,-5.8
41.91,-5.8 41.96,-5.81
41.96,-5.81 42,-5.82
42,-5.82 42.37,-5.86
41.84,-6.06 41.49,-5.98
41.49,-5.98 41.21,-5.87
41.21,-5.87 41.02,-5.74
41.02,-5.74 40.94,-5.62
40.94,-5.62 40.93,-5.6
40.93,-5.6 40.93,-5.58
40.93,-5.58 40.92,-5.55
40.92,-5.55 40.96,-5.42
40.96,-5.42 40.97,-5.41
40.97,-5.41 40.99,-5.39
40.99,-5.39 41.14,-5.27
41.14,-4.89 41.28,-5.05
44.14,-4.99 44.23,-4.89
40.99,-4.52 41.14,-4.89
44.38,-4.5 44.23,-4.89
16.85,-11.91 20.97,-12.43
22.97,-11.52 23.26,-11.56
22.29,-12.12 23.26,-11.27
16.86,-5.7 16.86,-5.87
18.1,-4.6 16.87,-5.69
23.38,-5.26 21.67,-5.05
18.52,-4.65 18.1,-4.6
22.5,-6.68 23.26,-6.01
16.85,-5.88 16.85,-11.91
17.11,-11.89 17.11,-11.66
22.29,-7.45 22.5,-6.68
22.29,-12.41 22.29,-7.45
21.89,-12.26 21.89,-12.49
23.36,-11.47 23.36,-5.28
16.99,-8.68 21.97,-9.3
16.98,-5.93 16.98,-8.67
16.98,-8.8 16.98,-11.58
16.98,-11.58 21.97,-12.22
22.29,-12.04 23.13,-11.25
21.12,-12.35 17.79,-11.93
21.12,-12.35 21.21,-12.42
21.21,-12.42 21.94,-12.51
21.94,-12.51 21.94,-12.54
17.01,-11.93 17.01,-11.89
17.01,-11.89 17.69,-11.97
17.77,-11.86 17.35,-11.81
21.83,-12.37 21.4,-12.32
23.38,-5.26 22.14,-6.36
22.14,-6.36 16.86,-5.71
22.15,-6.55 16.85,-5.88
22.51,-6.67 22.51,-6.23
23.36,-5.47 22.15,-6.55
22.14,-6.36 22.15,-12.54
22.29,-12.41 22.11,-12.57
23.26,-11.56 23.36,-11.47
23.26,-11.21 23.26,-11.56
23.26,-5.55 23.26,-11.21
23.13,-11.25 23.13,-6.13
21.97,-9.3 21.97,-6.56
16.98,-5.93 21.97,-6.56
21.97,-12.55 21.97,-9.43
16.98,-8.8 21.97,-9.43
17.11,-11.66 21.97,-12.27
17.69,-11.97 17.79,-11.93
17.35,-11.81 17.35,-11.69
17.77,-11.86 17.77,-11.74
21.4,-12.32 21.4,-12.2
21.83,-12.37 21.83,-12.25
17,-11.93 22.11,-12.57
20.46,-11.06 21.97,-11.25
20.46,-12.02 20.46,-11.06
20.51,-11.58 20.51,-11.96
20.82,-11.62 20.51,-11.58
20.82,-11.99 20.82,-11.62
20.51,-11.96 20.82,-11.99
21.42,-12.07 21.42,-11.7
20.86,-12 21.42,-12.07
20.86,-11.63 20.86,-12
21.42,-11.7 20.86,-11.63
21.81,-4.38 21.81,-4.26
18.43,-4.26 18.43,-4.38
21.67,-5.23 21.66,-4.77
18.57,-4.77 18.57,-5.23
18.47,-4.13 18.7,-3.96
18.7,-3.96 18.73,-3.94
18.73,-3.94 18.76,-3.93
18.76,-3.93 19.09,-3.82
19.09,-3.82 19.36,-3.76
19.36,-3.76 19.9,-3.71
19.9,-3.71 20.38,-3.71
20.38,-3.71 20.78,-3.74
20.78,-3.74 21.26,-3.85
21.26,-3.85 21.3,-3.86
21.3,-3.86 21.34,-3.87
21.34,-3.87 21.72,-4.08
21.72,-4.08 21.74,-4.1
21.74,-4.1 21.75,-4.11
21.75,-4.11 21.81,-4.23
21.81,-4.23 21.81,-4.27
21.81,-4.27 21.81,-4.29
21.81,-4.29 21.81,-4.3
21.81,-4.3 21.81,-4.32
21.81,-4.32 21.8,-4.34
21.8,-4.34 21.65,-4.5
21.65,-4.5 21.63,-4.52
21.63,-4.52 21.61,-4.54
21.61,-4.54 21.04,-4.74
21.04,-4.74 20.56,-4.81
20.56,-4.81 20.31,-4.83
20.31,-4.83 19.68,-4.81
19.68,-4.81 19.63,-4.81
19.63,-4.81 19.3,-4.76
19.3,-4.76 18.96,-4.68
18.96,-4.68 18.69,-4.57
18.69,-4.57 18.66,-4.55
18.66,-4.55 18.51,-4.44
18.51,-4.44 18.5,-4.43
18.5,-4.43 18.48,-4.41
18.48,-4.41 18.47,-4.39
18.47,-4.39 18.43,-4.31
18.43,-4.31 18.43,-4.29
18.43,-4.29 18.43,-4.27
18.43,-4.27 18.43,-4.25
18.43,-4.25 18.44,-4.2
18.44,-4.2 18.44,-4.18
18.44,-4.18 18.45,-4.17
18.45,-4.17 18.46,-4.15
18.46,-4.15 18.47,-4.13
18.43,-4.38 18.43,-4.38
18.43,-4.38 18.43,-4.4
21.57,-4.87 21.28,-5.01
21.28,-5.01 21.25,-5.02
21.25,-5.02 20.93,-5.1
20.93,-5.1 20.51,-5.16
20.51,-5.16 20.16,-5.18
20.16,-5.18 20.11,-5.18
20.11,-5.18 20.06,-5.18
20.06,-5.18 20,-5.18
20,-5.18 19.85,-5.17
19.85,-5.17 19.38,-5.12
19.38,-5.12 19.05,-5.04
19.05,-5.04 18.71,-4.93
21.67,-5.14 21.78,-5.23
21.78,-5.23 21.85,-5.31
21.85,-5.31 21.88,-5.42
21.88,-5.42 21.86,-5.51
21.86,-5.51 21.54,-5.77
21.54,-5.77 21.11,-5.91
21.11,-5.91 20.48,-6
20.48,-6 20.42,-6
20.42,-6 19.78,-6
19.78,-6 19.28,-5.94
19.81,-5.74 20.21,-5.75
20.21,-5.75 20.74,-5.7
20.74,-5.7 21.33,-5.55
21.33,-5.55 21.45,-5.5
21.45,-5.5 21.63,-5.34
21.63,-5.34 21.67,-5.26
21.67,-5.26 21.67,-5.23
18.57,-5.23 18.57,-5.24
18.57,-5.24 18.57,-5.25
18.57,-5.25 18.58,-5.27
18.58,-5.27 18.64,-5.38
18.64,-5.38 18.74,-5.46
18.74,-5.46 18.76,-5.48
18.76,-5.48 18.78,-5.49
18.78,-5.49 19.03,-5.6
19.03,-5.6 19.35,-5.68
19.35,-5.68 19.39,-5.69
19.39,-5.69 19.44,-5.69
19.44,-5.69 19.81,-5.74
19.28,-5.94 18.93,-5.85
18.93,-5.85 18.65,-5.75
18.65,-5.75 18.46,-5.62
18.46,-5.62 18.37,-5.5
18.37,-5.5 18.37,-5.48
18.37,-5.48 18.36,-5.46
18.36,-5.46 18.36,-5.42
18.36,-5.42 18.4,-5.3
18.4,-5.3 18.41,-5.28
18.41,-5.28 18.42,-5.27
18.42,-5.27 18.57,-5.14
18.57,-4.77 18.71,-4.93
21.57,-4.87 21.67,-4.77
18.43,-4.4 18.57,-4.77
21.81,-4.38 21.67,-4.77
27.63,-11.94 31.75,-12.46
33.75,-11.56 34.04,-11.59
33.07,-12.16 34.04,-11.3
27.64,-5.74 27.64,-5.9
28.88,-4.63 27.65,-5.72
34.16,-5.3 32.46,-5.08
29.3,-4.68 28.88,-4.63
33.29,-6.71 34.04,-6.05
27.63,-5.92 27.63,-11.94
27.89,-11.92 27.89,-11.69
33.07,-7.49 33.29,-6.71
33.07,-12.45 33.07,-7.49
32.67,-12.3 32.67,-12.52
34.14,-11.5 34.14,-5.32
27.77,-8.71 32.75,-9.33
27.76,-5.97 27.76,-8.7
27.76,-8.83 27.76,-11.62
27.76,-11.62 32.75,-12.25
33.07,-12.07 33.91,-11.29
31.9,-12.38 28.57,-11.96
31.9,-12.38 31.99,-12.45
31.99,-12.45 32.72,-12.54
32.72,-12.54 32.72,-12.57
27.79,-11.96 27.79,-11.92
27.79,-11.92 28.47,-12.01
28.55,-11.9 28.13,-11.84
32.61,-12.41 32.18,-12.35
34.16,-5.3 32.92,-6.39
32.92,-6.39 27.64,-5.74
32.93,-6.58 27.63,-5.92
33.29,-6.7 33.29,-6.26
34.14,-5.51 32.93,-6.58
32.92,-6.39 32.93,-12.57
33.07,-12.45 32.89,-12.6
34.04,-11.59 34.14,-11.5
34.04,-11.24 34.04,-11.59
34.04,-5.59 34.04,-11.24
33.91,-11.29 33.91,-6.16
32.75,-9.33 32.75,-6.6
27.76,-5.97 32.75,-6.6
32.75,-12.59 32.75,-9.46
27.76,-8.84 32.75,-9.46
27.89,-11.69 32.75,-12.3
28.47,-12.01 28.57,-11.96
28.13,-11.84 28.13,-11.73
28.55,-11.9 28.55,-11.78
32.18,-12.35 32.18,-12.24
32.61,-12.41 32.61,-12.29
27.79,-11.96 32.89,-12.6
31.24,-11.1 32.75,-11.29
31.24,-12.05 31.24,-11.1
31.29,-11.61 31.29,-11.99
31.6,-11.65 31.29,-11.61
31.6,-12.03 31.6,-11.65
31.29,-11.99 31.6,-12.03
32.2,-12.1 32.2,-11.73
31.64,-12.03 32.2,-12.1
31.64,-11.66 31.64,-12.03
32.2,-11.73 31.64,-11.66
32.59,-4.41 32.59,-4.3
29.21,-4.3 29.21,-4.41
32.45,-5.26 32.44,-4.8
29.35,-4.8 29.35,-5.26
29.25,-4.17 29.48,-3.99
29.48,-3.99 29.51,-3.98
29.51,-3.98 29.54,-3.96
29.54,-3.96 29.87,-3.85
29.87,-3.85 30.14,-3.79
30.14,-3.79 30.68,-3.74
30.68,-3.74 31.16,-3.74
31.16,-3.74 31.56,-3.78
31.56,-3.78 32.04,-3.88
32.04,-3.88 32.08,-3.89
32.08,-3.89 32.12,-3.91
32.12,-3.91 32.5,-4.11
32.5,-4.11 32.52,-4.13
32.52,-4.13 32.53,-4.15
32.53,-4.15 32.59,-4.27
32.59,-4.27 32.59,-4.3
32.59,-4.3 32.59,-4.32
32.59,-4.32 32.59,-4.34
32.59,-4.34 32.59,-4.35
32.59,-4.35 32.58,-4.37
32.58,-4.37 32.43,-4.54
32.43,-4.54 32.41,-4.55
32.41,-4.55 32.39,-4.57
32.39,-4.57 31.82,-4.77
31.82,-4.77 31.35,-4.84
31.35,-4.84 31.09,-4.86
31.09,-4.86 30.46,-4.84
30.46,-4.84 30.41,-4.84
30.41,-4.84 30.08,-4.79
30.08,-4.79 29.74,-4.71
29.74,-4.71 29.47,-4.6
29.47,-4.6 29.44,-4.59
29.44,-4.59 29.29,-4.48
29.29,-4.48 29.28,-4.46
29.28,-4.46 29.26,-4.44
29.26,-4.44 29.25,-4.43
29.25,-4.43 29.21,-4.34
29.21,-4.34 29.21,-4.32
29.21,-4.32 29.21,-4.3
29.21,-4.3 29.21,-4.29
29.21,-4.29 29.22,-4.24
29.22,-4.24 29.22,-4.22
29.22,-4.22 29.23,-4.2
29.23,-4.2 29.24,-4.18
29.24,-4.18 29.25,-4.17
29.21,-4.41 29.21,-4.42
29.21,-4.42 29.21,-4.43
32.35,-4.9 32.06,-5.04
32.06,-5.04 32.03,-5.06
32.03,-5.06 31.71,-5.14
31.71,-5.14 31.29,-5.2
31.29,-5.2 30.94,-5.21
30.94,-5.21 30.89,-5.21
30.89,-5.21 30.84,-5.21
30.84,-5.21 30.79,-5.21
30.79,-5.21 30.63,-5.21
30.63,-5.21 30.16,-5.15
30.16,-5.15 29.83,-5.07
29.83,-5.07 29.5,-4.96
32.45,-5.18 32.56,-5.26
32.56,-5.26 32.63,-5.35
32.63,-5.35 32.66,-5.45
32.66,-5.45 32.64,-5.54
32.64,-5.54 32.32,-5.8
32.32,-5.8 31.89,-5.94
31.89,-5.94 31.26,-6.03
31.26,-6.03 31.21,-6.03
31.21,-6.03 30.57,-6.03
30.57,-6.03 30.06,-5.97
30.59,-5.77 30.99,-5.78
30.99,-5.78 31.52,-5.74
31.52,-5.74 32.11,-5.58
32.11,-5.58 32.23,-5.53
32.23,-5.53 32.41,-5.37
32.41,-5.37 32.45,-5.29
32.45,-5.29 32.45,-5.26
29.35,-5.26 29.35,-5.27
29.35,-5.27 29.35,-5.29
29.35,-5.29 29.36,-5.3
29.36,-5.3 29.42,-5.42
29.42,-5.42 29.52,-5.5
29.52,-5.5 29.54,-5.51
29.54,-5.51 29.57,-5.53
29.57,-5.53 29.81,-5.63
29.81,-5.63 30.13,-5.71
30.13,-5.71 30.18,-5.72
30.18,-5.72 30.22,-5.73
30.22,-5.73 30.59,-5.77
30.06,-5.97 29.71,-5.89
29.71,-5.89 29.43,-5.78
29.43,-5.78 29.24,-5.65
29.24,-5.65 29.16,-5.53
29.16,-5.53 29.15,-5.51
29.15,-5.51 29.14,-5.49
29.14,-5.49 29.14,-5.46
29.14,-5.46 29.18,-5.33
29.18,-5.33 29.19,-5.32
29.19,-5.32 29.2,-5.3
29.2,-5.3 29.35,-5.18
29.35,-4.8 29.5,-4.96
32.35,-4.9 32.45,-4.8
29.21,-4.43 29.35,-4.8
32.59,-4.41 32.45,-4.8
