33.82,-15.42 33.82,-22.64
45.3,-15.37 45.3,-23.29
56.27,-15.37 56.27,-24.29
38.38,-24.72 38.38,-22.83
38.38,-22.83 37.21,-23.78
37.21,-23.78 38.38,-24.72
38.38,-23.29 45.3,-23.29
38.38,-24.29 56.27,-24.29
18.76,-22.14 12.53,-22.14
16.21,-23.03 12.53,-23.03
12.53,-23.53 12.53,-21.64
11.36,-22.58 8.75,-22.58
12.53,-21.64 11.36,-22.58
11.36,-22.58 12.53,-23.53
19.93,-23.08 19.93,-21.19
19.93,-21.19 18.76,-22.14
18.76,-22.14 19.93,-23.08
16.21,-23.03 16.21,-23.78
16.21,-23.78 37.21,-23.78
19.93,-21.64 23.11,-21.64
23.11,-21.64 23.11,-15.37
19.93,-22.14 19.93,-22.64
19.93,-22.64 33.82,-22.64
52.47,-15.06 56.59,-15.58
57.45,-14.53 57.74,-14.57
56.76,-15.13 57.73,-14.28
52.47,-8.86 52.47,-9.02
53.61,-7.84 52.48,-8.84
57.85,-8.27 56.72,-8.13
56.98,-9.69 57.73,-9.02
52.47,-9.04 52.47,-15.06
52.72,-15.04 52.72,-14.81
56.76,-10.46 56.98,-9.69
56.76,-15.07 56.76,-10.46
56.37,-15.27 56.37,-15.5
57.84,-14.48 57.83,-8.29
52.6,-11.83 56.45,-12.31
52.59,-9.08 52.59,-11.82
52.59,-14.74 56.44,-15.22
52.59,-11.95 52.59,-14.74
56.76,-15.05 57.6,-14.26
55.64,-15.36 53.4,-15.08
55.64,-15.36 55.73,-15.43
55.73,-15.43 56.42,-15.52
56.42,-15.52 56.42,-15.55
52.62,-15.07 52.62,-15.04
52.62,-15.04 53.31,-15.12
53.39,-15.01 52.96,-14.96
56.3,-15.38 55.88,-15.33
57.85,-8.27 56.62,-9.37
56.62,-9.37 52.47,-8.91
56.61,-9.56 52.47,-9.04
56.98,-9.68 56.98,-9.24
57.83,-8.48 56.62,-9.55
56.62,-9.37 56.62,-15.55
56.76,-15.07 56.76,-15.2
56.76,-15.42 56.76,-15.2
56.76,-15.42 56.59,-15.58
57.74,-14.57 57.84,-14.48
57.74,-14.22 57.74,-14.57
57.74,-8.56 57.74,-14.22
57.6,-14.26 57.6,-9.13
56.44,-12.31 56.44,-9.57
52.6,-9.09 56.44,-9.57
56.46,-9.54 56.46,-9.54
56.44,-15.22 56.44,-12.44
52.6,-11.95 56.44,-12.44
54.93,-14.08 56.44,-14.27
54.93,-15.03 54.93,-14.08
56.44,-14.81 56.44,-14.81
52.72,-14.81 56.37,-15.27
54.98,-14.6 54.98,-14.97
55.29,-14.64 54.98,-14.6
55.29,-15.01 55.29,-14.64
54.98,-14.97 55.29,-15.01
55.89,-15.09 55.89,-14.71
55.34,-15.02 55.89,-15.09
55.34,-14.64 55.34,-15.02
55.89,-14.71 55.34,-14.64
56.76,-15.07 56.76,-15.07
56.46,-9.54 56.46,-9.54
53.31,-15.12 53.4,-15.08
52.96,-14.96 52.96,-14.84
53.39,-15.01 53.39,-14.9
55.88,-15.33 55.88,-15.21
56.3,-15.38 56.3,-15.26
56.87,-7.48 56.87,-7.37
53.48,-7.37 53.48,-7.48
56.73,-8.33 56.72,-7.88
53.63,-7.87 53.63,-8.33
53.53,-7.24 53.76,-7.06
53.76,-7.06 53.79,-7.05
53.79,-7.05 53.82,-7.03
53.82,-7.03 54.15,-6.92
54.15,-6.92 54.42,-6.87
54.42,-6.87 54.96,-6.81
54.96,-6.81 55.44,-6.81
55.44,-6.81 55.84,-6.85
55.84,-6.85 56.32,-6.95
56.32,-6.95 56.36,-6.97
56.36,-6.97 56.4,-6.98
56.4,-6.98 56.78,-7.18
56.78,-7.18 56.79,-7.2
56.79,-7.2 56.81,-7.22
56.81,-7.22 56.87,-7.34
56.87,-7.34 56.87,-7.37
56.87,-7.37 56.87,-7.39
56.87,-7.39 56.87,-7.41
56.87,-7.41 56.86,-7.43
56.86,-7.43 56.86,-7.44
56.86,-7.44 56.71,-7.61
56.71,-7.61 56.69,-7.63
56.69,-7.63 56.66,-7.64
56.66,-7.64 56.1,-7.84
56.1,-7.84 55.62,-7.92
55.62,-7.92 55.37,-7.93
55.37,-7.93 54.74,-7.92
54.74,-7.92 54.69,-7.91
54.69,-7.91 54.35,-7.86
54.35,-7.86 54.02,-7.78
54.02,-7.78 53.75,-7.67
53.75,-7.67 53.72,-7.66
53.72,-7.66 53.57,-7.55
53.57,-7.55 53.55,-7.53
53.55,-7.53 53.54,-7.51
53.54,-7.51 53.53,-7.5
53.53,-7.5 53.49,-7.41
53.49,-7.41 53.49,-7.39
53.49,-7.39 53.48,-7.38
53.48,-7.38 53.48,-7.36
53.48,-7.36 53.5,-7.31
53.5,-7.31 53.5,-7.29
53.5,-7.29 53.51,-7.27
53.51,-7.27 53.52,-7.25
53.52,-7.25 53.53,-7.24
53.48,-7.48 53.48,-7.49
53.48,-7.49 53.49,-7.51
56.63,-7.97 56.34,-8.12
56.34,-8.12 56.3,-8.13
56.3,-8.13 55.99,-8.21
55.99,-8.21 55.57,-8.27
55.57,-8.27 55.21,-8.28
55.21,-8.28 55.16,-8.28
55.16,-8.28 55.11,-8.28
55.11,-8.28 55.06,-8.28
55.06,-8.28 54.91,-8.28
54.91,-8.28 54.43,-8.22
54.43,-8.22 54.11,-8.14
54.11,-8.14 53.77,-8.03
56.73,-8.25 56.84,-8.33
56.84,-8.33 56.91,-8.42
56.91,-8.42 56.94,-8.53
56.94,-8.53 56.92,-8.61
56.92,-8.61 56.59,-8.88
56.59,-8.88 56.17,-9.01
56.17,-9.01 55.54,-9.1
55.54,-9.1 55.48,-9.11
55.48,-9.11 54.84,-9.1
54.84,-9.1 54.33,-9.04
54.87,-8.84 55.27,-8.85
55.27,-8.85 55.8,-8.81
55.8,-8.81 56.39,-8.66
56.39,-8.66 56.51,-8.6
56.51,-8.6 56.69,-8.45
56.69,-8.45 56.72,-8.36
56.72,-8.36 56.73,-8.33
53.63,-8.33 53.63,-8.34
53.63,-8.34 53.63,-8.36
53.63,-8.36 53.63,-8.37
53.63,-8.37 53.7,-8.49
53.7,-8.49 53.79,-8.57
53.79,-8.57 53.82,-8.58
53.82,-8.58 53.84,-8.6
53.84,-8.6 54.09,-8.7
54.09,-8.7 54.41,-8.78
54.41,-8.78 54.45,-8.79
54.45,-8.79 54.5,-8.8
54.5,-8.8 54.87,-8.84
54.33,-9.04 53.99,-8.96
53.99,-8.96 53.71,-8.85
53.71,-8.85 53.52,-8.72
53.52,-8.72 53.43,-8.6
53.43,-8.6 53.43,-8.58
53.43,-8.58 53.42,-8.57
53.42,-8.57 53.42,-8.53
53.42,-8.53 53.46,-8.41
53.46,-8.41 53.47,-8.39
53.47,-8.39 53.48,-8.37
53.48,-8.37 53.63,-8.25
53.63,-7.87 53.77,-8.03
56.63,-7.97 56.72,-7.87
53.49,-7.51 53.63,-7.87
56.87,-7.48 56.72,-7.87
41.51,-15.06 45.63,-15.58
46.49,-14.53 46.78,-14.57
45.81,-15.14 46.77,-14.28
41.52,-8.86 41.51,-9.03
42.65,-7.85 41.53,-8.84
46.9,-8.27 45.76,-8.13
46.02,-9.69 46.77,-9.03
41.51,-9.04 41.51,-15.06
41.76,-15.04 41.76,-14.81
45.81,-10.46 46.02,-9.69
45.81,-15.07 45.81,-10.46
45.41,-15.27 45.41,-15.5
46.88,-14.48 46.87,-8.3
41.64,-11.83 45.49,-12.32
41.64,-9.09 41.64,-11.82
41.64,-14.74 45.49,-15.22
41.64,-11.95 41.64,-14.74
45.81,-15.05 46.65,-14.27
44.68,-15.36 42.44,-15.08
44.68,-15.36 44.77,-15.43
44.77,-15.43 45.46,-15.52
45.46,-15.52 45.46,-15.55
41.66,-15.07 41.66,-15.04
41.66,-15.04 42.35,-15.13
42.43,-15.02 42,-14.96
45.35,-15.38 44.92,-15.33
46.9,-8.27 45.66,-9.37
45.66,-9.37 41.52,-8.91
45.65,-9.56 41.51,-9.04
46.03,-9.68 46.03,-9.24
46.87,-8.48 45.66,-9.56
45.66,-9.37 45.66,-15.55
45.81,-15.07 45.81,-15.2
45.81,-15.42 45.81,-15.2
45.81,-15.42 45.63,-15.58
46.78,-14.57 46.88,-14.48
46.78,-14.22 46.78,-14.57
46.78,-8.57 46.78,-14.22
46.65,-14.27 46.65,-9.14
45.49,-12.31 45.49,-9.57
41.64,-9.09 45.49,-9.57
45.51,-9.55 45.51,-9.55
45.49,-15.22 45.49,-12.44
41.64,-11.96 45.49,-12.44
43.98,-14.08 45.49,-14.27
43.98,-15.03 43.98,-14.08
45.49,-14.82 45.49,-14.81
41.76,-14.81 45.41,-15.27
44.03,-14.6 44.03,-14.97
44.33,-14.64 44.03,-14.6
44.33,-15.01 44.33,-14.64
44.03,-14.97 44.33,-15.01
44.94,-15.09 44.94,-14.71
44.38,-15.02 44.94,-15.09
44.38,-14.64 44.38,-15.02
44.94,-14.71 44.38,-14.64
45.81,-15.07 45.81,-15.07
45.51,-9.55 45.51,-9.55
42.35,-15.13 42.44,-15.08
42,-14.96 42,-14.85
42.43,-15.02 42.43,-14.9
44.92,-15.33 44.92,-15.21
45.35,-15.38 45.35,-15.27
45.91,-7.49 45.91,-7.37
42.53,-7.37 42.53,-7.49
45.77,-8.33 45.76,-7.88
42.67,-7.88 42.67,-8.33
42.57,-7.24 42.8,-7.06
42.8,-7.06 42.83,-7.05
42.83,-7.05 42.86,-7.04
42.86,-7.04 43.19,-6.92
43.19,-6.92 43.46,-6.87
43.46,-6.87 44,-6.81
44,-6.81 44.48,-6.81
44.48,-6.81 44.88,-6.85
44.88,-6.85 45.36,-6.96
45.36,-6.96 45.4,-6.97
45.4,-6.97 45.44,-6.98
45.44,-6.98 45.82,-7.19
45.82,-7.19 45.84,-7.2
45.84,-7.2 45.85,-7.22
45.85,-7.22 45.91,-7.34
45.91,-7.34 45.91,-7.38
45.91,-7.38 45.91,-7.39
45.91,-7.39 45.91,-7.41
45.91,-7.41 45.91,-7.43
45.91,-7.43 45.9,-7.45
45.9,-7.45 45.75,-7.61
45.75,-7.61 45.73,-7.63
45.73,-7.63 45.71,-7.64
45.71,-7.64 45.14,-7.85
45.14,-7.85 44.66,-7.92
44.66,-7.92 44.41,-7.93
44.41,-7.93 43.78,-7.92
43.78,-7.92 43.73,-7.91
43.73,-7.91 43.4,-7.87
43.4,-7.87 43.06,-7.78
43.06,-7.78 42.79,-7.68
42.79,-7.68 42.76,-7.66
42.76,-7.66 42.61,-7.55
42.61,-7.55 42.6,-7.53
42.6,-7.53 42.58,-7.52
42.58,-7.52 42.57,-7.5
42.57,-7.5 42.53,-7.41
42.53,-7.41 42.53,-7.4
42.53,-7.4 42.53,-7.38
42.53,-7.38 42.53,-7.36
42.53,-7.36 42.54,-7.31
42.54,-7.31 42.54,-7.29
42.54,-7.29 42.55,-7.27
42.55,-7.27 42.56,-7.26
42.56,-7.26 42.57,-7.24
42.53,-7.49 42.53,-7.49
42.53,-7.49 42.53,-7.51
45.67,-7.98 45.38,-8.12
45.38,-8.12 45.35,-8.13
45.35,-8.13 45.03,-8.21
45.03,-8.21 44.61,-8.27
44.61,-8.27 44.26,-8.29
44.26,-8.29 44.21,-8.29
44.21,-8.29 44.16,-8.29
44.16,-8.29 44.11,-8.29
44.11,-8.29 43.95,-8.28
43.95,-8.28 43.48,-8.22
43.48,-8.22 43.15,-8.15
43.15,-8.15 42.81,-8.03
45.77,-8.25 45.88,-8.34
45.88,-8.34 45.95,-8.42
45.95,-8.42 45.98,-8.53
45.98,-8.53 45.96,-8.62
45.96,-8.62 45.64,-8.88
45.64,-8.88 45.21,-9.01
45.21,-9.01 44.58,-9.1
44.58,-9.1 44.52,-9.11
44.52,-9.11 43.89,-9.11
43.89,-9.11 43.38,-9.04
43.91,-8.84 44.31,-8.85
44.31,-8.85 44.84,-8.81
44.84,-8.81 45.43,-8.66
45.43,-8.66 45.55,-8.6
45.55,-8.6 45.73,-8.45
45.73,-8.45 45.77,-8.36
45.77,-8.36 45.77,-8.33
42.67,-8.33 42.67,-8.34
42.67,-8.34 42.67,-8.36
42.67,-8.36 42.68,-8.38
42.68,-8.38 42.74,-8.49
42.74,-8.49 42.84,-8.57
42.84,-8.57 42.86,-8.58
42.86,-8.58 42.89,-8.6
42.89,-8.6 43.13,-8.7
43.13,-8.7 43.45,-8.79
43.45,-8.79 43.5,-8.79
43.5,-8.79 43.54,-8.8
43.54,-8.8 43.91,-8.84
43.38,-9.04 43.03,-8.96
43.03,-8.96 42.75,-8.85
42.75,-8.85 42.56,-8.73
42.56,-8.73 42.47,-8.6
42.47,-8.6 42.47,-8.59
42.47,-8.59 42.46,-8.57
42.46,-8.57 42.46,-8.53
42.46,-8.53 42.5,-8.41
42.5,-8.41 42.51,-8.39
42.51,-8.39 42.52,-8.37
42.52,-8.37 42.67,-8.25
42.67,-7.88 42.81,-8.03
45.67,-7.98 45.77,-7.88
42.53,-7.51 42.67,-7.88
45.91,-7.49 45.77,-7.88
18.21,-14.92 22.33,-15.44
24.33,-14.53 24.62,-14.57
23.65,-15.14 24.61,-14.28
18.22,-8.71 18.21,-8.88
19.46,-7.61 18.22,-8.7
24.74,-8.27 23.03,-8.06
19.87,-7.66 19.46,-7.61
23.86,-9.69 24.61,-9.03
18.21,-8.9 18.21,-14.92
18.46,-14.9 18.46,-14.67
23.65,-10.46 23.86,-9.69
23.65,-15.42 23.65,-10.46
23.25,-15.27 23.25,-15.5
24.72,-14.48 24.71,-8.3
18.34,-11.69 23.32,-12.31
18.33,-8.94 18.33,-11.68
18.33,-11.81 18.33,-14.6
18.33,-14.6 23.32,-15.23
23.65,-15.05 24.49,-14.27
22.48,-15.36 19.14,-14.94
22.48,-15.36 22.57,-15.43
22.57,-15.43 23.3,-15.52
23.3,-15.52 23.3,-15.55
18.36,-14.94 18.36,-14.9
18.36,-14.9 19.05,-14.98
19.13,-14.87 18.7,-14.82
23.19,-15.38 22.76,-15.33
24.74,-8.27 23.5,-9.37
23.5,-9.37 18.22,-8.72
23.5,-9.56 18.21,-8.9
23.86,-9.68 23.86,-9.24
24.71,-8.48 23.5,-9.56
23.5,-9.37 23.5,-15.55
23.65,-15.42 23.47,-15.58
24.62,-14.57 24.72,-14.48
24.62,-14.22 24.62,-14.57
24.62,-8.57 24.62,-14.22
24.49,-14.27 24.49,-9.14
23.32,-12.31 23.32,-9.58
18.34,-8.95 23.32,-9.57
23.32,-15.56 23.32,-12.44
18.34,-11.81 23.32,-12.44
18.46,-14.67 23.32,-15.28
19.05,-14.98 19.14,-14.94
18.7,-14.82 18.7,-14.7
19.13,-14.87 19.13,-14.76
22.76,-15.33 22.76,-15.21
23.19,-15.38 23.19,-15.27
18.36,-14.94 23.47,-15.58
21.81,-14.07 23.32,-14.26
21.81,-15.03 21.81,-14.07
21.87,-14.59 21.87,-14.97
22.17,-14.63 21.87,-14.59
22.17,-15.01 22.17,-14.63
21.87,-14.97 22.17,-15.01
22.77,-15.08 22.77,-14.71
22.22,-15.01 22.77,-15.08
22.22,-14.64 22.22,-15.01
22.77,-14.71 22.22,-14.64
23.17,-7.39 23.17,-7.28
19.78,-7.28 19.78,-7.39
23.02,-8.24 23.02,-7.78
19.93,-7.78 19.93,-8.24
19.83,-7.14 20.06,-6.97
20.06,-6.97 20.09,-6.95
20.09,-6.95 20.12,-6.94
20.12,-6.94 20.45,-6.83
20.45,-6.83 20.71,-6.77
20.71,-6.77 21.25,-6.72
21.25,-6.72 21.73,-6.72
21.73,-6.72 22.13,-6.76
22.13,-6.76 22.62,-6.86
22.62,-6.86 22.66,-6.87
22.66,-6.87 22.69,-6.89
22.69,-6.89 23.07,-7.09
23.07,-7.09 23.09,-7.11
23.09,-7.11 23.11,-7.13
23.11,-7.13 23.17,-7.25
23.17,-7.25 23.17,-7.28
23.17,-7.28 23.17,-7.3
23.17,-7.3 23.17,-7.32
23.17,-7.32 23.16,-7.33
23.16,-7.33 23.15,-7.35
23.15,-7.35 23.01,-7.52
23.01,-7.52 22.99,-7.53
22.99,-7.53 22.96,-7.55
22.96,-7.55 22.4,-7.75
22.4,-7.75 21.92,-7.82
21.92,-7.82 21.66,-7.84
21.66,-7.84 21.04,-7.82
21.04,-7.82 20.99,-7.82
20.99,-7.82 20.65,-7.77
20.65,-7.77 20.31,-7.69
20.31,-7.69 20.05,-7.58
20.05,-7.58 20.02,-7.57
20.02,-7.57 19.87,-7.45
19.87,-7.45 19.85,-7.44
19.85,-7.44 19.84,-7.42
19.84,-7.42 19.82,-7.4
19.82,-7.4 19.79,-7.32
19.79,-7.32 19.78,-7.3
19.78,-7.3 19.78,-7.28
19.78,-7.28 19.78,-7.27
19.78,-7.27 19.79,-7.21
19.79,-7.21 19.8,-7.2
19.8,-7.2 19.81,-7.18
19.81,-7.18 19.82,-7.16
19.82,-7.16 19.83,-7.14
19.78,-7.39 19.78,-7.4
19.78,-7.4 19.78,-7.41
22.93,-7.88 22.64,-8.02
22.64,-8.02 22.6,-8.03
22.6,-8.03 22.28,-8.12
22.28,-8.12 21.86,-8.18
21.86,-8.18 21.51,-8.19
21.51,-8.19 21.46,-8.19
21.46,-8.19 21.41,-8.19
21.41,-8.19 21.36,-8.19
21.36,-8.19 21.21,-8.18
21.21,-8.18 20.73,-8.13
20.73,-8.13 20.4,-8.05
20.4,-8.05 20.07,-7.94
23.02,-8.15 23.13,-8.24
23.13,-8.24 23.2,-8.33
23.2,-8.33 23.23,-8.43
23.23,-8.43 23.22,-8.52
23.22,-8.52 22.89,-8.78
22.89,-8.78 22.47,-8.92
22.47,-8.92 21.83,-9.01
21.83,-9.01 21.78,-9.01
21.78,-9.01 21.14,-9.01
21.14,-9.01 20.63,-8.95
21.16,-8.75 21.56,-8.76
21.56,-8.76 22.1,-8.71
22.1,-8.71 22.69,-8.56
22.69,-8.56 22.8,-8.51
22.8,-8.51 22.99,-8.35
22.99,-8.35 23.02,-8.27
23.02,-8.27 23.02,-8.24
19.93,-8.24 19.93,-8.25
19.93,-8.25 19.93,-8.27
19.93,-8.27 19.93,-8.28
19.93,-8.28 20,-8.4
20,-8.4 20.09,-8.47
20.09,-8.47 20.12,-8.49
20.12,-8.49 20.14,-8.5
20.14,-8.5 20.39,-8.61
20.39,-8.61 20.71,-8.69
20.71,-8.69 20.75,-8.7
20.75,-8.7 20.8,-8.71
20.8,-8.71 21.16,-8.75
20.63,-8.95 20.28,-8.87
20.28,-8.87 20.01,-8.76
20.01,-8.76 19.82,-8.63
19.82,-8.63 19.73,-8.51
19.73,-8.51 19.72,-8.49
19.72,-8.49 19.72,-8.47
19.72,-8.47 19.72,-8.44
19.72,-8.44 19.75,-8.31
19.75,-8.31 19.77,-8.3
19.77,-8.3 19.78,-8.28
19.78,-8.28 19.93,-8.16
19.93,-7.78 20.07,-7.94
22.93,-7.88 23.02,-7.78
19.78,-7.41 19.93,-7.78
23.17,-7.39 23.02,-7.78
28.93,-14.96 33.05,-15.48
35.05,-14.58 35.34,-14.61
34.37,-15.18 35.33,-14.33
28.94,-8.76 28.93,-8.93
30.18,-7.65 28.94,-8.74
35.46,-8.32 33.75,-8.1
30.59,-7.71 30.18,-7.65
34.58,-9.73 35.33,-9.07
28.93,-8.94 28.93,-14.96
29.18,-14.94 29.18,-14.71
34.37,-10.51 34.58,-9.73
34.37,-15.47 34.37,-10.51
33.97,-15.32 33.97,-15.55
35.44,-14.53 35.43,-8.34
29.06,-11.73 34.05,-12.35
29.05,-8.99 29.05,-11.72
29.05,-11.85 29.05,-14.64
29.05,-14.64 34.05,-15.27
34.37,-15.09 35.21,-14.31
33.2,-15.4 29.86,-14.98
33.2,-15.4 33.29,-15.47
33.29,-15.47 34.02,-15.56
34.02,-15.56 34.02,-15.6
29.08,-14.98 29.08,-14.94
29.08,-14.94 29.77,-15.03
29.85,-14.92 29.42,-14.86
33.91,-15.43 33.48,-15.37
35.46,-8.32 34.22,-9.41
34.22,-9.41 28.94,-8.76
34.22,-9.6 28.93,-8.94
34.58,-9.72 34.58,-9.29
35.43,-8.53 34.22,-9.6
34.22,-9.41 34.22,-15.6
34.37,-15.47 34.19,-15.62
35.34,-14.61 35.44,-14.53
35.34,-14.26 35.34,-14.61
35.34,-8.61 35.34,-14.26
35.21,-14.31 35.21,-9.18
34.05,-12.35 34.05,-9.62
29.06,-8.99 34.05,-9.62
34.05,-15.61 34.05,-12.49
29.06,-11.86 34.05,-12.49
29.18,-14.71 34.05,-15.33
29.77,-15.03 29.86,-14.98
29.42,-14.86 29.42,-14.75
29.85,-14.92 29.85,-14.8
33.48,-15.37 33.48,-15.26
33.91,-15.43 33.91,-15.31
29.08,-14.98 34.19,-15.62
32.53,-14.12 34.05,-14.31
32.53,-15.07 32.53,-14.12
32.59,-14.64 32.59,-15.01
32.89,-14.68 32.59,-14.64
32.89,-15.05 32.89,-14.68
32.59,-15.01 32.89,-15.05
33.49,-15.13 33.49,-14.75
32.94,-15.06 33.49,-15.13
32.94,-14.68 32.94,-15.06
33.49,-14.75 32.94,-14.68
33.89,-7.43 33.89,-7.32
30.5,-7.32 30.5,-7.43
33.74,-8.28 33.74,-7.83
30.65,-7.82 30.65,-8.28
30.55,-7.19 30.78,-7.01
30.78,-7.01 30.81,-7
30.81,-7 30.84,-6.98
30.84,-6.98 31.17,-6.87
31.17,-6.87 31.43,-6.82
31.43,-6.82 31.97,-6.76
31.97,-6.76 32.45,-6.76
32.45,-6.76 32.85,-6.8
32.85,-6.8 33.34,-6.9
33.34,-6.9 33.38,-6.92
33.38,-6.92 33.41,-6.93
33.41,-6.93 33.79,-7.14
33.79,-7.14 33.81,-7.15
33.81,-7.15 33.83,-7.17
33.83,-7.17 33.89,-7.29
33.89,-7.29 33.89,-7.32
33.89,-7.32 33.89,-7.34
33.89,-7.34 33.89,-7.36
33.89,-7.36 33.88,-7.38
33.88,-7.38 33.88,-7.39
33.88,-7.39 33.73,-7.56
33.73,-7.56 33.71,-7.58
33.71,-7.58 33.68,-7.59
33.68,-7.59 33.12,-7.79
33.12,-7.79 32.64,-7.87
32.64,-7.87 32.38,-7.88
32.38,-7.88 31.76,-7.87
31.76,-7.87 31.71,-7.86
31.71,-7.86 31.37,-7.81
31.37,-7.81 31.03,-7.73
31.03,-7.73 30.77,-7.62
30.77,-7.62 30.74,-7.61
30.74,-7.61 30.59,-7.5
30.59,-7.5 30.57,-7.48
30.57,-7.48 30.56,-7.46
30.56,-7.46 30.54,-7.45
30.54,-7.45 30.51,-7.36
30.51,-7.36 30.5,-7.34
30.5,-7.34 30.5,-7.33
30.5,-7.33 30.5,-7.31
30.5,-7.31 30.51,-7.26
30.51,-7.26 30.52,-7.24
30.52,-7.24 30.53,-7.22
30.53,-7.22 30.54,-7.2
30.54,-7.2 30.55,-7.19
30.5,-7.43 30.5,-7.44
30.5,-7.44 30.5,-7.46
33.65,-7.92 33.36,-8.07
33.36,-8.07 33.32,-8.08
33.32,-8.08 33,-8.16
33,-8.16 32.58,-8.22
32.58,-8.22 32.23,-8.23
32.23,-8.23 32.18,-8.23
32.18,-8.23 32.13,-8.23
32.13,-8.23 32.08,-8.23
32.08,-8.23 31.93,-8.23
31.93,-8.23 31.45,-8.17
31.45,-8.17 31.12,-8.09
31.12,-8.09 30.79,-7.98
33.74,-8.2 33.85,-8.28
33.85,-8.28 33.92,-8.37
33.92,-8.37 33.95,-8.48
33.95,-8.48 33.94,-8.56
33.94,-8.56 33.61,-8.83
33.61,-8.83 33.19,-8.96
33.19,-8.96 32.55,-9.05
32.55,-9.05 32.5,-9.06
32.5,-9.06 31.86,-9.05
31.86,-9.05 31.35,-8.99
31.88,-8.79 32.28,-8.8
32.28,-8.8 32.82,-8.76
32.82,-8.76 33.41,-8.61
33.41,-8.61 33.52,-8.55
33.52,-8.55 33.71,-8.4
33.71,-8.4 33.74,-8.31
33.74,-8.31 33.74,-8.28
30.65,-8.28 30.65,-8.29
30.65,-8.29 30.65,-8.31
30.65,-8.31 30.65,-8.33
30.65,-8.33 30.72,-8.44
30.72,-8.44 30.81,-8.52
30.81,-8.52 30.84,-8.53
30.84,-8.53 30.86,-8.55
30.86,-8.55 31.11,-8.65
31.11,-8.65 31.43,-8.73
31.43,-8.73 31.47,-8.74
31.47,-8.74 31.52,-8.75
31.52,-8.75 31.88,-8.79
31.35,-8.99 31,-8.91
31,-8.91 30.73,-8.8
30.73,-8.8 30.54,-8.67
30.54,-8.67 30.45,-8.55
30.45,-8.55 30.44,-8.53
30.44,-8.53 30.44,-8.52
30.44,-8.52 30.44,-8.48
30.44,-8.48 30.47,-8.36
30.47,-8.36 30.49,-8.34
30.49,-8.34 30.5,-8.32
30.5,-8.32 30.65,-8.2
30.65,-7.82 30.79,-7.98
33.65,-7.92 33.74,-7.82
30.5,-7.46 30.65,-7.82
33.89,-7.43 33.74,-7.82
