3.35,-3.15 4.5,-2.49
4.58,-2.56 4.25,-2.74
4.17,-2.79 3.92,-2.94
3.83,-2.99 3.51,-3.17
3.32,-3.23 3.32,-6.33
5.95,-8.15 5.76,-8.03
3.83,-6.92 3.64,-6.81
5.64,-7.67 3.32,-6.33
6.56,-8.18 5.67,-7.66
6.22,-7.88 6.56,-8.08
3.32,-6.16 5.64,-7.5
6.56,-7.77 6.22,-7.58
6.56,-7.51 5.65,-6.98
5.91,-7 6.43,-7.3
6.07,-6.32 6.34,-6.47
6.34,-6.34 6.07,-6.19
5.46,-7.39 5.46,-4.85
5.64,-7.67 5.64,-4.68
6.63,-4.97 6.95,-4.79
7.03,-4.74 7.28,-4.59
7.37,-4.54 7.69,-4.36
5.91,-4.95 5.91,-7
6.07,-6.19 6.07,-6.32
3.89,-6.66 3.64,-6.81
7.89,-4.52 6.69,-5.2
3.83,-6.92 4.09,-6.78
5.46,-4.85 3.32,-3.61
6.22,-7.58 6.22,-7.98
6.34,-6.34 6.34,-6.47
6.54,-5.2 3.36,-3.36
6.42,-8.1 6.42,-8
6.43,-7.3 6.43,-5.25
6.54,-5.2 6.54,-7.5
6.56,-7.51 6.56,-8.17
3.51,-3.17 6.63,-4.97
6.69,-8.17 6.69,-5.2
6.95,-4.79 3.83,-2.99
3.92,-2.94 7.03,-4.74
6.93,-7.37 6.93,-7.93
7.03,-7.98 7.03,-5.01
7.07,-7.98 7.07,-7.45
7.28,-4.59 4.17,-2.79
7.22,-5.03 7.22,-7.08
4.25,-2.74 7.37,-4.54
7.69,-4.36 4.58,-2.56
7.73,-6.78 7.73,-4.71
4.65,-2.49 7.89,-4.34
7.88,-4.52 7.88,-7.51
7.22,-7.08 7.73,-6.78
6.04,-7.88 5.76,-8.03
7.03,-7.31 6.69,-7.51
7.85,-6.89 7.07,-7.33
5.95,-8.01 5.89,-8.04
6.69,-7.63 7.02,-7.44
5.93,-8.08 5.98,-8.05
7.07,-7.45 7.85,-7
5.95,-8.15 6.23,-7.99
7.26,-7.64 7.45,-7.53
7.5,-7.5 7.69,-7.39
7.03,-7.88 6.7,-8.08
7.69,-7.51 7.5,-7.62
7.45,-7.65 7.26,-7.76
7.03,-7.98 6.69,-8.18
7.88,-7.51 7.08,-7.98
6.07,-6.32 6.14,-6.26
4.09,-5.04 4.63,-5.35
7.73,-4.71 7.22,-5.03
5.91,-4.95 6.43,-5.25
4.63,-5.35 4.63,-5.98
4.63,-5.98 4.09,-5.67
4.09,-5.04 4.09,-5.67
4.17,-5.22 4.52,-5.42
4.52,-5.42 4.52,-5.82
4.52,-5.82 4.17,-5.62
4.17,-5.62 4.17,-5.22
3.83,-6.78 3.77,-6.82
3.81,-6.86 3.86,-6.83
3.32,-3.23 3.35,-3.15
4.5,-2.49 4.65,-2.49
7.89,-4.52 7.89,-4.34
6.69,-5.2 6.54,-5.2
6.56,-8.18 6.64,-8.19
6.64,-8.19 6.69,-8.18
5.95,-8.01 5.98,-8.02
5.98,-8.02 5.98,-8.05
5.89,-8.04 5.9,-8.08
5.9,-8.08 5.93,-8.08
3.83,-6.78 3.86,-6.8
3.86,-6.8 3.86,-6.83
3.77,-6.82 3.77,-6.85
3.77,-6.85 3.81,-6.86
7.03,-7.98 7.08,-7.98
5.67,-7.66 5.64,-7.67
