8231.08,-3764.75 8245.35,-3772.98
7592.89,-3395.26 8231.08,-3764.75
7604.84,-3359.6 8231.08,-3720.38
7592.89,-3395.26 7592.89,-2654.54
7604.84,-2661.43 7604.84,-3401.27
8559.77,-3558.88 8585.55,-3573.76
8206.78,-2836.41 8644.88,-2583.47
8231.08,-3764.75 8231.08,-2995.32
8294.01,-3744.89 8294.01,-3712.31
8351.64,-3037.19 8574.16,-2908.72
7566.24,-2639.16 8206.78,-3009.36
8351.64,-3160.64 8574.16,-3032.17
8351.64,-3284.1 8574.16,-3155.63
8586.04,-3576.29 8586.04,-3543.71
8351.64,-3407.55 8574.16,-3279.08
8618.82,-3557.37 8618.82,-2771.47
8351.64,-3531.01 8574.16,-3402.54
8296.98,-3686.02 8574.16,-3525.99
8586.04,-3543.71 8294.01,-3712.31
8245.35,-3772.98 8294.01,-3744.89
8586.04,-3576.29 8618.82,-3557.37
8206.78,-3009.36 8644.88,-2756.42
7604.84,-2973.9 8231.08,-3335.29
7566.24,-2466.21 8206.78,-2836.41
8206.78,-2836.41 8206.78,-3009.36
8644.88,-2583.47 8644.88,-2756.42
7566.24,-2466.21 8004.34,-2213.27
8004.34,-2213.27 8644.88,-2582.91
7566.24,-2466.21 7566.24,-2639.16
8351.64,-3654.46 8351.64,-2951.29
8437.64,-3604.81 8437.64,-2913.29
8524.64,-3554.58 8524.64,-2878.38
8586.04,-3543.71 8586.04,-2790.39
7668.75,-2436.86 8246.74,-2767.73
7992.76,-2663.98 8345.58,-2460.27
7805.94,-2352.84 8363.55,-2674.63
7948.17,-2270.56 8506.61,-2592.83
7903.67,-2602.13 8256.5,-2398.42
7812.76,-2538.48 8165.58,-2334.77
7712.67,-2479.13 8065.5,-2275.42
8103.24,-2727.23 8456.07,-2523.53
9762.95,-3827.13 9777.22,-3835.37
9312.23,-3566.4 9762.95,-3826.61
9324.18,-3530.73 9760.63,-3782.13
9312.23,-3566.4 9312.23,-2825.67
9324.18,-2832.57 9324.18,-3572.4
10091.64,-3621.26 10117.41,-3636.14
9738.64,-2898.79 10176.74,-2645.86
9762.95,-3827.13 9762.95,-3057.71
9825.87,-3807.27 9825.87,-3774.7
9883.51,-3099.57 10106.03,-2971.1
9285.58,-2810.29 9738.64,-3071.74
9883.51,-3223.02 10106.03,-3094.55
9883.51,-3346.48 10106.03,-3218.01
10117.91,-3638.67 10117.91,-3606.09
9883.51,-3469.93 10106.03,-3341.46
10150.68,-3619.75 10150.68,-2833.85
9883.51,-3593.39 10106.03,-3464.92
9828.84,-3748.4 10106.03,-3588.37
10117.91,-3606.09 9825.87,-3774.7
9777.22,-3835.37 9825.87,-3807.27
10117.91,-3638.67 10150.68,-3619.75
9738.64,-3071.74 10176.74,-2818.8
9324.18,-3145.03 9762.95,-3398.23
9285.58,-2637.34 9738.64,-2898.79
9738.64,-2898.79 9738.64,-3071.74
10176.74,-2645.86 10176.74,-2818.8
9285.58,-2637.34 9723.68,-2384.4
9723.68,-2384.4 10176.74,-2645.86
9285.58,-2637.34 9285.58,-2810.29
9883.51,-3716.84 9883.51,-3013.67
9969.51,-3667.19 9969.51,-2975.67
10056.51,-3616.96 10056.51,-2940.76
10117.91,-3606.09 10117.91,-2852.77
9388.09,-2607.99 9794.55,-2842.55
9712.1,-2835.11 10064.92,-2631.41
9525.28,-2523.98 9931.74,-2758.54
9667.51,-2441.7 10073.97,-2676.26
9623.01,-2773.26 9975.84,-2569.55
9532.1,-2709.61 9884.92,-2505.91
9432.01,-2650.26 9784.84,-2446.55
11316.31,-3960.01 11330.58,-3968.25
10865.6,-3699.28 11316.31,-3959.49
10877.55,-3663.61 11314,-3915.01
10865.6,-3699.28 10865.6,-2958.55
10877.55,-2965.45 10877.55,-3705.28
11645,-3754.14 11670.78,-3769.02
11292.01,-3031.67 11730.11,-2778.74
11316.31,-3960.01 11316.31,-3190.59
11379.24,-3940.15 11379.24,-3907.58
11436.88,-3232.45 11659.39,-3103.98
10838.95,-2943.17 11292.01,-3204.62
11436.88,-3355.9 11659.39,-3227.43
11436.88,-3479.36 11659.39,-3350.89
11671.27,-3771.55 11671.27,-3738.97
11436.88,-3602.81 11659.39,-3474.34
11704.05,-3752.63 11704.05,-2966.73
11436.88,-3726.27 11659.39,-3597.8
11382.21,-3881.28 11659.39,-3721.25
11671.27,-3738.97 11379.24,-3907.58
11330.58,-3968.25 11379.24,-3940.15
11671.27,-3771.55 11704.05,-3752.63
11292.01,-3204.62 11730.11,-2951.68
10877.55,-3277.91 11316.31,-3531.11
10838.95,-2770.22 11292.01,-3031.67
11292.01,-3031.67 11292.01,-3204.62
11730.11,-2778.74 11730.11,-2951.68
10838.95,-2770.22 11277.05,-2517.28
11277.05,-2517.28 11730.11,-2778.74
10838.95,-2770.22 10838.95,-2943.17
11436.88,-3849.72 11436.88,-3146.55
11522.88,-3800.07 11522.88,-3108.55
11609.88,-3749.84 11609.88,-3073.64
11671.27,-3738.97 11671.27,-2985.65
10941.45,-2740.87 11347.92,-2975.43
11265.46,-2967.99 11618.29,-2764.29
11078.64,-2656.86 11485.11,-2891.42
11220.88,-2574.58 11627.34,-2809.14
11176.38,-2906.14 11529.2,-2702.43
11085.46,-2842.49 11438.29,-2638.79
10985.38,-2783.14 11338.2,-2579.43
6606.26,-5286.49 6606.26,-5103.51
6606.26,-5103.51 6493.38,-5195
6493.38,-5195 6606.26,-5286.49
6606.26,-5255 8028.95,-5255
8141.83,-5346.49 8141.83,-5163.51
8141.83,-5163.51 8028.95,-5255
8028.95,-5255 8141.83,-5346.49
8141.83,-5315 11220.05,-5315
11220.05,-3915 11220.05,-5315
9677.51,-3795 9677.51,-5195
8145.05,-3735 8145.05,-5135
5151,-5195 6493.38,-5195
5151,-5195 5151,-5995
6606.26,-5135 8145.05,-5135
8141.83,-5195 9677.51,-5195
