23.97,-14.85 23.97,-21
23.97,-21 16.72,-21
27.14,-21.89 16.72,-21.89
34.76,-14.89 34.76,-21.39
16.72,-22.39 16.72,-20.5
15.56,-21.44 10.33,-21.44
16.72,-20.5 15.56,-21.44
15.56,-21.44 16.72,-22.39
46,-14.89 46,-22.39
28.3,-22.82 28.3,-20.93
28.3,-20.93 27.14,-21.88
27.14,-21.88 28.3,-22.82
28.3,-21.39 34.76,-21.39
28.3,-22.39 46,-22.39
19.1,-14.38 23.22,-14.9
25.22,-13.99 25.51,-14.03
24.53,-14.6 25.5,-13.74
19.1,-8.17 19.1,-8.34
20.35,-7.07 19.11,-8.16
25.62,-7.73 23.92,-7.52
20.76,-7.12 20.35,-7.07
24.75,-9.15 25.5,-8.49
19.1,-8.36 19.1,-14.38
19.35,-14.36 19.35,-14.13
24.54,-9.92 24.75,-9.15
24.53,-14.88 24.54,-9.92
24.14,-14.73 24.14,-14.96
25.61,-13.94 25.6,-7.76
19.23,-11.15 24.21,-11.77
19.22,-8.4 19.22,-11.14
19.22,-11.27 19.22,-14.06
19.22,-14.06 24.21,-14.69
24.53,-14.51 25.37,-13.73
23.37,-14.82 20.03,-14.4
23.37,-14.82 23.46,-14.89
23.46,-14.89 24.19,-14.98
24.19,-14.98 24.19,-15.01
19.25,-14.4 19.25,-14.36
19.25,-14.36 19.94,-14.44
20.02,-14.33 19.59,-14.28
24.08,-14.84 23.65,-14.79
25.62,-7.73 24.39,-8.83
24.39,-8.83 19.1,-8.18
24.39,-9.02 19.1,-8.36
24.75,-9.14 24.75,-8.7
25.6,-7.94 24.39,-9.02
24.39,-8.83 24.39,-15.01
24.53,-14.88 24.36,-15.04
25.51,-14.03 25.61,-13.94
25.51,-13.68 25.51,-14.03
25.51,-8.03 25.51,-13.68
25.37,-13.73 25.37,-8.6
24.21,-11.77 24.21,-9.03
19.23,-8.41 24.21,-9.03
24.21,-15.02 24.21,-11.9
19.23,-11.27 24.21,-11.9
19.35,-14.13 24.21,-14.74
19.94,-14.44 20.03,-14.4
19.59,-14.28 19.59,-14.16
20.02,-14.33 20.02,-14.22
23.65,-14.79 23.65,-14.67
24.08,-14.84 24.08,-14.73
19.25,-14.4 24.36,-15.04
22.7,-13.53 24.21,-13.72
22.7,-14.49 22.7,-13.53
22.76,-14.05 22.76,-14.43
23.06,-14.09 22.76,-14.05
23.06,-14.47 23.06,-14.09
22.76,-14.43 23.06,-14.47
23.66,-14.54 23.66,-14.17
23.11,-14.47 23.66,-14.54
23.11,-14.1 23.11,-14.47
23.66,-14.17 23.11,-14.1
24.06,-6.85 24.06,-6.74
20.67,-6.74 20.67,-6.85
23.91,-7.7 23.91,-7.24
20.82,-7.24 20.82,-7.7
20.72,-6.6 20.95,-6.43
20.95,-6.43 20.98,-6.41
20.98,-6.41 21.01,-6.4
21.01,-6.4 21.34,-6.29
21.34,-6.29 21.6,-6.23
21.6,-6.23 22.14,-6.18
22.14,-6.18 22.62,-6.18
22.62,-6.18 23.02,-6.22
23.02,-6.22 23.51,-6.32
23.51,-6.32 23.55,-6.33
23.55,-6.33 23.58,-6.34
23.58,-6.34 23.96,-6.55
23.96,-6.55 23.98,-6.57
23.98,-6.57 24,-6.58
24,-6.58 24.06,-6.71
24.06,-6.71 24.06,-6.74
24.06,-6.74 24.06,-6.76
24.06,-6.76 24.05,-6.78
24.05,-6.78 24.05,-6.79
24.05,-6.79 24.04,-6.81
24.04,-6.81 23.9,-6.98
23.9,-6.98 23.88,-6.99
23.88,-6.99 23.85,-7.01
23.85,-7.01 23.29,-7.21
23.29,-7.21 22.81,-7.28
22.81,-7.28 22.55,-7.3
22.55,-7.3 21.93,-7.28
21.93,-7.28 21.88,-7.28
21.88,-7.28 21.54,-7.23
21.54,-7.23 21.2,-7.15
21.2,-7.15 20.94,-7.04
20.94,-7.04 20.91,-7.03
20.91,-7.03 20.76,-6.91
20.76,-6.91 20.74,-6.9
20.74,-6.9 20.73,-6.88
20.73,-6.88 20.71,-6.86
20.71,-6.86 20.68,-6.78
20.68,-6.78 20.67,-6.76
20.67,-6.76 20.67,-6.74
20.67,-6.74 20.67,-6.73
20.67,-6.73 20.68,-6.67
20.68,-6.67 20.69,-6.66
20.69,-6.66 20.7,-6.64
20.7,-6.64 20.71,-6.62
20.71,-6.62 20.72,-6.6
20.67,-6.85 20.67,-6.86
20.67,-6.86 20.67,-6.87
23.82,-7.34 23.53,-7.48
23.53,-7.48 23.49,-7.49
23.49,-7.49 23.17,-7.58
23.17,-7.58 22.75,-7.64
22.75,-7.64 22.4,-7.65
22.4,-7.65 22.35,-7.65
22.35,-7.65 22.3,-7.65
22.3,-7.65 22.25,-7.65
22.25,-7.65 22.1,-7.64
22.1,-7.64 21.62,-7.59
21.62,-7.59 21.29,-7.51
21.29,-7.51 20.96,-7.4
23.91,-7.61 24.02,-7.7
24.02,-7.7 24.09,-7.79
24.09,-7.79 24.12,-7.89
24.12,-7.89 24.1,-7.98
24.1,-7.98 23.78,-8.24
23.78,-8.24 23.36,-8.38
23.36,-8.38 22.72,-8.47
22.72,-8.47 22.67,-8.47
22.67,-8.47 22.03,-8.47
22.03,-8.47 21.52,-8.41
22.05,-8.21 22.45,-8.22
22.45,-8.22 22.99,-8.17
22.99,-8.17 23.58,-8.02
23.58,-8.02 23.69,-7.97
23.69,-7.97 23.88,-7.81
23.88,-7.81 23.91,-7.73
23.91,-7.73 23.91,-7.7
20.82,-7.7 20.82,-7.71
20.82,-7.71 20.82,-7.73
20.82,-7.73 20.82,-7.74
20.82,-7.74 20.89,-7.86
20.89,-7.86 20.98,-7.93
20.98,-7.93 21,-7.95
21,-7.95 21.03,-7.96
21.03,-7.96 21.28,-8.07
21.28,-8.07 21.6,-8.15
21.6,-8.15 21.64,-8.16
21.64,-8.16 21.68,-8.17
21.68,-8.17 22.05,-8.21
21.52,-8.41 21.17,-8.33
21.17,-8.33 20.9,-8.22
20.9,-8.22 20.71,-8.09
20.71,-8.09 20.62,-7.97
20.62,-7.97 20.61,-7.95
20.61,-7.95 20.61,-7.93
20.61,-7.93 20.61,-7.9
20.61,-7.9 20.64,-7.77
20.64,-7.77 20.66,-7.76
20.66,-7.76 20.67,-7.74
20.67,-7.74 20.82,-7.62
20.82,-7.24 20.96,-7.4
23.82,-7.34 23.91,-7.24
20.67,-6.87 20.82,-7.24
24.06,-6.85 23.91,-7.24
29.88,-14.44 34,-14.95
36,-14.05 36.29,-14.09
35.32,-14.65 36.28,-13.8
29.89,-8.23 29.88,-8.4
31.13,-7.13 29.89,-8.21
36.41,-7.79 34.7,-7.58
31.54,-7.18 31.13,-7.13
35.53,-9.21 36.28,-8.54
29.88,-8.41 29.88,-14.44
30.13,-14.42 30.13,-14.19
35.32,-9.98 35.53,-9.21
35.32,-14.94 35.32,-9.98
34.92,-14.79 34.92,-15.02
36.39,-14 36.38,-7.81
30.01,-11.21 35,-11.83
30,-8.46 30,-11.2
30,-11.33 30,-14.11
30,-14.11 35,-14.75
35.32,-14.57 36.16,-13.78
34.15,-14.87 30.81,-14.45
34.15,-14.87 34.24,-14.94
34.24,-14.94 34.97,-15.04
34.97,-15.04 34.97,-15.07
30.03,-14.45 30.03,-14.41
30.03,-14.41 30.72,-14.5
30.8,-14.39 30.37,-14.34
34.86,-14.9 34.43,-14.85
36.41,-7.79 35.17,-8.89
35.17,-8.89 29.89,-8.23
35.17,-9.07 29.88,-8.41
35.54,-9.2 35.54,-8.76
36.38,-8 35.17,-9.07
35.17,-8.89 35.17,-15.07
35.32,-14.94 35.14,-15.1
36.29,-14.09 36.39,-14
36.29,-13.73 36.29,-14.09
36.29,-8.08 36.29,-13.73
36.16,-13.78 36.16,-8.65
35,-11.83 35,-9.09
30.01,-8.46 35,-9.09
35,-15.08 35,-11.96
30.01,-11.33 35,-11.96
30.13,-14.19 35,-14.8
30.72,-14.5 30.81,-14.45
30.37,-14.34 30.37,-14.22
30.8,-14.39 30.8,-14.27
34.43,-14.85 34.43,-14.73
34.86,-14.9 34.86,-14.78
30.03,-14.45 35.14,-15.1
33.49,-13.59 35,-13.78
33.49,-14.54 33.49,-13.59
33.54,-14.11 33.54,-14.48
33.84,-14.15 33.54,-14.11
33.84,-14.52 33.84,-14.15
33.54,-14.48 33.84,-14.52
34.45,-14.6 34.45,-14.22
33.89,-14.53 34.45,-14.6
33.89,-14.15 33.89,-14.53
34.45,-14.22 33.89,-14.15
34.84,-6.91 34.84,-6.79
31.45,-6.79 31.45,-6.91
34.7,-7.76 34.69,-7.3
31.6,-7.3 31.6,-7.76
31.5,-6.66 31.73,-6.49
31.73,-6.49 31.76,-6.47
31.76,-6.47 31.79,-6.46
31.79,-6.46 32.12,-6.34
32.12,-6.34 32.38,-6.29
32.38,-6.29 32.92,-6.23
32.92,-6.23 33.4,-6.24
33.4,-6.24 33.81,-6.27
33.81,-6.27 34.29,-6.38
34.29,-6.38 34.33,-6.39
34.33,-6.39 34.36,-6.4
34.36,-6.4 34.75,-6.61
34.75,-6.61 34.76,-6.62
34.76,-6.62 34.78,-6.64
34.78,-6.64 34.84,-6.76
34.84,-6.76 34.84,-6.8
34.84,-6.8 34.84,-6.81
34.84,-6.81 34.84,-6.83
34.84,-6.83 34.83,-6.85
34.83,-6.85 34.83,-6.87
34.83,-6.87 34.68,-7.03
34.68,-7.03 34.66,-7.05
34.66,-7.05 34.63,-7.06
34.63,-7.06 34.07,-7.27
34.07,-7.27 33.59,-7.34
33.59,-7.34 33.33,-7.35
33.33,-7.35 32.71,-7.34
32.71,-7.34 32.66,-7.33
32.66,-7.33 32.32,-7.29
32.32,-7.29 31.98,-7.2
31.98,-7.2 31.72,-7.1
31.72,-7.1 31.69,-7.08
31.69,-7.08 31.54,-6.97
31.54,-6.97 31.52,-6.95
31.52,-6.95 31.51,-6.94
31.51,-6.94 31.5,-6.92
31.5,-6.92 31.46,-6.83
31.46,-6.83 31.45,-6.82
31.45,-6.82 31.45,-6.8
31.45,-6.8 31.45,-6.78
31.45,-6.78 31.46,-6.73
31.46,-6.73 31.47,-6.71
31.47,-6.71 31.48,-6.7
31.48,-6.7 31.49,-6.68
31.49,-6.68 31.5,-6.66
31.45,-6.91 31.45,-6.91
31.45,-6.91 31.45,-6.93
34.6,-7.4 34.31,-7.54
34.31,-7.54 34.27,-7.55
34.27,-7.55 33.95,-7.63
33.95,-7.63 33.53,-7.69
33.53,-7.69 33.18,-7.71
33.18,-7.71 33.13,-7.71
33.13,-7.71 33.08,-7.71
33.08,-7.71 33.03,-7.71
33.03,-7.71 32.88,-7.7
32.88,-7.7 32.4,-7.65
32.4,-7.65 32.07,-7.57
32.07,-7.57 31.74,-7.45
34.69,-7.67 34.81,-7.76
34.81,-7.76 34.88,-7.84
34.88,-7.84 34.91,-7.95
34.91,-7.95 34.89,-8.04
34.89,-8.04 34.56,-8.3
34.56,-8.3 34.14,-8.44
34.14,-8.44 33.5,-8.53
33.5,-8.53 33.45,-8.53
33.45,-8.53 32.81,-8.53
32.81,-8.53 32.3,-8.47
32.83,-8.26 33.23,-8.27
33.23,-8.27 33.77,-8.23
33.77,-8.23 34.36,-8.08
34.36,-8.08 34.47,-8.02
34.47,-8.02 34.66,-7.87
34.66,-7.87 34.69,-7.79
34.69,-7.79 34.7,-7.76
31.6,-7.76 31.6,-7.76
31.6,-7.76 31.6,-7.78
31.6,-7.78 31.6,-7.8
31.6,-7.8 31.67,-7.91
31.67,-7.91 31.76,-7.99
31.76,-7.99 31.79,-8.01
31.79,-8.01 31.81,-8.02
31.81,-8.02 32.06,-8.13
32.06,-8.13 32.38,-8.21
32.38,-8.21 32.42,-8.21
32.42,-8.21 32.47,-8.22
32.47,-8.22 32.83,-8.26
32.3,-8.47 31.95,-8.38
31.95,-8.38 31.68,-8.27
31.68,-8.27 31.49,-8.15
31.49,-8.15 31.4,-8.02
31.4,-8.02 31.39,-8.01
31.39,-8.01 31.39,-7.99
31.39,-7.99 31.39,-7.95
31.39,-7.95 31.43,-7.83
31.43,-7.83 31.44,-7.81
31.44,-7.81 31.45,-7.79
31.45,-7.79 31.6,-7.67
31.6,-7.3 31.74,-7.45
34.6,-7.4 34.69,-7.3
31.45,-6.93 31.6,-7.3
34.84,-6.91 34.69,-7.3
41.11,-14.42 45.23,-14.94
47.23,-14.04 47.52,-14.07
46.54,-14.64 47.51,-13.79
41.11,-8.22 41.11,-8.39
42.36,-7.11 41.12,-8.2
47.63,-7.78 45.93,-7.56
42.77,-7.17 42.36,-7.11
46.76,-9.19 47.51,-8.53
41.11,-8.4 41.11,-14.42
41.36,-14.4 41.36,-14.18
46.54,-9.97 46.76,-9.19
46.54,-14.93 46.54,-9.97
46.15,-14.78 46.15,-15.01
47.62,-13.99 47.61,-7.8
41.24,-11.19 46.22,-11.82
41.23,-8.45 41.23,-11.19
41.23,-11.32 41.23,-14.1
41.23,-14.1 46.22,-14.73
46.54,-14.55 47.38,-13.77
45.37,-14.86 42.04,-14.44
45.37,-14.86 45.47,-14.93
45.47,-14.93 46.2,-15.02
46.2,-15.02 46.2,-15.06
41.26,-14.44 41.26,-14.4
41.26,-14.4 41.95,-14.49
42.03,-14.38 41.6,-14.32
46.08,-14.89 45.66,-14.84
47.63,-7.78 46.4,-8.88
46.4,-8.88 41.11,-8.22
46.4,-9.06 41.11,-8.4
46.76,-9.18 46.76,-8.75
47.61,-7.99 46.4,-9.06
46.4,-8.88 46.4,-15.06
46.54,-14.93 46.37,-15.09
47.52,-14.07 47.62,-13.99
47.52,-13.72 47.52,-14.07
47.52,-8.07 47.52,-13.72
47.38,-13.77 47.38,-8.64
46.22,-11.82 46.22,-9.08
41.24,-8.45 46.22,-9.08
46.22,-15.07 46.22,-11.95
41.24,-11.32 46.22,-11.95
41.36,-14.18 46.22,-14.79
41.95,-14.49 42.04,-14.44
41.6,-14.32 41.6,-14.21
42.03,-14.38 42.03,-14.26
45.66,-14.84 45.66,-14.72
46.08,-14.89 46.08,-14.77
41.26,-14.44 46.37,-15.09
44.71,-13.58 46.22,-13.77
44.71,-14.53 44.71,-13.58
44.76,-14.1 44.76,-14.47
45.07,-14.14 44.76,-14.1
45.07,-14.51 45.07,-14.14
44.76,-14.47 45.07,-14.51
45.67,-14.59 45.67,-14.21
45.12,-14.52 45.67,-14.59
45.12,-14.14 45.12,-14.52
45.67,-14.21 45.12,-14.14
46.07,-6.9 46.07,-6.78
42.68,-6.78 42.68,-6.9
45.92,-7.74 45.92,-7.29
42.83,-7.28 42.82,-7.74
42.73,-6.65 42.96,-6.47
42.96,-6.47 42.98,-6.46
42.98,-6.46 43.02,-6.44
43.02,-6.44 43.35,-6.33
43.35,-6.33 43.61,-6.28
43.61,-6.28 44.15,-6.22
44.15,-6.22 44.63,-6.22
44.63,-6.22 45.03,-6.26
45.03,-6.26 45.52,-6.37
45.52,-6.37 45.55,-6.38
45.55,-6.38 45.59,-6.39
45.59,-6.39 45.97,-6.6
45.97,-6.6 45.99,-6.61
45.99,-6.61 46.01,-6.63
46.01,-6.63 46.07,-6.75
46.07,-6.75 46.07,-6.79
46.07,-6.79 46.07,-6.8
46.07,-6.8 46.06,-6.82
46.06,-6.82 46.06,-6.84
46.06,-6.84 46.05,-6.85
46.05,-6.85 45.91,-7.02
45.91,-7.02 45.88,-7.04
45.88,-7.04 45.86,-7.05
45.86,-7.05 45.3,-7.26
45.3,-7.26 44.82,-7.33
44.82,-7.33 44.56,-7.34
44.56,-7.34 43.94,-7.33
43.94,-7.33 43.89,-7.32
43.89,-7.32 43.55,-7.28
43.55,-7.28 43.21,-7.19
43.21,-7.19 42.95,-7.09
42.95,-7.09 42.92,-7.07
42.92,-7.07 42.77,-6.96
42.77,-6.96 42.75,-6.94
42.75,-6.94 42.74,-6.93
42.74,-6.93 42.72,-6.91
42.72,-6.91 42.68,-6.82
42.68,-6.82 42.68,-6.81
42.68,-6.81 42.68,-6.79
42.68,-6.79 42.68,-6.77
42.68,-6.77 42.69,-6.72
42.69,-6.72 42.7,-6.7
42.7,-6.7 42.71,-6.68
42.71,-6.68 42.72,-6.67
42.72,-6.67 42.73,-6.65
42.68,-6.9 42.68,-6.9
42.68,-6.9 42.68,-6.92
45.83,-7.39 45.53,-7.53
45.53,-7.53 45.5,-7.54
45.5,-7.54 45.18,-7.62
45.18,-7.62 44.76,-7.68
44.76,-7.68 44.41,-7.7
44.41,-7.7 44.36,-7.7
44.36,-7.7 44.31,-7.7
44.31,-7.7 44.26,-7.69
44.26,-7.69 44.11,-7.69
44.11,-7.69 43.63,-7.63
43.63,-7.63 43.3,-7.56
43.3,-7.56 42.97,-7.44
45.92,-7.66 46.03,-7.74
46.03,-7.74 46.1,-7.83
46.1,-7.83 46.13,-7.94
46.13,-7.94 46.11,-8.03
46.11,-8.03 45.79,-8.29
45.79,-8.29 45.37,-8.42
45.37,-8.42 44.73,-8.51
44.73,-8.51 44.68,-8.52
44.68,-8.52 44.04,-8.52
44.04,-8.52 43.53,-8.45
44.06,-8.25 44.46,-8.26
44.46,-8.26 45,-8.22
45,-8.22 45.59,-8.07
45.59,-8.07 45.7,-8.01
45.7,-8.01 45.89,-7.86
45.89,-7.86 45.92,-7.77
45.92,-7.77 45.92,-7.74
42.82,-7.74 42.83,-7.75
42.83,-7.75 42.83,-7.77
42.83,-7.77 42.83,-7.79
42.83,-7.79 42.9,-7.9
42.9,-7.9 42.99,-7.98
42.99,-7.98 43.01,-7.99
43.01,-7.99 43.04,-8.01
43.04,-8.01 43.29,-8.11
43.29,-8.11 43.61,-8.19
43.61,-8.19 43.65,-8.2
43.65,-8.2 43.69,-8.21
43.69,-8.21 44.06,-8.25
43.53,-8.45 43.18,-8.37
43.18,-8.37 42.9,-8.26
42.9,-8.26 42.71,-8.13
42.71,-8.13 42.63,-8.01
42.63,-8.01 42.62,-8
42.62,-8 42.62,-7.98
42.62,-7.98 42.61,-7.94
42.61,-7.94 42.65,-7.82
42.65,-7.82 42.66,-7.8
42.66,-7.8 42.68,-7.78
42.68,-7.78 42.83,-7.66
42.83,-7.28 42.97,-7.44
45.83,-7.39 45.92,-7.28
42.68,-6.92 42.83,-7.28
46.07,-6.9 45.92,-7.28
