24.49,-12.18 24.49,-17.57
24.49,-17.57 17.24,-17.57
34.94,-18.46 17.24,-18.46
34.94,-12.83 34.94,-18.46
17.24,-18.96 17.24,-17.07
16.07,-18.02 10.85,-18.02
17.24,-17.07 16.07,-18.02
16.07,-18.02 17.24,-18.96
19.54,-11.72 23.66,-12.24
25.66,-11.33 25.95,-11.37
24.98,-11.94 25.95,-11.08
19.55,-5.51 19.55,-5.68
20.79,-4.41 19.56,-5.5
26.07,-5.07 24.36,-4.86
21.21,-4.46 20.79,-4.41
25.19,-6.49 25.95,-5.83
19.54,-5.7 19.54,-11.72
19.8,-11.7 19.8,-11.47
24.98,-7.26 25.19,-6.49
24.98,-12.22 24.98,-7.26
24.58,-12.07 24.58,-12.3
26.05,-11.28 26.05,-5.1
19.68,-8.49 24.66,-9.11
19.67,-5.74 19.67,-8.48
19.67,-8.61 19.67,-11.4
19.67,-11.4 24.66,-12.03
24.98,-11.85 25.82,-11.07
23.81,-12.16 20.48,-11.74
23.81,-12.16 23.9,-12.23
23.9,-12.23 24.63,-12.32
24.63,-12.32 24.63,-12.35
19.7,-11.74 19.7,-11.7
19.7,-11.7 20.38,-11.78
20.46,-11.67 20.04,-11.62
24.52,-12.18 24.09,-12.13
26.07,-5.07 24.83,-6.17
24.83,-6.17 19.55,-5.52
24.84,-6.36 19.54,-5.7
25.2,-6.48 25.2,-6.04
26.05,-5.28 24.84,-6.36
24.83,-6.17 24.84,-12.35
24.98,-12.22 24.8,-12.38
25.95,-11.37 26.05,-11.28
25.95,-11.02 25.95,-11.37
25.95,-5.37 25.95,-11.02
25.82,-11.07 25.82,-5.94
24.66,-9.11 24.66,-6.38
19.67,-5.75 24.66,-6.38
24.66,-12.36 24.66,-9.24
19.67,-8.61 24.66,-9.24
19.8,-11.47 24.66,-12.08
20.38,-11.78 20.48,-11.74
20.04,-11.62 20.04,-11.5
20.46,-11.67 20.46,-11.56
24.09,-12.13 24.09,-12.01
24.52,-12.18 24.52,-12.07
19.69,-11.74 24.8,-12.38
23.15,-10.87 24.66,-11.06
23.15,-11.83 23.15,-10.87
23.2,-11.39 23.2,-11.77
23.51,-11.43 23.2,-11.39
23.51,-11.81 23.51,-11.43
23.2,-11.77 23.51,-11.81
24.11,-11.88 24.11,-11.51
23.55,-11.81 24.11,-11.88
23.55,-11.44 23.55,-11.81
24.11,-11.51 23.55,-11.44
24.5,-4.19 24.5,-4.08
21.12,-4.08 21.12,-4.19
24.36,-5.04 24.35,-4.58
21.26,-4.58 21.26,-5.04
21.16,-3.94 21.39,-3.77
21.39,-3.77 21.42,-3.75
21.42,-3.75 21.45,-3.74
21.45,-3.74 21.78,-3.63
21.78,-3.63 22.05,-3.57
22.05,-3.57 22.59,-3.52
22.59,-3.52 23.07,-3.52
23.07,-3.52 23.47,-3.56
23.47,-3.56 23.95,-3.66
23.95,-3.66 23.99,-3.67
23.99,-3.67 24.03,-3.69
24.03,-3.69 24.41,-3.89
24.41,-3.89 24.43,-3.91
24.43,-3.91 24.44,-3.93
24.44,-3.93 24.5,-4.05
24.5,-4.05 24.5,-4.08
24.5,-4.08 24.5,-4.1
24.5,-4.1 24.5,-4.12
24.5,-4.12 24.5,-4.13
24.5,-4.13 24.49,-4.15
24.49,-4.15 24.34,-4.32
24.34,-4.32 24.32,-4.33
24.32,-4.33 24.3,-4.35
24.3,-4.35 23.73,-4.55
23.73,-4.55 23.25,-4.62
23.25,-4.62 23,-4.64
23,-4.64 22.37,-4.62
22.37,-4.62 22.32,-4.62
22.32,-4.62 21.98,-4.57
21.98,-4.57 21.65,-4.49
21.65,-4.49 21.38,-4.38
21.38,-4.38 21.35,-4.37
21.35,-4.37 21.2,-4.25
21.2,-4.25 21.19,-4.24
21.19,-4.24 21.17,-4.22
21.17,-4.22 21.16,-4.2
21.16,-4.2 21.12,-4.12
21.12,-4.12 21.12,-4.1
21.12,-4.1 21.12,-4.08
21.12,-4.08 21.12,-4.07
21.12,-4.07 21.13,-4.01
21.13,-4.01 21.13,-4
21.13,-4 21.14,-3.98
21.14,-3.98 21.15,-3.96
21.15,-3.96 21.16,-3.94
21.12,-4.19 21.12,-4.2
21.12,-4.2 21.12,-4.21
24.26,-4.68 23.97,-4.82
23.97,-4.82 23.94,-4.83
23.94,-4.83 23.62,-4.92
23.62,-4.92 23.2,-4.98
23.2,-4.98 22.85,-4.99
22.85,-4.99 22.8,-4.99
22.8,-4.99 22.75,-4.99
22.75,-4.99 22.69,-4.99
22.69,-4.99 22.54,-4.98
22.54,-4.98 22.07,-4.93
22.07,-4.93 21.74,-4.85
21.74,-4.85 21.4,-4.74
24.36,-4.96 24.47,-5.04
24.47,-5.04 24.54,-5.13
24.54,-5.13 24.57,-5.23
24.57,-5.23 24.55,-5.32
24.55,-5.32 24.23,-5.58
24.23,-5.58 23.8,-5.72
23.8,-5.72 23.17,-5.81
23.17,-5.81 23.11,-5.81
23.11,-5.81 22.47,-5.81
22.47,-5.81 21.96,-5.75
22.5,-5.55 22.9,-5.56
22.9,-5.56 23.43,-5.52
23.43,-5.52 24.02,-5.36
24.02,-5.36 24.14,-5.31
24.14,-5.31 24.32,-5.15
24.32,-5.15 24.36,-5.07
24.36,-5.07 24.36,-5.04
21.26,-5.04 21.26,-5.05
21.26,-5.05 21.26,-5.07
21.26,-5.07 21.27,-5.08
21.27,-5.08 21.33,-5.2
21.33,-5.2 21.43,-5.27
21.43,-5.27 21.45,-5.29
21.45,-5.29 21.47,-5.3
21.47,-5.3 21.72,-5.41
21.72,-5.41 22.04,-5.49
22.04,-5.49 22.08,-5.5
22.08,-5.5 22.13,-5.51
22.13,-5.51 22.5,-5.55
21.96,-5.75 21.62,-5.67
21.62,-5.67 21.34,-5.56
21.34,-5.56 21.15,-5.43
21.15,-5.43 21.06,-5.31
21.06,-5.31 21.06,-5.29
21.06,-5.29 21.05,-5.27
21.05,-5.27 21.05,-5.24
21.05,-5.24 21.09,-5.11
21.09,-5.11 21.1,-5.1
21.1,-5.1 21.11,-5.08
21.11,-5.08 21.26,-4.96
21.26,-4.58 21.4,-4.74
24.26,-4.68 24.36,-4.58
21.12,-4.21 21.26,-4.58
24.5,-4.19 24.36,-4.58
30,-12.36 34.12,-12.88
36.12,-11.98 36.41,-12.01
35.43,-12.58 36.4,-11.72
30,-6.16 30,-6.32
31.25,-5.05 30.01,-6.14
36.52,-5.72 34.82,-5.5
31.66,-5.1 31.25,-5.05
35.65,-7.13 36.4,-6.47
30,-6.34 30,-12.36
30.25,-12.34 30.25,-12.11
35.44,-7.91 35.65,-7.13
35.43,-12.87 35.44,-7.91
35.04,-12.72 35.04,-12.94
36.51,-11.92 36.5,-5.74
30.13,-9.13 35.11,-9.75
30.12,-6.39 30.12,-9.12
30.12,-9.25 30.12,-12.04
30.12,-12.04 35.11,-12.67
35.43,-12.49 36.27,-11.71
34.27,-12.8 30.93,-12.38
34.27,-12.8 34.36,-12.87
34.36,-12.87 35.09,-12.96
35.09,-12.96 35.09,-12.99
30.15,-12.38 30.15,-12.34
30.15,-12.34 30.84,-12.43
30.92,-12.32 30.49,-12.26
34.98,-12.83 34.55,-12.77
36.52,-5.72 35.29,-6.81
35.29,-6.81 30,-6.16
35.29,-7 30,-6.34
35.65,-7.12 35.65,-6.68
36.5,-5.93 35.29,-7
35.29,-6.81 35.29,-12.99
35.43,-12.87 35.26,-13.02
36.41,-12.01 36.51,-11.92
36.41,-11.66 36.41,-12.01
36.41,-6.01 36.41,-11.66
36.27,-11.71 36.27,-6.58
35.11,-9.75 35.11,-7.02
30.13,-6.39 35.11,-7.02
35.11,-13.01 35.11,-9.88
30.13,-9.26 35.11,-9.88
30.25,-12.11 35.11,-12.72
30.84,-12.43 30.93,-12.38
30.49,-12.26 30.49,-12.15
30.92,-12.32 30.92,-12.2
34.55,-12.77 34.55,-12.66
34.98,-12.83 34.98,-12.71
30.15,-12.38 35.26,-13.02
33.6,-11.52 35.11,-11.71
33.6,-12.47 33.6,-11.52
33.66,-12.03 33.66,-12.41
33.96,-12.07 33.66,-12.03
33.96,-12.45 33.96,-12.07
33.66,-12.41 33.96,-12.45
34.56,-12.52 34.56,-12.15
34.01,-12.45 34.56,-12.52
34.01,-12.08 34.01,-12.45
34.56,-12.15 34.01,-12.08
34.96,-4.83 34.96,-4.72
31.57,-4.72 31.57,-4.83
34.81,-5.68 34.81,-5.22
31.72,-5.22 31.72,-5.68
31.62,-4.59 31.85,-4.41
31.85,-4.41 31.88,-4.4
31.88,-4.4 31.91,-4.38
31.91,-4.38 32.24,-4.27
32.24,-4.27 32.5,-4.22
32.5,-4.22 33.04,-4.16
33.04,-4.16 33.52,-4.16
33.52,-4.16 33.92,-4.2
33.92,-4.2 34.41,-4.3
34.41,-4.3 34.45,-4.31
34.45,-4.31 34.48,-4.33
34.48,-4.33 34.86,-4.53
34.86,-4.53 34.88,-4.55
34.88,-4.55 34.9,-4.57
34.9,-4.57 34.96,-4.69
34.96,-4.69 34.96,-4.72
34.96,-4.72 34.96,-4.74
34.96,-4.74 34.95,-4.76
34.95,-4.76 34.95,-4.77
34.95,-4.77 34.94,-4.79
34.94,-4.79 34.8,-4.96
34.8,-4.96 34.78,-4.98
34.78,-4.98 34.75,-4.99
34.75,-4.99 34.19,-5.19
34.19,-5.19 33.71,-5.26
33.71,-5.26 33.45,-5.28
33.45,-5.28 32.83,-5.27
32.83,-5.27 32.78,-5.26
32.78,-5.26 32.44,-5.21
32.44,-5.21 32.1,-5.13
32.1,-5.13 31.84,-5.02
31.84,-5.02 31.81,-5.01
31.81,-5.01 31.66,-4.9
31.66,-4.9 31.64,-4.88
31.64,-4.88 31.63,-4.86
31.63,-4.86 31.61,-4.85
31.61,-4.85 31.57,-4.76
31.57,-4.76 31.57,-4.74
31.57,-4.74 31.57,-4.73
31.57,-4.73 31.57,-4.71
31.57,-4.71 31.58,-4.66
31.58,-4.66 31.59,-4.64
31.59,-4.64 31.6,-4.62
31.6,-4.62 31.61,-4.6
31.61,-4.6 31.62,-4.59
31.57,-4.83 31.57,-4.84
31.57,-4.84 31.57,-4.85
34.72,-5.32 34.43,-5.46
34.43,-5.46 34.39,-5.48
34.39,-5.48 34.07,-5.56
34.07,-5.56 33.65,-5.62
33.65,-5.62 33.3,-5.63
33.3,-5.63 33.25,-5.63
33.25,-5.63 33.2,-5.63
33.2,-5.63 33.15,-5.63
33.15,-5.63 33,-5.63
33,-5.63 32.52,-5.57
32.52,-5.57 32.19,-5.49
32.19,-5.49 31.86,-5.38
34.81,-5.6 34.92,-5.68
34.92,-5.68 34.99,-5.77
34.99,-5.77 35.02,-5.87
35.02,-5.87 35,-5.96
35,-5.96 34.68,-6.22
34.68,-6.22 34.26,-6.36
34.26,-6.36 33.62,-6.45
33.62,-6.45 33.57,-6.45
33.57,-6.45 32.93,-6.45
32.93,-6.45 32.42,-6.39
32.95,-6.19 33.35,-6.2
33.35,-6.2 33.89,-6.16
33.89,-6.16 34.48,-6
34.48,-6 34.59,-5.95
34.59,-5.95 34.78,-5.79
34.78,-5.79 34.81,-5.71
34.81,-5.71 34.81,-5.68
31.72,-5.68 31.72,-5.69
31.72,-5.69 31.72,-5.71
31.72,-5.71 31.72,-5.72
31.72,-5.72 31.79,-5.84
31.79,-5.84 31.88,-5.92
31.88,-5.92 31.9,-5.93
31.9,-5.93 31.93,-5.95
31.93,-5.95 32.18,-6.05
32.18,-6.05 32.5,-6.13
32.5,-6.13 32.54,-6.14
32.54,-6.14 32.58,-6.15
32.58,-6.15 32.95,-6.19
32.42,-6.39 32.07,-6.31
32.07,-6.31 31.8,-6.2
31.8,-6.2 31.61,-6.07
31.61,-6.07 31.52,-5.95
31.52,-5.95 31.51,-5.93
31.51,-5.93 31.51,-5.91
31.51,-5.91 31.5,-5.88
31.5,-5.88 31.54,-5.76
31.54,-5.76 31.56,-5.74
31.56,-5.74 31.57,-5.72
31.57,-5.72 31.72,-5.6
31.72,-5.22 31.86,-5.38
34.72,-5.32 34.81,-5.22
31.57,-4.85 31.72,-5.22
34.96,-4.83 34.81,-5.22
