6094.61,-3590.55 6108.88,-3598.79
5456.41,-3221.07 6094.61,-3590.55
5468.37,-3185.4 6094.61,-3546.18
5456.41,-3221.07 5456.41,-2480.34
5468.37,-2487.24 5468.37,-3227.07
6423.29,-3384.68 6449.07,-3399.56
6070.3,-2662.21 6508.4,-2409.28
6094.61,-3590.55 6094.61,-2821.13
6157.53,-3570.7 6157.53,-3538.12
6215.17,-2862.99 6437.69,-2734.52
5429.76,-2464.96 6070.3,-2835.16
6215.17,-2986.44 6437.69,-2857.97
6215.17,-3109.9 6437.69,-2981.43
6449.57,-3402.09 6449.57,-3369.51
6215.17,-3233.35 6437.69,-3104.88
6482.34,-3383.17 6482.34,-2597.27
6215.17,-3356.81 6437.69,-3228.34
6160.5,-3511.83 6437.69,-3351.79
6449.57,-3369.51 6157.53,-3538.12
6108.88,-3598.79 6157.53,-3570.7
6449.57,-3402.09 6482.34,-3383.17
6070.3,-2835.16 6508.4,-2582.23
5468.37,-2799.7 6094.61,-3161.09
5429.76,-2292.01 6070.3,-2662.21
6070.3,-2662.21 6070.3,-2835.16
6508.4,-2409.28 6508.4,-2582.23
5429.76,-2292.01 5867.86,-2039.07
5867.86,-2039.07 6508.4,-2408.71
5429.76,-2292.01 5429.76,-2464.96
6215.17,-3480.27 6215.17,-2777.09
6301.17,-3430.61 6301.17,-2739.09
6388.17,-3380.38 6388.17,-2704.18
6449.57,-3369.51 6449.57,-2616.19
5532.27,-2262.66 6110.26,-2593.54
5856.28,-2489.78 6209.11,-2286.08
5669.46,-2178.65 6227.07,-2500.43
5811.69,-2096.37 6370.13,-2418.63
5767.19,-2427.93 6120.02,-2224.22
5676.28,-2364.28 6029.11,-2160.58
5576.19,-2304.93 5929.02,-2101.22
5966.76,-2553.04 6319.59,-2349.33
7636.11,-3708.55 7650.38,-3716.79
6997.91,-3339.07 7636.11,-3708.55
7009.87,-3303.4 7636.11,-3664.18
6997.91,-3339.07 6997.91,-2598.34
7009.87,-2605.24 7009.87,-3345.07
7964.79,-3502.68 7990.57,-3517.56
7611.8,-2780.21 8049.9,-2527.28
7636.11,-3708.55 7636.11,-2939.13
7699.03,-3688.7 7699.03,-3656.12
7756.67,-2980.99 7979.19,-2852.52
6971.26,-2582.96 7611.8,-2953.16
7756.67,-3104.44 7979.19,-2975.97
7756.67,-3227.9 7979.19,-3099.43
7991.07,-3520.09 7991.07,-3487.51
7756.67,-3351.35 7979.19,-3222.88
8023.84,-3501.17 8023.84,-2715.27
7756.67,-3474.81 7979.19,-3346.34
7702,-3629.83 7979.19,-3469.79
7991.07,-3487.51 7699.03,-3656.12
7650.38,-3716.79 7699.03,-3688.7
7991.07,-3520.09 8023.84,-3501.17
7611.8,-2953.16 8049.9,-2700.23
7009.87,-2917.7 7636.11,-3279.09
6971.26,-2410.01 7611.8,-2780.21
7611.8,-2780.21 7611.8,-2953.16
8049.9,-2527.28 8049.9,-2700.23
6971.26,-2410.01 7409.36,-2157.07
7409.36,-2157.07 8049.9,-2526.71
6971.26,-2410.01 6971.26,-2582.96
7756.67,-3598.27 7756.67,-2895.09
7842.67,-3548.61 7842.67,-2857.09
7929.67,-3498.38 7929.67,-2822.18
7991.07,-3487.51 7991.07,-2734.19
7073.77,-2380.66 7651.76,-2711.54
7397.78,-2607.78 7750.61,-2404.08
7210.96,-2296.65 7768.57,-2618.43
7353.19,-2214.37 7911.63,-2536.63
7308.69,-2545.93 7661.52,-2342.22
7217.78,-2482.28 7570.61,-2278.58
7117.69,-2422.93 7470.52,-2219.22
7508.26,-2671.04 7861.09,-2467.33
4499.32,-5123.5 4499.32,-4940.53
4499.32,-4940.53 4386.44,-5032.01
4386.44,-5032.01 4499.32,-5123.5
4499.32,-5092.01 7581.5,-5092.01
3299.26,-5032.01 4386.44,-5032.01
3299.26,-5032.01 3299.26,-5832.01
4499.32,-4972.01 6038.11,-4972.01
6038.11,-3572.01 6038.11,-4972.01
7581.5,-3689.01 7581.5,-5092.01
