19.49,-10.92 19.49,-15.77
19.49,-15.77 12.24,-15.77
30.08,-16.66 12.24,-16.66
30.08,-10.92 30.08,-16.66
12.24,-17.16 12.24,-15.27
11.07,-16.21 7.38,-16.21
12.24,-15.27 11.07,-16.21
11.07,-16.21 12.24,-17.16
14.08,-10.37 20.39,-11.16
14.68,-2.63 14.68,-2.74
14.73,-2.49 14.96,-2.32
14.82,-2.55 15.02,-2.39
14.91,-2.59 15.06,-2.49
14.96,-2.32 14.99,-2.3
14.99,-2.3 15.02,-2.29
15.06,-2.49 15.09,-2.47
15.02,-2.29 15.35,-2.18
15.02,-2.39 15.37,-2.27
15.09,-2.47 15.4,-2.37
15.35,-2.18 15.61,-2.12
15.37,-2.27 15.63,-2.22
15.4,-2.37 15.64,-2.32
15.61,-2.12 16.15,-2.07
15.63,-2.22 16.16,-2.17
15.64,-2.32 16.16,-2.27
16.15,-2.07 16.63,-2.07
16.16,-2.17 16.63,-2.17
16.16,-2.27 16.62,-2.27
16.63,-2.07 17.04,-2.11
16.63,-2.17 17.02,-2.2
16.62,-2.27 17.01,-2.3
17.04,-2.11 17.52,-2.21
17.02,-2.2 17.5,-2.31
17.01,-2.3 17.47,-2.4
17.52,-2.21 17.56,-2.22
17.56,-2.22 17.59,-2.23
17.5,-2.31 17.55,-2.32
17.47,-2.4 17.51,-2.42
17.59,-2.23 17.94,-2.47
17.55,-2.32 17.88,-2.54
17.51,-2.42 17.85,-2.67
17.94,-2.47 17.97,-2.5
17.97,-2.5 17.99,-2.52
17.99,-2.52 18.05,-2.59
18.05,-2.59 18.07,-2.62
18.07,-2.62 18.07,-2.65
18.07,-2.65 18.07,-2.66
18.07,-2.66 18.07,-2.66
17.78,-2.92 17.3,-3.1
17.3,-3.1 16.82,-3.17
16.82,-3.17 16.68,-3.18
15.08,-2.98 14.95,-2.93
15.08,-2.98 14.94,-2.85
15.08,-2.98 14.97,-2.81
14.95,-2.93 14.92,-2.91
14.92,-2.91 14.77,-2.8
14.94,-2.85 14.82,-2.72
14.97,-2.81 14.89,-2.65
14.77,-2.8 14.75,-2.79
14.75,-2.79 14.74,-2.77
14.74,-2.77 14.73,-2.75
14.73,-2.75 14.69,-2.67
14.82,-2.72 14.81,-2.63
14.69,-2.67 14.68,-2.65
14.68,-2.65 14.68,-2.63
14.68,-2.63 14.68,-2.61
14.68,-2.61 14.69,-2.56
14.81,-2.63 14.82,-2.55
14.89,-2.65 14.91,-2.59
14.69,-2.56 14.7,-2.54
14.7,-2.54 14.71,-2.53
14.71,-2.53 14.72,-2.51
14.72,-2.51 14.73,-2.49
14.68,-2.74 14.68,-2.74
14.68,-2.74 14.68,-2.76
14.68,-2.76 14.76,-2.94
17.79,-2.99 17.79,-3.1
18.09,-2.67 18.12,-2.65
18.12,-2.65 18.45,-2.54
18.15,-2.75 18.48,-2.64
18.2,-2.84 18.5,-2.73
18.45,-2.54 18.72,-2.49
18.48,-2.64 18.73,-2.58
18.5,-2.73 18.75,-2.68
18.72,-2.49 19.26,-2.43
18.73,-2.58 19.26,-2.53
18.75,-2.68 19.27,-2.63
19.26,-2.43 19.74,-2.43
19.26,-2.53 19.73,-2.53
19.27,-2.63 19.73,-2.63
19.74,-2.43 20.14,-2.47
19.73,-2.53 20.13,-2.57
19.73,-2.63 20.11,-2.67
20.14,-2.47 20.62,-2.57
20.13,-2.57 20.6,-2.67
20.11,-2.67 20.58,-2.77
20.62,-2.57 20.66,-2.59
20.66,-2.59 20.7,-2.6
20.63,-2.68 20.66,-2.69
20.6,-2.67 20.66,-2.69
20.58,-2.77 20.62,-2.78
20.7,-2.6 20.95,-2.72
20.66,-2.69 21,-2.9
20.62,-2.78 20.93,-2.95
20.95,-2.72 21.08,-2.83
21.08,-2.83 21.08,-2.88
21.08,-2.88 20.98,-3.11
21,-2.9 20.98,-3.11
20.93,-2.95 20.98,-3.11
20.71,-3.35 20.4,-3.46
20.4,-3.46 19.92,-3.53
19.92,-3.53 19.67,-3.55
18.34,-3.38 18.05,-3.29
18.34,-3.38 18.09,-3.2
18.34,-3.38 18.1,-3.14
18.05,-3.29 18.02,-3.28
18.02,-3.28 17.87,-3.17
18.09,-3.2 17.92,-3.08
18.1,-3.14 18,-3.02
17.87,-3.17 17.86,-3.15
17.86,-3.15 17.84,-3.13
17.84,-3.13 17.83,-3.12
17.83,-3.12 17.79,-3.03
17.92,-3.08 17.89,-3
18,-3.02 18,-3.02
17.79,-3.03 17.79,-3.01
17.79,-3.01 17.79,-3
17.79,-3 17.79,-2.98
17.79,-2.98 17.8,-2.93
17.89,-3 17.89,-2.99
17.79,-3.1 17.79,-3.11
17.79,-3.11 17.79,-3.12
17.79,-3.12 17.87,-3.33
18.07,-2.66 17.78,-2.92
17.94,-2.69 17.8,-2.91
17.85,-2.67 17.8,-2.91
18.09,-2.67 17.8,-2.93
18.15,-2.75 17.89,-2.99
18.2,-2.84 18,-3.02
18.07,-2.66 18.07,-2.69
14.08,-10.37 18.2,-10.88
14.08,-2.85 14.08,-10.37
14.33,-10.3 14.33,-10.06
20.21,-10.8 20.21,-11.04
14.08,-7.12 20.42,-7.92
14.07,-7.15 20.42,-7.95
14.08,-10.03 20.43,-10.83
20.26,-10.81 20.26,-11.14
14.23,-10.39 14.23,-10.05
14.33,-10.3 20.21,-11.04
16.01,-10.39 15.09,-10.27
19.13,-10.78 18.21,-10.66
20.42,-5.15 14.08,-4.34
14.08,-4.38 20.42,-5.18
18.07,-4.85 18.07,-4.85
18.07,-4.85 18.07,-4.85
16.01,-10.39 16.01,-10.27
18.21,-10.66 18.21,-10.55
15.29,-1.78 14.08,-2.85
15.3,-1.81 14.11,-2.86
20.43,-3.64 14.08,-2.86
21.64,-2.57 15.29,-1.78
21.57,-2.59 15.3,-1.81
20.43,-11.17 20.43,-10.83
15.09,-10.16 15.09,-10.27
19.13,-10.66 19.13,-10.78
14.23,-10.39 14.33,-10.3
20.26,-11.14 20.21,-11.04
21.5,-2.65 15.3,-1.88
14.79,-9.07 14.79,-7.24
14.79,-7.21 14.79,-4.47
14.79,-4.43 14.79,-3.84
20.57,-10.72 21.54,-9.86
20.78,-5.27 21.54,-4.6
20.78,-6.6 21.54,-5.93
20.78,-7.94 21.54,-7.27
20.78,-9.27 21.54,-8.6
21.64,-10.06 21.63,-2.57
20.78,-10.4 21.41,-9.85
20.42,-3.65 20.42,-5.14
20.42,-5.18 20.42,-7.92
20.42,-7.95 20.43,-10.83
20.45,-3.62 20.46,-11.1
20.57,-11 20.57,-10.72
21.64,-10.06 20.39,-11.16
21.54,-9.8 21.54,-10.15
21.54,-4.6 21.54,-9.8
21.41,-9.85 21.41,-4.72
21.21,-10.02 21.21,-4.89
21.01,-10.2 21.01,-5.07
21.64,-2.57 20.43,-3.64
21.57,-2.59 20.39,-3.64
20.78,-5.27 20.78,-10.4
20.57,-10.72 20.57,-5.74
21.54,-4.6 21.54,-3.1
21.45,-3.08 21.06,-3.68
20.46,-10.8 20.43,-10.83
19.62,-9.7 19.62,-7.85
19.62,-7.82 19.62,-5.08
19.62,-5.04 19.62,-4.47
20.68,-10.68 20.68,-10.84
20.68,-10.68 20.99,-10.41
20.99,-10.41 20.99,-10.57
20.99,-10.57 20.68,-10.84
17.88,-2.54 17.94,-2.69
24.66,-10.36 30.98,-11.15
25.27,-2.61 25.27,-2.73
25.31,-2.48 25.54,-2.31
25.41,-2.54 25.61,-2.38
25.49,-2.58 25.64,-2.48
25.54,-2.31 25.57,-2.29
25.57,-2.29 25.6,-2.28
25.64,-2.48 25.67,-2.46
25.6,-2.28 25.93,-2.17
25.61,-2.38 25.96,-2.26
25.67,-2.46 25.98,-2.36
25.93,-2.17 26.2,-2.11
25.96,-2.26 26.21,-2.21
25.98,-2.36 26.23,-2.31
26.2,-2.11 26.74,-2.05
26.21,-2.21 26.74,-2.15
26.23,-2.31 26.75,-2.25
26.74,-2.05 27.22,-2.06
26.74,-2.15 27.21,-2.16
26.75,-2.25 27.21,-2.26
27.22,-2.06 27.62,-2.09
27.21,-2.16 27.6,-2.19
27.21,-2.26 27.59,-2.29
27.62,-2.09 28.1,-2.2
27.6,-2.19 28.08,-2.3
27.59,-2.29 28.06,-2.39
28.1,-2.2 28.14,-2.21
28.14,-2.21 28.18,-2.22
28.08,-2.3 28.14,-2.31
28.06,-2.39 28.1,-2.41
28.18,-2.22 28.53,-2.46
28.14,-2.31 28.46,-2.53
28.1,-2.41 28.44,-2.66
28.53,-2.46 28.55,-2.48
28.55,-2.48 28.57,-2.51
28.57,-2.51 28.63,-2.58
28.63,-2.58 28.65,-2.61
28.65,-2.61 28.65,-2.64
28.65,-2.64 28.65,-2.65
28.65,-2.65 28.65,-2.65
28.37,-2.91 27.88,-3.09
27.88,-3.09 27.4,-3.16
27.4,-3.16 27.26,-3.17
25.66,-2.97 25.53,-2.92
25.66,-2.97 25.53,-2.84
25.66,-2.97 25.56,-2.8
25.53,-2.92 25.5,-2.9
25.5,-2.9 25.35,-2.79
25.53,-2.84 25.4,-2.71
25.56,-2.8 25.47,-2.64
25.35,-2.79 25.34,-2.78
25.34,-2.78 25.32,-2.76
25.32,-2.76 25.31,-2.74
25.31,-2.74 25.27,-2.66
25.4,-2.71 25.39,-2.62
25.27,-2.66 25.27,-2.64
25.27,-2.64 25.27,-2.62
25.27,-2.62 25.27,-2.6
25.27,-2.6 25.28,-2.55
25.39,-2.62 25.41,-2.54
25.47,-2.64 25.49,-2.58
25.28,-2.55 25.28,-2.53
25.28,-2.53 25.29,-2.52
25.29,-2.52 25.3,-2.5
25.3,-2.5 25.31,-2.48
25.27,-2.73 25.27,-2.73
25.27,-2.73 25.27,-2.75
25.27,-2.75 25.34,-2.93
28.37,-2.98 28.37,-3.09
28.67,-2.66 28.71,-2.64
28.71,-2.64 29.04,-2.53
28.73,-2.74 29.06,-2.63
28.78,-2.83 29.09,-2.72
29.04,-2.53 29.3,-2.48
29.06,-2.63 29.32,-2.57
29.09,-2.72 29.33,-2.67
29.3,-2.48 29.84,-2.42
29.32,-2.57 29.85,-2.52
29.33,-2.67 29.85,-2.62
29.84,-2.42 30.32,-2.42
29.85,-2.52 30.32,-2.52
29.85,-2.62 30.31,-2.62
30.32,-2.42 30.72,-2.46
30.32,-2.52 30.71,-2.56
30.31,-2.62 30.69,-2.66
30.72,-2.46 31.21,-2.56
30.71,-2.56 31.19,-2.66
30.69,-2.66 31.17,-2.76
31.21,-2.56 31.25,-2.57
31.25,-2.57 31.28,-2.59
31.21,-2.67 31.24,-2.68
31.19,-2.66 31.24,-2.68
31.17,-2.76 31.2,-2.77
31.28,-2.59 31.54,-2.71
31.24,-2.68 31.58,-2.89
31.2,-2.77 31.51,-2.94
31.54,-2.71 31.66,-2.82
31.66,-2.82 31.66,-2.87
31.66,-2.87 31.56,-3.1
31.58,-2.89 31.56,-3.1
31.51,-2.94 31.56,-3.1
31.29,-3.34 30.99,-3.45
30.99,-3.45 30.51,-3.52
30.51,-3.52 30.25,-3.54
28.92,-3.37 28.64,-3.28
28.92,-3.37 28.67,-3.19
28.92,-3.37 28.68,-3.13
28.64,-3.28 28.61,-3.27
28.61,-3.27 28.46,-3.16
28.67,-3.19 28.51,-3.07
28.68,-3.13 28.59,-3.01
28.46,-3.16 28.44,-3.14
28.44,-3.14 28.43,-3.12
28.43,-3.12 28.41,-3.11
28.41,-3.11 28.37,-3.02
28.51,-3.07 28.47,-2.99
28.59,-3.01 28.59,-3.01
28.37,-3.02 28.37,-3
28.37,-3 28.37,-2.99
28.37,-2.99 28.37,-2.97
28.37,-2.97 28.38,-2.92
28.47,-2.99 28.47,-2.98
28.37,-3.09 28.37,-3.1
28.37,-3.1 28.37,-3.11
28.37,-3.11 28.45,-3.32
28.65,-2.65 28.37,-2.91
28.53,-2.68 28.38,-2.9
28.44,-2.66 28.38,-2.9
28.67,-2.66 28.38,-2.92
28.73,-2.74 28.47,-2.98
28.78,-2.83 28.59,-3.01
28.65,-2.65 28.65,-2.68
24.66,-10.36 28.78,-10.87
24.66,-2.84 24.66,-10.36
24.91,-10.29 24.91,-10.05
30.79,-10.79 30.79,-11.03
24.66,-7.11 31.01,-7.91
24.66,-7.14 31.01,-7.94
24.66,-10.02 31.01,-10.82
30.84,-10.8 30.84,-11.13
24.82,-10.38 24.82,-10.04
24.91,-10.29 30.79,-11.03
26.59,-10.38 25.68,-10.26
29.71,-10.77 28.79,-10.65
31,-5.14 24.66,-4.33
24.66,-4.37 31,-5.17
28.66,-4.84 28.66,-4.84
28.66,-4.84 28.66,-4.84
26.59,-10.38 26.59,-10.26
28.79,-10.65 28.79,-10.54
25.87,-1.77 24.66,-2.84
25.88,-1.8 24.7,-2.85
31.01,-3.63 24.66,-2.85
32.22,-2.56 25.87,-1.77
32.15,-2.58 25.88,-1.8
31.01,-11.16 31.01,-10.82
25.68,-10.14 25.68,-10.26
29.71,-10.65 29.71,-10.77
24.82,-10.38 24.91,-10.29
30.84,-11.13 30.79,-11.03
32.08,-2.64 25.89,-1.87
25.38,-9.06 25.38,-7.23
25.38,-7.2 25.38,-4.46
25.38,-4.42 25.38,-3.83
31.15,-10.71 32.13,-9.85
31.37,-5.26 32.13,-4.59
31.37,-6.59 32.13,-5.92
31.37,-7.93 32.13,-7.26
31.37,-9.26 32.13,-8.59
32.23,-10.05 32.22,-2.56
31.37,-10.39 31.99,-9.84
31,-3.64 31,-5.13
31,-5.17 31.01,-7.91
31.01,-7.94 31.01,-10.82
31.03,-3.61 31.04,-11.09
31.15,-10.99 31.15,-10.71
32.23,-10.05 30.98,-11.15
32.13,-9.79 32.13,-10.14
32.13,-4.59 32.13,-9.79
31.99,-9.84 31.99,-4.71
31.79,-10.01 31.79,-4.88
31.59,-10.19 31.59,-5.06
32.22,-2.56 31.01,-3.63
32.15,-2.58 30.97,-3.63
31.37,-5.26 31.37,-10.39
31.15,-10.71 31.15,-5.73
32.13,-4.59 32.13,-3.09
32.03,-3.07 31.65,-3.66
31.04,-10.79 31.01,-10.82
30.2,-9.69 30.2,-7.84
30.2,-7.81 30.2,-5.06
30.2,-5.03 30.2,-4.46
31.26,-10.67 31.26,-10.83
31.26,-10.67 31.57,-10.4
31.57,-10.4 31.57,-10.56
31.57,-10.56 31.26,-10.83
28.46,-2.53 28.53,-2.68
