21.09,-13.3 21.09,-19.26
21.09,-19.26 13.84,-19.26
24.26,-20.15 13.84,-20.15
31.68,-13.3 31.68,-19.65
13.84,-20.65 13.84,-18.76
12.67,-19.7 9.65,-19.7
13.84,-18.76 12.67,-19.7
12.67,-19.7 13.84,-20.65
42.25,-13.3 42.25,-20.65
25.42,-21.09 25.42,-19.2
25.42,-19.2 24.25,-20.14
24.25,-20.14 25.42,-21.09
25.42,-19.65 31.68,-19.65
25.42,-20.65 42.25,-20.65
23.24,-12.45 23.24,-6.26
19.2,-5.03 19.21,-4.94
15.82,-4.94 15.82,-5.05
19.06,-5.66 19.06,-5.44
15.87,-4.8 16.1,-4.63
15.93,-4.88 16.15,-4.71
16.02,-4.94 16.2,-4.8
16.1,-4.63 16.12,-4.61
16.15,-4.71 16.17,-4.7
16.12,-4.61 16.16,-4.6
16.17,-4.7 16.19,-4.69
16.2,-4.8 16.23,-4.78
16.16,-4.6 16.49,-4.49
16.19,-4.69 16.51,-4.58
16.23,-4.78 16.54,-4.68
16.49,-4.49 16.75,-4.43
16.51,-4.58 16.77,-4.53
16.54,-4.68 16.78,-4.63
16.75,-4.43 17.29,-4.38
16.77,-4.53 17.3,-4.48
16.78,-4.63 17.3,-4.58
17.29,-4.38 17.77,-4.38
17.3,-4.48 17.77,-4.48
17.3,-4.58 17.76,-4.58
17.77,-4.38 18.17,-4.42
17.77,-4.48 18.16,-4.51
17.76,-4.58 18.14,-4.61
18.17,-4.42 18.66,-4.52
18.16,-4.51 18.63,-4.62
18.14,-4.61 18.64,-4.72
18.66,-4.52 18.7,-4.53
18.63,-4.62 18.66,-4.63
18.7,-4.53 18.73,-4.54
18.66,-4.63 18.69,-4.63
18.73,-4.54 19.11,-4.75
18.69,-4.63 19.06,-4.83
18.69,-4.63 19.06,-4.83
18.64,-4.72 19.01,-4.92
19.11,-4.75 19.13,-4.77
19.13,-4.77 19.15,-4.78
19.15,-4.78 19.21,-4.9
19.06,-4.83 19.12,-4.95
19.21,-4.9 19.21,-4.94
19.21,-4.94 19.21,-4.96
19.21,-4.96 19.2,-4.97
19.2,-4.97 19.2,-4.99
19.2,-4.99 19.19,-5.01
19.19,-5.01 19.05,-5.17
19.12,-4.95 19.08,-5.13
19.01,-4.92 19.08,-5.13
19.19,-5.01 19.05,-5.17
19.05,-5.17 19.03,-5.19
19.03,-5.19 19,-5.21
19,-5.21 18.44,-5.41
18.44,-5.41 17.96,-5.48
17.96,-5.48 17.7,-5.5
16.17,-5.31 15.91,-5.11
16.17,-5.31 15.97,-5.04
16.17,-5.31 16.02,-4.95
15.91,-5.11 15.89,-5.1
15.97,-5.04 15.95,-5.02
15.89,-5.1 15.88,-5.08
15.88,-5.08 15.86,-5.06
15.86,-5.06 15.82,-4.98
15.95,-5.02 15.92,-4.94
15.82,-4.98 15.82,-4.96
15.82,-4.96 15.82,-4.94
15.82,-4.94 15.82,-4.92
15.82,-4.92 15.83,-4.87
15.92,-4.94 15.93,-4.88
16.02,-4.95 16.02,-4.94
15.83,-4.87 15.84,-4.85
15.84,-4.85 15.85,-4.84
15.85,-4.84 15.86,-4.82
15.86,-4.82 15.87,-4.8
15.82,-5.05 15.82,-5.05
15.82,-5.05 15.82,-5.07
18.97,-5.54 18.78,-5.63
18.97,-5.54 19.06,-5.44
15.82,-5.07 15.9,-5.27
19.13,-5.25 19.06,-5.44
19.19,-5.36 19.19,-5.47
19.24,-5.23 19.46,-5.05
19.46,-5.05 19.49,-5.04
19.49,-5.04 19.52,-5.02
19.52,-5.02 19.85,-4.91
19.85,-4.91 20.12,-4.85
20.12,-4.85 20.66,-4.8
20.66,-4.8 21.14,-4.8
21.14,-4.8 21.54,-4.84
21.54,-4.84 22.03,-4.94
22.03,-4.94 22.06,-4.95
22.06,-4.95 22.1,-4.97
22.1,-4.97 22.48,-5.17
22.48,-5.17 22.5,-5.19
22.5,-5.19 22.51,-5.21
22.51,-5.21 22.57,-5.33
22.57,-5.33 22.58,-5.36
22.58,-5.36 22.58,-5.38
22.58,-5.38 22.57,-5.4
22.57,-5.4 22.57,-5.41
22.57,-5.41 22.56,-5.43
22.56,-5.43 22.42,-5.6
22.42,-5.6 22.39,-5.61
22.39,-5.61 22.37,-5.63
22.37,-5.63 21.8,-5.83
21.8,-5.83 21.33,-5.9
21.33,-5.9 21.11,-5.92
19.64,-5.73 19.45,-5.66
19.45,-5.66 19.43,-5.65
19.43,-5.65 19.27,-5.54
19.27,-5.54 19.26,-5.52
19.26,-5.52 19.24,-5.5
19.24,-5.5 19.23,-5.49
19.23,-5.49 19.19,-5.4
19.19,-5.4 19.19,-5.38
19.19,-5.38 19.19,-5.36
19.19,-5.36 19.19,-5.35
19.19,-5.35 19.2,-5.29
19.2,-5.29 19.21,-5.28
19.21,-5.28 19.21,-5.26
19.21,-5.26 19.22,-5.24
19.22,-5.24 19.24,-5.23
19.19,-5.47 19.19,-5.48
19.19,-5.48 19.19,-5.49
19.19,-5.49 19.27,-5.69
15.05,-12.68 22,-13.55
15.05,-12.68 19.17,-13.19
15.05,-5.16 15.05,-12.68
15.3,-12.61 15.3,-12.37
15.9,-9.54 21.17,-10.2
15.9,-9.57 21.17,-10.23
15.05,-12.34 22.04,-13.22
15.2,-12.7 15.2,-12.36
15.3,-12.61 21.82,-13.43
16.98,-12.7 16.06,-12.58
21.17,-7.43 15.9,-6.76
15.9,-6.79 21.17,-7.46
19.04,-7.16 19.04,-7.16
19.04,-7.16 19.04,-7.16
16.98,-12.7 16.98,-12.58
16.26,-4.09 15.05,-5.16
16.27,-4.12 15.08,-5.17
22.03,-6.03 15.05,-5.17
23.24,-4.96 16.26,-4.09
23.17,-4.98 16.27,-4.12
16.06,-12.47 16.06,-12.58
15.2,-12.7 15.3,-12.61
23.11,-5.04 19.85,-4.64
19.69,-4.62 16.27,-4.19
22.17,-13.11 23.14,-12.25
22.39,-7.66 23.14,-6.99
22.39,-8.99 23.14,-8.33
22.39,-10.33 23.14,-9.66
22.39,-11.66 23.14,-10.99
23.24,-12.45 23.23,-4.97
22.39,-12.79 23.01,-12.24
22.17,-13.4 22.17,-13.11
23.24,-12.45 22,-13.55
23.14,-12.19 23.14,-12.54
23.14,-6.99 23.14,-12.19
23.01,-12.24 23.01,-7.11
22.81,-12.41 22.81,-7.29
22.61,-12.59 22.61,-7.46
23.24,-4.96 22.03,-6.03
23.17,-4.98 21.99,-6.03
22.39,-7.66 22.39,-12.79
22.17,-13.11 22.17,-8.14
23.14,-6.99 23.14,-5.5
23.05,-5.47 22.66,-6.07
22.04,-13.52 22.04,-13.21
22.03,-6.03 22.03,-7.54
22.03,-7.57 22.03,-10.31
22.03,-10.34 22.04,-13.21
22.06,-6.01 22.07,-13.49
22.07,-13.18 22.04,-13.21
21.82,-13.19 21.82,-13.43
21.87,-13.2 21.87,-13.54
21.87,-13.54 21.82,-13.43
20.74,-13.17 19.82,-13.05
19.82,-13.05 19.82,-12.94
20.74,-13.05 20.74,-13.17
16.27,-4.19 15.16,-5.18
16.62,-11.49 16.62,-9.66
16.62,-9.63 16.62,-6.88
16.62,-6.85 16.62,-6.26
20.37,-11.98 20.37,-10.13
20.37,-10.1 20.37,-7.35
20.37,-7.32 20.37,-6.75
15.9,-5.27 15.9,-6.76
15.9,-6.79 15.9,-9.54
15.9,-9.57 15.9,-12.44
15.87,-5.27 15.87,-12.44
21.17,-5.93 21.17,-7.43
21.17,-7.46 21.17,-10.2
21.17,-10.23 21.17,-13.11
21.2,-5.93 21.2,-13.11
18.54,-5.6 19.7,-4.61
18.58,-5.6 19.8,-4.56
18.7,-5.62 19.88,-4.61
18.63,-5.61 19.85,-4.57
19.85,-4.61 19.88,-4.61
19.75,-4.61 19.7,-4.61
19.85,-4.57 19.85,-4.61
19.36,-5.28 19.61,-5.11
19.49,-5.35 19.67,-5.21
19.65,-5.09 19.71,-5.07
19.67,-5.21 19.7,-5.2
19.71,-5.07 19.98,-4.99
19.7,-5.2 20,-5.11
19.98,-4.99 20.23,-4.94
20,-5.11 20.25,-5.06
20.23,-4.94 20.76,-4.89
20.25,-5.06 20.77,-5
20.76,-4.89 21.23,-4.91
20.77,-5 21.23,-5.01
21.23,-4.91 21.62,-4.94
21.23,-5.01 21.61,-5.04
21.62,-4.94 22.1,-5.04
21.61,-5.04 22.1,-5.15
22.1,-5.04 22.13,-5.05
22.13,-5.05 22.16,-5.06
22.16,-5.06 22.49,-5.27
22.16,-5.06 22.49,-5.27
22.1,-5.15 22.45,-5.33
22.49,-5.27 22.52,-5.37
22.52,-5.37 22.52,-5.48
22.45,-5.33 22.52,-5.48
19.64,-5.73 19.41,-5.51
19.64,-5.73 19.49,-5.47
19.41,-5.51 19.37,-5.45
19.37,-5.45 19.35,-5.37
19.35,-5.37 19.36,-5.28
19.49,-5.47 19.49,-5.35
19.61,-5.11 19.65,-5.09
22.58,-5.37 22.56,-5.52
22.26,-13.08 22.26,-13.25
22.26,-13.08 22.57,-12.81
22.57,-12.81 22.57,-12.98
22.57,-12.98 22.26,-13.25
36.84,-12.76 43.16,-13.56
37.45,-5.02 37.45,-5.13
37.5,-4.89 37.73,-4.71
37.59,-4.94 37.79,-4.78
37.68,-4.98 37.83,-4.88
37.73,-4.71 37.75,-4.7
37.75,-4.7 37.79,-4.68
37.83,-4.88 37.86,-4.87
37.79,-4.68 38.12,-4.57
37.79,-4.78 38.14,-4.67
37.86,-4.87 38.17,-4.76
38.12,-4.57 38.38,-4.51
38.14,-4.67 38.4,-4.61
38.17,-4.76 38.41,-4.71
38.38,-4.51 38.92,-4.46
38.4,-4.61 38.93,-4.56
38.41,-4.71 38.93,-4.66
38.92,-4.46 39.4,-4.46
38.93,-4.56 39.4,-4.56
38.93,-4.66 39.39,-4.66
39.4,-4.46 39.8,-4.5
39.4,-4.56 39.79,-4.6
39.39,-4.66 39.77,-4.7
39.8,-4.5 40.29,-4.6
39.79,-4.6 40.27,-4.7
39.77,-4.7 40.24,-4.8
40.29,-4.6 40.33,-4.61
40.33,-4.61 40.36,-4.63
40.27,-4.7 40.32,-4.72
40.24,-4.8 40.28,-4.81
40.36,-4.63 40.71,-4.87
40.32,-4.72 40.65,-4.93
40.28,-4.81 40.62,-5.06
40.71,-4.87 40.74,-4.89
40.74,-4.89 40.76,-4.92
40.76,-4.92 40.82,-4.98
40.82,-4.98 40.83,-5.02
40.83,-5.02 40.84,-5.04
40.84,-5.04 40.83,-5.06
40.83,-5.06 40.83,-5.06
40.55,-5.32 40.07,-5.49
40.07,-5.49 39.59,-5.56
39.59,-5.56 39.45,-5.57
37.84,-5.37 37.72,-5.32
37.84,-5.37 37.71,-5.25
37.84,-5.37 37.74,-5.2
37.72,-5.32 37.69,-5.31
37.69,-5.31 37.54,-5.2
37.71,-5.25 37.59,-5.11
37.74,-5.2 37.66,-5.05
37.54,-5.2 37.52,-5.18
37.52,-5.18 37.51,-5.16
37.51,-5.16 37.49,-5.15
37.49,-5.15 37.45,-5.06
37.59,-5.11 37.57,-5.03
37.45,-5.06 37.45,-5.04
37.45,-5.04 37.45,-5.02
37.45,-5.02 37.45,-5.01
37.45,-5.01 37.46,-4.95
37.57,-5.03 37.59,-4.94
37.66,-5.05 37.68,-4.98
37.46,-4.95 37.47,-4.94
37.47,-4.94 37.48,-4.92
37.48,-4.92 37.49,-4.9
37.49,-4.9 37.5,-4.89
37.45,-5.13 37.45,-5.14
37.45,-5.14 37.45,-5.15
37.45,-5.15 37.52,-5.33
40.55,-5.38 40.55,-5.5
40.86,-5.06 40.89,-5.05
40.89,-5.05 41.22,-4.94
40.92,-5.14 41.25,-5.03
40.97,-5.23 41.27,-5.13
41.22,-4.94 41.49,-4.88
41.25,-5.03 41.5,-4.98
41.27,-5.13 41.52,-5.08
41.49,-4.88 42.03,-4.82
41.5,-4.98 42.03,-4.92
41.52,-5.08 42.04,-5.02
42.03,-4.82 42.51,-4.83
42.03,-4.92 42.5,-4.93
42.04,-5.02 42.5,-5.03
42.51,-4.83 42.91,-4.86
42.5,-4.93 42.89,-4.96
42.5,-5.03 42.88,-5.06
42.91,-4.86 43.39,-4.97
42.89,-4.96 43.37,-5.06
42.88,-5.06 43.35,-5.16
43.39,-4.97 43.43,-4.98
43.43,-4.98 43.47,-4.99
43.4,-5.07 43.43,-5.08
43.37,-5.06 43.43,-5.08
43.35,-5.16 43.39,-5.18
43.47,-4.99 43.72,-5.11
43.43,-5.08 43.77,-5.29
43.39,-5.18 43.7,-5.34
43.72,-5.11 43.84,-5.23
43.84,-5.23 43.84,-5.28
43.84,-5.28 43.75,-5.51
43.77,-5.29 43.75,-5.51
43.7,-5.34 43.75,-5.51
43.47,-5.75 43.17,-5.86
43.17,-5.86 42.69,-5.93
42.69,-5.93 42.44,-5.95
41.11,-5.78 40.82,-5.69
41.11,-5.78 40.86,-5.59
41.11,-5.78 40.87,-5.54
40.82,-5.69 40.79,-5.67
40.79,-5.67 40.64,-5.56
40.86,-5.59 40.69,-5.47
40.87,-5.54 40.77,-5.41
40.64,-5.56 40.62,-5.54
40.62,-5.54 40.61,-5.53
40.61,-5.53 40.6,-5.51
40.6,-5.51 40.56,-5.42
40.69,-5.47 40.65,-5.39
40.77,-5.41 40.77,-5.41
40.56,-5.42 40.56,-5.41
40.56,-5.41 40.55,-5.39
40.55,-5.39 40.56,-5.37
40.56,-5.37 40.56,-5.33
40.65,-5.39 40.66,-5.38
40.55,-5.5 40.55,-5.5
40.55,-5.5 40.56,-5.52
40.56,-5.52 40.64,-5.72
40.83,-5.06 40.55,-5.32
40.71,-5.08 40.56,-5.31
40.62,-5.06 40.56,-5.31
40.86,-5.06 40.56,-5.33
40.92,-5.14 40.66,-5.38
40.97,-5.23 40.77,-5.41
40.83,-5.06 40.83,-5.08
36.84,-12.76 40.96,-13.28
36.84,-5.25 36.84,-12.76
37.1,-12.69 37.1,-12.45
42.97,-13.19 42.97,-13.43
36.84,-9.51 43.19,-10.31
36.84,-9.54 43.19,-10.34
36.84,-12.42 43.19,-13.22
43.02,-13.2 43.02,-13.54
37,-12.78 37,-12.44
37.1,-12.69 42.97,-13.43
38.77,-12.78 37.86,-12.67
41.89,-13.17 40.98,-13.06
43.19,-7.54 36.84,-6.74
36.84,-6.77 43.19,-7.57
40.84,-7.24 40.84,-7.24
40.84,-7.24 40.84,-7.24
38.77,-12.78 38.77,-12.66
40.98,-13.06 40.98,-12.94
38.06,-4.18 36.84,-5.25
38.07,-4.21 36.88,-5.25
43.19,-6.04 36.84,-5.25
44.41,-4.96 38.06,-4.18
44.34,-4.98 38.07,-4.21
43.19,-13.56 43.19,-13.22
37.86,-12.55 37.86,-12.67
41.89,-13.06 41.89,-13.17
37,-12.78 37.1,-12.69
43.02,-13.54 42.97,-13.43
44.27,-5.05 38.07,-4.28
37.56,-11.46 37.56,-9.63
37.56,-9.6 37.56,-6.86
37.56,-6.83 37.56,-6.24
43.34,-13.11 44.31,-12.25
43.55,-7.66 44.31,-6.99
43.55,-9 44.31,-8.33
43.55,-10.33 44.31,-9.66
43.55,-11.66 44.31,-10.99
44.41,-12.45 44.4,-4.97
43.55,-12.79 44.18,-12.24
43.19,-6.04 43.19,-7.54
43.19,-7.57 43.19,-10.31
43.19,-10.34 43.19,-13.22
43.22,-6.01 43.22,-13.5
43.34,-13.4 43.34,-13.11
44.41,-12.45 43.16,-13.56
44.31,-12.19 44.31,-12.54
44.31,-6.99 44.31,-12.19
44.18,-12.24 44.18,-7.11
43.98,-12.42 43.98,-7.29
43.78,-12.59 43.78,-7.46
44.41,-4.96 43.19,-6.04
44.34,-4.98 43.15,-6.03
43.55,-7.66 43.55,-12.79
43.34,-13.11 43.34,-8.14
44.31,-6.99 44.31,-5.5
44.22,-5.47 43.83,-6.07
43.22,-13.19 43.19,-13.22
42.38,-12.1 42.38,-10.24
42.38,-10.21 42.38,-7.47
42.38,-7.44 42.38,-6.86
43.45,-13.07 43.45,-13.23
43.45,-13.07 43.75,-12.8
43.75,-12.8 43.75,-12.96
43.75,-12.96 43.45,-13.23
40.65,-4.93 40.71,-5.08
26.27,-12.75 32.59,-13.54
26.88,-5.01 26.88,-5.12
26.92,-4.87 27.15,-4.7
27.02,-4.93 27.22,-4.77
27.11,-4.97 27.25,-4.87
27.15,-4.7 27.18,-4.68
27.18,-4.68 27.21,-4.67
27.25,-4.87 27.29,-4.86
27.21,-4.67 27.54,-4.56
27.22,-4.77 27.57,-4.65
27.29,-4.86 27.59,-4.75
27.54,-4.56 27.81,-4.5
27.57,-4.65 27.82,-4.6
27.59,-4.75 27.84,-4.7
27.81,-4.5 28.35,-4.45
27.82,-4.6 28.35,-4.55
27.84,-4.7 28.36,-4.65
28.35,-4.45 28.83,-4.45
28.35,-4.55 28.82,-4.55
28.36,-4.65 28.82,-4.65
28.83,-4.45 29.23,-4.49
28.82,-4.55 29.21,-4.59
28.82,-4.65 29.2,-4.68
29.23,-4.49 29.71,-4.59
29.21,-4.59 29.69,-4.69
29.2,-4.68 29.67,-4.78
29.71,-4.59 29.75,-4.6
29.75,-4.6 29.79,-4.61
29.69,-4.69 29.75,-4.71
29.67,-4.78 29.71,-4.8
29.79,-4.61 30.14,-4.86
29.75,-4.71 30.07,-4.92
29.71,-4.8 30.05,-5.05
30.14,-4.86 30.16,-4.88
30.16,-4.88 30.19,-4.9
30.19,-4.9 30.24,-4.97
30.24,-4.97 30.26,-5
30.26,-5 30.26,-5.03
30.26,-5.03 30.26,-5.04
30.26,-5.04 30.26,-5.05
29.98,-5.31 29.49,-5.48
29.49,-5.48 29.01,-5.55
29.01,-5.55 28.87,-5.56
27.27,-5.36 27.14,-5.31
27.27,-5.36 27.14,-5.24
27.27,-5.36 27.17,-5.19
27.14,-5.31 27.11,-5.3
27.11,-5.3 26.96,-5.18
27.14,-5.24 27.01,-5.1
27.17,-5.19 27.08,-5.03
26.96,-5.18 26.95,-5.17
26.95,-5.17 26.93,-5.15
26.93,-5.15 26.92,-5.13
26.92,-5.13 26.88,-5.05
27.01,-5.1 27,-5.01
26.88,-5.05 26.88,-5.03
26.88,-5.03 26.88,-5.01
26.88,-5.01 26.88,-5
26.88,-5 26.89,-4.94
27,-5.01 27.02,-4.93
27.08,-5.03 27.11,-4.97
26.89,-4.94 26.89,-4.93
26.89,-4.93 26.9,-4.91
26.9,-4.91 26.91,-4.89
26.91,-4.89 26.92,-4.87
26.88,-5.12 26.88,-5.13
26.88,-5.13 26.88,-5.14
26.88,-5.14 26.95,-5.32
29.98,-5.37 29.98,-5.48
30.29,-5.05 30.32,-5.03
30.32,-5.03 30.65,-4.92
30.34,-5.13 30.67,-5.02
30.4,-5.22 30.7,-5.12
30.65,-4.92 30.91,-4.87
30.67,-5.02 30.93,-4.97
30.7,-5.12 30.94,-5.07
30.91,-4.87 31.45,-4.81
30.93,-4.97 31.46,-4.91
30.94,-5.07 31.46,-5.01
31.45,-4.81 31.93,-4.81
31.46,-4.91 31.93,-4.91
31.46,-5.01 31.92,-5.01
31.93,-4.81 32.33,-4.85
31.93,-4.91 32.32,-4.95
31.92,-5.01 32.3,-5.05
32.33,-4.85 32.82,-4.96
32.32,-4.95 32.8,-5.05
32.3,-5.05 32.78,-5.15
32.82,-4.96 32.86,-4.97
32.86,-4.97 32.89,-4.98
32.82,-5.06 32.85,-5.07
32.8,-5.05 32.85,-5.07
32.78,-5.15 32.81,-5.16
32.89,-4.98 33.15,-5.1
32.85,-5.07 33.19,-5.28
32.81,-5.16 33.12,-5.33
33.15,-5.1 33.27,-5.22
33.27,-5.22 33.27,-5.27
33.27,-5.27 33.17,-5.5
33.19,-5.28 33.17,-5.5
33.12,-5.33 33.17,-5.5
32.9,-5.74 32.6,-5.85
32.6,-5.85 32.12,-5.92
32.12,-5.92 31.86,-5.93
30.53,-5.77 30.25,-5.68
30.53,-5.77 30.28,-5.58
30.53,-5.77 30.29,-5.52
30.25,-5.68 30.22,-5.66
30.22,-5.66 30.07,-5.55
30.28,-5.58 30.12,-5.46
30.29,-5.52 30.2,-5.4
30.07,-5.55 30.05,-5.53
30.05,-5.53 30.04,-5.52
30.04,-5.52 30.02,-5.5
30.02,-5.5 29.99,-5.41
30.12,-5.46 30.08,-5.38
30.2,-5.4 30.2,-5.4
29.99,-5.41 29.98,-5.39
29.98,-5.39 29.98,-5.38
29.98,-5.38 29.98,-5.36
29.98,-5.36 29.99,-5.32
30.08,-5.38 30.08,-5.37
29.98,-5.48 29.98,-5.49
29.98,-5.49 29.98,-5.51
29.98,-5.51 30.06,-5.71
30.26,-5.05 29.98,-5.31
30.14,-5.07 29.99,-5.3
30.05,-5.05 29.99,-5.3
30.29,-5.05 29.99,-5.32
30.34,-5.13 30.08,-5.37
30.4,-5.22 30.2,-5.4
30.26,-5.05 30.26,-5.07
26.27,-12.75 30.39,-13.27
26.27,-5.24 26.27,-12.75
26.53,-12.68 26.53,-12.44
32.4,-13.18 32.4,-13.42
26.27,-9.5 32.62,-10.3
26.27,-9.53 32.62,-10.33
26.27,-12.41 32.62,-13.21
32.45,-13.19 32.45,-13.53
26.43,-12.77 26.43,-12.43
26.53,-12.68 32.4,-13.42
28.2,-12.77 27.29,-12.66
31.32,-13.16 30.4,-13.05
32.62,-7.53 26.27,-6.73
26.27,-6.76 32.62,-7.56
30.27,-7.23 30.27,-7.23
30.27,-7.23 30.27,-7.23
28.2,-12.77 28.2,-12.65
30.4,-13.05 30.4,-12.93
27.49,-4.17 26.27,-5.24
27.49,-4.2 26.31,-5.24
32.62,-6.02 26.27,-5.24
33.83,-4.95 27.49,-4.17
33.76,-4.97 27.49,-4.2
32.62,-13.55 32.62,-13.21
27.29,-12.54 27.29,-12.66
31.32,-13.04 31.32,-13.16
26.43,-12.77 26.53,-12.68
32.45,-13.53 32.4,-13.42
33.69,-5.03 27.5,-4.27
26.99,-11.45 26.99,-9.62
26.99,-9.59 26.99,-6.85
26.99,-6.82 26.99,-6.23
32.76,-13.1 33.74,-12.24
32.98,-7.65 33.74,-6.98
32.98,-8.98 33.74,-8.32
32.98,-10.32 33.74,-9.65
32.98,-11.65 33.74,-10.98
33.84,-12.44 33.83,-4.96
32.98,-12.78 33.6,-12.23
32.61,-6.03 32.62,-7.53
32.62,-7.56 32.62,-10.3
32.62,-10.33 32.62,-13.21
32.64,-6 32.65,-13.49
32.76,-13.39 32.76,-13.1
33.84,-12.44 32.59,-13.54
33.74,-12.18 33.74,-12.53
33.74,-6.98 33.74,-12.18
33.6,-12.23 33.6,-7.1
33.4,-12.4 33.4,-7.28
33.2,-12.58 33.2,-7.45
33.83,-4.95 32.62,-6.02
33.76,-4.97 32.58,-6.02
32.98,-7.65 32.98,-12.78
32.76,-13.1 32.76,-8.13
33.74,-6.98 33.74,-5.49
33.64,-5.46 33.26,-6.06
32.65,-13.18 32.62,-13.21
31.81,-12.09 31.81,-10.23
31.81,-10.2 31.81,-7.46
31.81,-7.43 31.81,-6.85
32.87,-13.06 32.87,-13.22
32.87,-13.06 33.18,-12.79
33.18,-12.79 33.18,-12.95
33.18,-12.95 32.87,-13.22
30.07,-4.92 30.14,-5.07
