21.09,-13.3 21.09,-19.26
21.09,-19.26 13.84,-19.26
24.26,-20.15 13.84,-20.15
31.68,-13.3 31.68,-19.65
13.84,-20.65 13.84,-18.76
12.67,-19.7 9.67,-19.7
13.84,-18.76 12.67,-19.7
12.67,-19.7 13.84,-20.65
42.25,-13.3 42.25,-20.65
25.42,-21.09 25.42,-19.2
25.42,-19.2 24.25,-20.14
24.25,-20.14 25.42,-21.09
25.42,-19.65 31.68,-19.65
25.42,-20.65 42.25,-20.65
23.24,-12.47 23.23,-6.29
19.2,-5.06 19.2,-4.96
15.82,-4.96 15.82,-5.07
19.06,-5.69 19.05,-5.46
15.86,-4.83 16.09,-4.65
15.93,-4.9 16.14,-4.74
16.02,-4.96 16.2,-4.82
16.09,-4.65 16.12,-4.64
16.14,-4.74 16.16,-4.73
16.12,-4.64 16.15,-4.62
16.16,-4.73 16.19,-4.72
16.2,-4.82 16.22,-4.81
16.15,-4.62 16.48,-4.51
16.19,-4.72 16.51,-4.61
16.22,-4.81 16.53,-4.7
16.48,-4.51 16.75,-4.46
16.51,-4.61 16.76,-4.55
16.53,-4.7 16.78,-4.65
16.75,-4.46 17.29,-4.4
16.76,-4.55 17.29,-4.5
16.78,-4.65 17.3,-4.6
17.29,-4.4 17.77,-4.4
17.29,-4.5 17.76,-4.5
17.3,-4.6 17.76,-4.6
17.77,-4.4 18.17,-4.44
17.76,-4.5 18.15,-4.54
17.76,-4.6 18.14,-4.64
18.17,-4.44 18.65,-4.54
18.15,-4.54 18.63,-4.64
18.14,-4.64 18.63,-4.74
18.65,-4.54 18.69,-4.55
18.63,-4.64 18.66,-4.65
18.69,-4.55 18.73,-4.57
18.66,-4.65 18.69,-4.66
18.73,-4.57 19.11,-4.77
18.69,-4.66 19.05,-4.86
18.69,-4.66 19.05,-4.86
18.63,-4.74 19,-4.94
19.11,-4.77 19.13,-4.79
19.13,-4.79 19.14,-4.81
19.14,-4.81 19.2,-4.93
19.05,-4.86 19.11,-4.97
19.2,-4.93 19.2,-4.96
19.2,-4.96 19.2,-4.98
19.2,-4.98 19.2,-5
19.2,-5 19.2,-5.01
19.2,-5.01 19.19,-5.03
19.19,-5.03 19.04,-5.2
19.11,-4.97 19.08,-5.16
19,-4.94 19.08,-5.16
19.19,-5.03 19.04,-5.2
19.04,-5.2 19.02,-5.22
19.02,-5.22 19,-5.23
19,-5.23 18.43,-5.43
18.43,-5.43 17.95,-5.5
17.95,-5.5 17.7,-5.52
16.17,-5.33 15.9,-5.14
16.17,-5.33 15.97,-5.06
16.17,-5.33 16.01,-4.97
15.9,-5.14 15.89,-5.12
15.97,-5.06 15.95,-5.04
15.89,-5.12 15.87,-5.1
15.87,-5.1 15.86,-5.09
15.86,-5.09 15.82,-5
15.95,-5.04 15.91,-4.97
15.82,-5 15.82,-4.98
15.82,-4.98 15.82,-4.97
15.82,-4.97 15.82,-4.95
15.82,-4.95 15.83,-4.9
15.91,-4.97 15.93,-4.9
16.01,-4.97 16.02,-4.96
15.83,-4.9 15.83,-4.88
15.83,-4.88 15.84,-4.86
15.84,-4.86 15.85,-4.84
15.85,-4.84 15.86,-4.83
15.82,-5.07 15.82,-5.08
15.82,-5.08 15.82,-5.09
18.96,-5.56 18.78,-5.65
18.96,-5.56 19.06,-5.46
15.82,-5.09 15.9,-5.3
19.13,-5.28 19.06,-5.46
19.18,-5.38 19.18,-5.5
19.23,-5.25 19.46,-5.07
19.46,-5.07 19.49,-5.06
19.49,-5.06 19.52,-5.05
19.52,-5.05 19.85,-4.93
19.85,-4.93 20.12,-4.88
20.12,-4.88 20.66,-4.82
20.66,-4.82 21.14,-4.82
21.14,-4.82 21.54,-4.86
21.54,-4.86 22.02,-4.97
22.02,-4.97 22.06,-4.98
22.06,-4.98 22.1,-4.99
22.1,-4.99 22.48,-5.2
22.48,-5.2 22.49,-5.21
22.49,-5.21 22.51,-5.23
22.51,-5.23 22.57,-5.35
22.57,-5.35 22.57,-5.39
22.57,-5.39 22.57,-5.4
22.57,-5.4 22.57,-5.42
22.57,-5.42 22.56,-5.44
22.56,-5.44 22.56,-5.46
22.56,-5.46 22.41,-5.62
22.41,-5.62 22.39,-5.64
22.39,-5.64 22.36,-5.65
22.36,-5.65 21.8,-5.86
21.8,-5.86 21.32,-5.93
21.32,-5.93 21.1,-5.94
19.63,-5.76 19.45,-5.69
19.45,-5.69 19.42,-5.67
19.42,-5.67 19.27,-5.56
19.27,-5.56 19.25,-5.54
19.25,-5.54 19.24,-5.53
19.24,-5.53 19.23,-5.51
19.23,-5.51 19.19,-5.42
19.19,-5.42 19.19,-5.41
19.19,-5.41 19.18,-5.39
19.18,-5.39 19.18,-5.37
19.18,-5.37 19.19,-5.32
19.19,-5.32 19.2,-5.3
19.2,-5.3 19.21,-5.28
19.21,-5.28 19.22,-5.27
19.22,-5.27 19.23,-5.25
19.18,-5.5 19.18,-5.5
19.18,-5.5 19.19,-5.52
19.19,-5.52 19.26,-5.71
15.04,-12.7 21.99,-13.58
15.04,-12.7 19.16,-13.22
15.04,-5.19 15.04,-12.7
15.3,-12.63 15.3,-12.39
15.9,-9.56 21.17,-10.23
15.9,-9.59 21.17,-10.26
15.04,-12.36 22.03,-13.24
15.2,-12.72 15.2,-12.38
15.3,-12.63 21.81,-13.45
16.97,-12.72 16.06,-12.61
21.17,-7.45 15.9,-6.79
15.9,-6.82 21.17,-7.48
19.04,-7.18 19.04,-7.18
19.04,-7.18 19.04,-7.18
16.97,-12.72 16.97,-12.6
16.26,-4.12 15.04,-5.19
16.27,-4.15 15.08,-5.2
22.03,-6.06 15.04,-5.19
23.24,-4.98 16.26,-4.12
23.17,-5 16.27,-4.15
16.06,-12.49 16.06,-12.61
15.2,-12.72 15.3,-12.63
23.1,-5.06 19.85,-4.66
19.68,-4.64 16.27,-4.22
22.17,-13.13 23.14,-12.27
22.38,-7.69 23.14,-7.02
22.38,-9.02 23.14,-8.35
22.38,-10.35 23.14,-9.68
22.38,-11.69 23.14,-11.02
23.24,-12.47 23.23,-4.99
22.38,-12.81 23.01,-12.26
22.17,-13.42 22.17,-13.13
23.24,-12.47 21.99,-13.58
23.14,-12.21 23.14,-12.56
23.14,-7.02 23.14,-12.21
23.01,-12.26 23.01,-7.13
22.81,-12.44 22.81,-7.31
22.61,-12.62 22.61,-7.49
23.24,-4.98 22.03,-6.06
23.17,-5 21.99,-6.05
22.38,-7.69 22.38,-12.81
22.17,-13.13 22.17,-8.16
23.14,-7.02 23.14,-5.52
23.05,-5.49 22.66,-6.09
22.03,-13.54 22.03,-13.24
22.03,-6.06 22.03,-7.56
22.03,-7.59 22.03,-10.33
22.03,-10.36 22.03,-13.24
22.06,-6.03 22.06,-13.51
22.06,-13.21 22.03,-13.24
21.81,-13.21 21.81,-13.45
21.86,-13.22 21.86,-13.56
21.86,-13.56 21.81,-13.45
20.73,-13.19 19.81,-13.08
19.81,-13.08 19.81,-12.96
20.73,-13.08 20.73,-13.19
16.27,-4.22 15.15,-5.2
16.62,-11.51 16.62,-9.68
16.62,-9.65 16.62,-6.91
16.62,-6.87 16.62,-6.28
20.37,-12.01 20.37,-10.15
20.37,-10.12 20.37,-7.38
20.37,-7.35 20.37,-6.77
15.9,-5.3 15.9,-6.79
15.9,-6.82 15.9,-9.56
15.9,-9.59 15.9,-12.47
15.87,-5.3 15.87,-12.47
21.17,-5.95 21.17,-7.45
21.17,-7.48 21.17,-10.23
21.17,-10.26 21.17,-13.13
21.2,-5.95 21.2,-13.14
18.53,-5.62 19.69,-4.63
18.57,-5.63 19.8,-4.59
18.7,-5.64 19.88,-4.63
18.63,-5.63 19.85,-4.59
19.85,-4.63 19.88,-4.63
19.74,-4.63 19.69,-4.63
19.85,-4.59 19.85,-4.63
19.36,-5.31 19.61,-5.13
19.48,-5.37 19.66,-5.24
19.64,-5.11 19.7,-5.09
19.66,-5.24 19.69,-5.23
19.7,-5.09 19.97,-5.01
19.69,-5.23 20,-5.13
19.97,-5.01 20.23,-4.96
20,-5.13 20.24,-5.08
20.23,-4.96 20.76,-4.91
20.24,-5.08 20.76,-5.03
20.76,-4.91 21.23,-4.93
20.76,-5.03 21.22,-5.03
21.23,-4.93 21.62,-4.97
21.22,-5.03 21.6,-5.07
21.62,-4.97 22.09,-5.07
21.6,-5.07 22.1,-5.17
22.09,-5.07 22.13,-5.08
22.13,-5.08 22.15,-5.09
22.15,-5.09 22.48,-5.29
22.15,-5.09 22.48,-5.29
22.1,-5.17 22.44,-5.36
22.48,-5.29 22.51,-5.4
22.51,-5.4 22.52,-5.5
22.44,-5.36 22.52,-5.5
19.63,-5.76 19.41,-5.53
19.63,-5.76 19.48,-5.49
19.41,-5.53 19.36,-5.48
19.36,-5.48 19.34,-5.4
19.34,-5.4 19.36,-5.31
19.48,-5.49 19.48,-5.37
19.61,-5.13 19.64,-5.11
22.57,-5.39 22.56,-5.55
22.26,-13.11 22.26,-13.27
22.26,-13.11 22.56,-12.84
22.56,-12.84 22.56,-13
22.56,-13 22.26,-13.27
33.82,-12.47 33.81,-6.28
29.78,-5.05 29.79,-4.95
26.4,-4.95 26.4,-5.06
29.64,-5.68 29.63,-5.46
26.44,-4.82 26.67,-4.64
26.51,-4.89 26.73,-4.73
26.6,-4.95 26.78,-4.81
26.67,-4.64 26.7,-4.63
26.73,-4.73 26.74,-4.72
26.7,-4.63 26.73,-4.61
26.74,-4.72 26.77,-4.71
26.78,-4.81 26.81,-4.8
26.73,-4.61 27.06,-4.5
26.77,-4.71 27.09,-4.6
26.81,-4.8 27.12,-4.69
27.06,-4.5 27.33,-4.45
27.09,-4.6 27.34,-4.54
27.12,-4.69 27.36,-4.64
27.33,-4.45 27.87,-4.39
27.34,-4.54 27.87,-4.49
27.36,-4.64 27.88,-4.59
27.87,-4.39 28.35,-4.39
27.87,-4.49 28.34,-4.49
27.88,-4.59 28.34,-4.59
28.35,-4.39 28.75,-4.43
28.34,-4.49 28.74,-4.53
28.34,-4.59 28.72,-4.63
28.75,-4.43 29.23,-4.53
28.74,-4.53 29.21,-4.63
28.72,-4.63 29.21,-4.73
29.23,-4.53 29.27,-4.55
29.21,-4.63 29.24,-4.64
29.27,-4.55 29.31,-4.56
29.24,-4.64 29.27,-4.65
29.31,-4.56 29.69,-4.76
29.27,-4.65 29.64,-4.85
29.27,-4.65 29.64,-4.85
29.21,-4.73 29.58,-4.93
29.69,-4.76 29.71,-4.78
29.71,-4.78 29.72,-4.8
29.72,-4.8 29.78,-4.92
29.64,-4.85 29.69,-4.96
29.78,-4.92 29.79,-4.95
29.79,-4.95 29.78,-4.97
29.78,-4.97 29.78,-4.99
29.78,-4.99 29.78,-5.01
29.78,-5.01 29.77,-5.02
29.77,-5.02 29.62,-5.19
29.69,-4.96 29.66,-5.15
29.58,-4.93 29.66,-5.15
29.77,-5.02 29.62,-5.19
29.62,-5.19 29.6,-5.21
29.6,-5.21 29.58,-5.22
29.58,-5.22 29.01,-5.42
29.01,-5.42 28.54,-5.49
28.54,-5.49 28.28,-5.51
26.75,-5.32 26.48,-5.13
26.75,-5.32 26.55,-5.05
26.75,-5.32 26.6,-4.96
26.48,-5.13 26.47,-5.11
26.55,-5.05 26.53,-5.03
26.47,-5.11 26.45,-5.09
26.45,-5.09 26.44,-5.08
26.44,-5.08 26.4,-4.99
26.53,-5.03 26.5,-4.96
26.4,-4.99 26.4,-4.97
26.4,-4.97 26.4,-4.96
26.4,-4.96 26.4,-4.94
26.4,-4.94 26.41,-4.89
26.5,-4.96 26.51,-4.89
26.6,-4.96 26.6,-4.95
26.41,-4.89 26.41,-4.87
26.41,-4.87 26.42,-4.85
26.42,-4.85 26.43,-4.83
26.43,-4.83 26.44,-4.82
26.4,-5.06 26.4,-5.07
26.4,-5.07 26.4,-5.08
29.54,-5.55 29.36,-5.64
29.54,-5.55 29.64,-5.45
26.4,-5.08 26.48,-5.29
29.71,-5.27 29.64,-5.45
29.77,-5.37 29.77,-5.49
29.81,-5.24 30.04,-5.06
30.04,-5.06 30.07,-5.05
30.07,-5.05 30.1,-5.04
30.1,-5.04 30.43,-4.92
30.43,-4.92 30.7,-4.87
30.7,-4.87 31.24,-4.81
31.24,-4.81 31.72,-4.81
31.72,-4.81 32.12,-4.85
32.12,-4.85 32.6,-4.96
32.6,-4.96 32.64,-4.97
32.64,-4.97 32.68,-4.98
32.68,-4.98 33.06,-5.19
33.06,-5.19 33.08,-5.2
33.08,-5.2 33.09,-5.22
33.09,-5.22 33.15,-5.34
33.15,-5.34 33.15,-5.38
33.15,-5.38 33.15,-5.39
33.15,-5.39 33.15,-5.41
33.15,-5.41 33.15,-5.43
33.15,-5.43 33.14,-5.45
33.14,-5.45 32.99,-5.61
32.99,-5.61 32.97,-5.63
32.97,-5.63 32.95,-5.64
32.95,-5.64 32.38,-5.85
32.38,-5.85 31.9,-5.92
31.9,-5.92 31.68,-5.93
30.21,-5.75 30.03,-5.68
30.03,-5.68 30,-5.66
30,-5.66 29.85,-5.55
29.85,-5.55 29.84,-5.53
29.84,-5.53 29.82,-5.52
29.82,-5.52 29.81,-5.5
29.81,-5.5 29.77,-5.41
29.77,-5.41 29.77,-5.4
29.77,-5.4 29.77,-5.38
29.77,-5.38 29.77,-5.36
29.77,-5.36 29.78,-5.31
29.78,-5.31 29.78,-5.29
29.78,-5.29 29.79,-5.27
29.79,-5.27 29.8,-5.26
29.8,-5.26 29.81,-5.24
29.77,-5.49 29.77,-5.49
29.77,-5.49 29.77,-5.51
29.77,-5.51 29.85,-5.7
25.62,-12.69 32.57,-13.57
25.62,-12.69 29.74,-13.21
25.62,-5.18 25.62,-12.69
25.88,-12.62 25.88,-12.38
26.48,-9.55 31.75,-10.22
26.48,-9.58 31.75,-10.25
25.62,-12.35 32.61,-13.23
25.78,-12.71 25.78,-12.37
25.88,-12.62 32.39,-13.44
27.55,-12.71 26.64,-12.6
31.75,-7.44 26.48,-6.78
26.48,-6.81 31.75,-7.47
29.62,-7.17 29.62,-7.17
29.62,-7.17 29.62,-7.17
27.55,-12.71 27.55,-12.59
26.84,-4.11 25.62,-5.18
26.85,-4.14 25.66,-5.19
32.61,-6.05 25.62,-5.18
33.82,-4.97 26.84,-4.11
33.75,-4.99 26.85,-4.14
26.64,-12.48 26.64,-12.6
25.78,-12.71 25.88,-12.62
33.68,-5.06 30.43,-4.65
30.27,-4.63 26.85,-4.21
32.75,-13.12 33.72,-12.27
32.96,-7.68 33.72,-7.01
32.96,-9.01 33.72,-8.34
32.96,-10.34 33.72,-9.67
32.96,-11.68 33.72,-11.01
33.82,-12.47 33.81,-4.98
32.96,-12.81 33.59,-12.25
32.75,-13.41 32.75,-13.12
33.82,-12.47 32.57,-13.57
33.72,-12.21 33.72,-12.55
33.72,-7.01 33.72,-12.21
33.59,-12.25 33.59,-7.12
33.39,-12.43 33.39,-7.3
33.19,-12.61 33.19,-7.48
33.82,-4.97 32.61,-6.05
33.75,-4.99 32.57,-6.04
32.96,-7.68 32.96,-12.81
32.75,-13.12 32.75,-8.15
33.72,-7.01 33.72,-5.51
33.63,-5.48 33.24,-6.08
32.61,-13.53 32.61,-13.23
32.61,-6.05 32.61,-7.55
32.61,-7.58 32.61,-10.32
32.61,-10.35 32.61,-13.23
32.64,-6.02 32.64,-13.5
32.64,-13.2 32.61,-13.23
32.39,-13.2 32.39,-13.44
32.44,-13.21 32.44,-13.55
32.44,-13.55 32.39,-13.44
31.31,-13.18 30.4,-13.07
30.4,-13.07 30.4,-12.95
31.31,-13.07 31.31,-13.18
26.85,-4.21 25.73,-5.19
27.2,-11.5 27.2,-9.67
27.2,-9.64 27.2,-6.9
27.2,-6.87 27.2,-6.27
30.95,-12 30.95,-10.14
30.95,-10.11 30.95,-7.37
30.95,-7.34 30.95,-6.76
26.48,-5.29 26.48,-6.78
26.48,-6.81 26.48,-9.55
26.48,-9.58 26.48,-12.46
26.45,-5.29 26.45,-12.46
31.75,-5.94 31.75,-7.44
31.75,-7.47 31.75,-10.22
31.75,-10.25 31.75,-13.12
31.78,-5.94 31.78,-13.13
29.12,-5.61 30.28,-4.62
29.16,-5.62 30.38,-4.58
29.28,-5.63 30.46,-4.62
29.21,-5.63 30.43,-4.58
30.43,-4.62 30.46,-4.62
30.32,-4.62 30.28,-4.62
30.43,-4.58 30.43,-4.62
29.94,-5.3 30.19,-5.12
30.06,-5.36 30.25,-5.23
30.22,-5.1 30.29,-5.08
30.25,-5.23 30.28,-5.22
30.29,-5.08 30.55,-5
30.28,-5.22 30.58,-5.12
30.55,-5 30.81,-4.95
30.58,-5.12 30.83,-5.07
30.81,-4.95 31.34,-4.9
30.83,-5.07 31.34,-5.02
31.34,-4.9 31.81,-4.92
31.34,-5.02 31.8,-5.02
31.81,-4.92 32.2,-4.96
31.8,-5.02 32.19,-5.06
32.2,-4.96 32.67,-5.06
32.19,-5.06 32.68,-5.16
32.67,-5.06 32.71,-5.07
32.71,-5.07 32.74,-5.08
32.74,-5.08 33.06,-5.28
32.74,-5.08 33.06,-5.28
32.68,-5.16 33.02,-5.35
33.06,-5.28 33.09,-5.39
33.09,-5.39 33.1,-5.49
33.02,-5.35 33.1,-5.49
30.21,-5.75 29.99,-5.53
30.21,-5.75 30.06,-5.48
29.99,-5.53 29.95,-5.47
29.95,-5.47 29.93,-5.39
29.93,-5.39 29.94,-5.3
30.06,-5.48 30.06,-5.36
30.19,-5.12 30.22,-5.1
33.15,-5.38 33.14,-5.54
32.84,-13.1 32.84,-13.26
32.84,-13.1 33.15,-12.83
33.15,-12.83 33.15,-12.99
33.15,-12.99 32.84,-13.26
44.4,-12.44 44.39,-6.26
40.36,-5.03 40.36,-4.93
36.98,-4.93 36.98,-5.04
40.22,-5.66 40.21,-5.43
37.02,-4.8 37.25,-4.62
37.09,-4.87 37.3,-4.71
37.18,-4.93 37.36,-4.79
37.25,-4.62 37.28,-4.61
37.3,-4.71 37.32,-4.7
37.28,-4.61 37.31,-4.59
37.32,-4.7 37.35,-4.69
37.36,-4.79 37.39,-4.78
37.31,-4.59 37.64,-4.48
37.35,-4.69 37.67,-4.58
37.39,-4.78 37.69,-4.67
37.64,-4.48 37.91,-4.43
37.67,-4.58 37.92,-4.52
37.69,-4.67 37.94,-4.62
37.91,-4.43 38.45,-4.37
37.92,-4.52 38.45,-4.47
37.94,-4.62 38.46,-4.57
38.45,-4.37 38.93,-4.37
38.45,-4.47 38.92,-4.47
38.46,-4.57 38.92,-4.57
38.93,-4.37 39.33,-4.41
38.92,-4.47 39.31,-4.51
38.92,-4.57 39.3,-4.61
39.33,-4.41 39.81,-4.51
39.31,-4.51 39.79,-4.61
39.3,-4.61 39.79,-4.71
39.81,-4.51 39.85,-4.52
39.79,-4.61 39.82,-4.62
39.85,-4.52 39.89,-4.54
39.82,-4.62 39.85,-4.63
39.89,-4.54 40.27,-4.74
39.85,-4.63 40.21,-4.83
39.85,-4.63 40.21,-4.83
39.79,-4.71 40.16,-4.91
40.27,-4.74 40.29,-4.76
40.29,-4.76 40.3,-4.78
40.3,-4.78 40.36,-4.9
40.21,-4.83 40.27,-4.94
40.36,-4.9 40.36,-4.93
40.36,-4.93 40.36,-4.95
40.36,-4.95 40.36,-4.97
40.36,-4.97 40.36,-4.98
40.36,-4.98 40.35,-5
40.35,-5 40.2,-5.17
40.27,-4.94 40.24,-5.13
40.16,-4.91 40.24,-5.13
40.35,-5 40.2,-5.17
40.2,-5.17 40.18,-5.18
40.18,-5.18 40.16,-5.2
40.16,-5.2 39.59,-5.4
39.59,-5.4 39.11,-5.47
39.11,-5.47 38.86,-5.49
37.33,-5.3 37.06,-5.11
37.33,-5.3 37.13,-5.03
37.33,-5.3 37.18,-4.94
37.06,-5.11 37.05,-5.09
37.13,-5.03 37.11,-5.01
37.05,-5.09 37.03,-5.07
37.03,-5.07 37.02,-5.06
37.02,-5.06 36.98,-4.97
37.11,-5.01 37.07,-4.94
36.98,-4.97 36.98,-4.95
36.98,-4.95 36.98,-4.94
36.98,-4.94 36.98,-4.92
36.98,-4.92 36.99,-4.87
37.07,-4.94 37.09,-4.87
37.18,-4.94 37.18,-4.93
36.99,-4.87 36.99,-4.85
36.99,-4.85 37,-4.83
37,-4.83 37.01,-4.81
37.01,-4.81 37.02,-4.8
36.98,-5.04 36.98,-5.05
36.98,-5.05 36.98,-5.06
40.12,-5.53 39.94,-5.62
40.12,-5.53 40.22,-5.43
36.98,-5.06 37.06,-5.27
40.29,-5.25 40.22,-5.43
40.34,-5.35 40.34,-5.47
40.39,-5.22 40.62,-5.04
40.62,-5.04 40.65,-5.03
40.65,-5.03 40.68,-5.02
40.68,-5.02 41.01,-4.9
41.01,-4.9 41.28,-4.85
41.28,-4.85 41.82,-4.79
41.82,-4.79 42.3,-4.79
42.3,-4.79 42.7,-4.83
42.7,-4.83 43.18,-4.94
43.18,-4.94 43.22,-4.95
43.22,-4.95 43.26,-4.96
43.26,-4.96 43.64,-5.17
43.64,-5.17 43.65,-5.18
43.65,-5.18 43.67,-5.2
43.67,-5.2 43.73,-5.32
43.73,-5.32 43.73,-5.36
43.73,-5.36 43.73,-5.37
43.73,-5.37 43.73,-5.39
43.73,-5.39 43.72,-5.41
43.72,-5.41 43.72,-5.43
43.72,-5.43 43.57,-5.59
43.57,-5.59 43.55,-5.61
43.55,-5.61 43.52,-5.62
43.52,-5.62 42.96,-5.83
42.96,-5.83 42.48,-5.9
42.48,-5.9 42.26,-5.91
40.79,-5.73 40.61,-5.66
40.61,-5.66 40.58,-5.64
40.58,-5.64 40.43,-5.53
40.43,-5.53 40.41,-5.51
40.41,-5.51 40.4,-5.5
40.4,-5.5 40.39,-5.48
40.39,-5.48 40.35,-5.39
40.35,-5.39 40.35,-5.38
40.35,-5.38 40.34,-5.36
40.34,-5.36 40.34,-5.34
40.34,-5.34 40.36,-5.29
40.36,-5.29 40.36,-5.27
40.36,-5.27 40.37,-5.25
40.37,-5.25 40.38,-5.24
40.38,-5.24 40.39,-5.22
40.34,-5.47 40.34,-5.47
40.34,-5.47 40.35,-5.49
40.35,-5.49 40.42,-5.68
36.2,-12.67 43.15,-13.55
36.2,-12.67 40.32,-13.19
36.2,-5.16 36.2,-12.67
36.46,-12.6 36.46,-12.36
37.06,-9.53 42.33,-10.2
37.06,-9.56 42.33,-10.23
36.2,-12.33 43.19,-13.21
36.36,-12.69 36.36,-12.35
36.46,-12.6 42.97,-13.42
38.13,-12.69 37.22,-12.58
42.33,-7.42 37.06,-6.76
37.06,-6.79 42.33,-7.45
40.2,-7.15 40.2,-7.15
40.2,-7.15 40.2,-7.15
38.13,-12.69 38.13,-12.57
37.42,-4.09 36.2,-5.16
37.43,-4.12 36.24,-5.17
43.19,-6.03 36.2,-5.16
44.4,-4.95 37.42,-4.09
44.33,-4.97 37.43,-4.12
37.22,-12.46 37.22,-12.58
36.36,-12.69 36.46,-12.6
44.26,-5.03 41.01,-4.63
40.84,-4.61 37.43,-4.19
43.33,-13.1 44.3,-12.24
43.54,-7.66 44.3,-6.99
43.54,-8.99 44.3,-8.32
43.54,-10.32 44.3,-9.65
43.54,-11.66 44.3,-10.99
44.4,-12.44 44.39,-4.96
43.54,-12.78 44.17,-12.23
43.33,-13.39 43.33,-13.1
44.4,-12.44 43.15,-13.55
44.3,-12.18 44.3,-12.53
44.3,-6.99 44.3,-12.18
44.17,-12.23 44.17,-7.1
43.97,-12.41 43.97,-7.28
43.77,-12.59 43.77,-7.46
44.4,-4.95 43.19,-6.03
44.33,-4.97 43.15,-6.02
43.54,-7.66 43.54,-12.78
43.33,-13.1 43.33,-8.13
44.3,-6.99 44.3,-5.49
44.21,-5.46 43.82,-6.06
43.19,-13.51 43.19,-13.21
43.19,-6.03 43.19,-7.53
43.19,-7.56 43.19,-10.3
43.19,-10.33 43.19,-13.21
43.22,-6 43.22,-13.48
43.22,-13.18 43.19,-13.21
42.97,-13.18 42.97,-13.42
43.02,-13.19 43.02,-13.53
43.02,-13.53 42.97,-13.42
41.89,-13.16 40.98,-13.05
40.98,-13.05 40.98,-12.93
41.89,-13.05 41.89,-13.16
37.43,-4.19 36.31,-5.17
37.78,-11.48 37.78,-9.65
37.78,-9.62 37.78,-6.88
37.78,-6.84 37.78,-6.25
41.53,-11.98 41.53,-10.12
41.53,-10.09 41.53,-7.35
41.53,-7.32 41.53,-6.74
37.06,-5.27 37.06,-6.76
37.06,-6.79 37.06,-9.53
37.06,-9.56 37.06,-12.44
37.03,-5.27 37.03,-12.44
42.33,-5.92 42.33,-7.42
42.33,-7.45 42.33,-10.2
42.33,-10.23 42.33,-13.1
42.36,-5.92 42.36,-13.11
39.69,-5.59 40.85,-4.6
39.73,-5.6 40.96,-4.56
39.86,-5.61 41.04,-4.6
39.79,-5.6 41.01,-4.56
41.01,-4.6 41.04,-4.6
40.9,-4.6 40.85,-4.6
41.01,-4.56 41.01,-4.6
40.52,-5.28 40.77,-5.1
40.64,-5.34 40.82,-5.21
40.8,-5.08 40.86,-5.06
40.82,-5.21 40.85,-5.2
40.86,-5.06 41.13,-4.98
40.85,-5.2 41.16,-5.1
41.13,-4.98 41.39,-4.93
41.16,-5.1 41.4,-5.05
41.39,-4.93 41.92,-4.88
41.4,-5.05 41.92,-5
41.92,-4.88 42.39,-4.9
41.92,-5 42.38,-5
42.39,-4.9 42.78,-4.94
42.38,-5 42.76,-5.04
42.78,-4.94 43.25,-5.04
42.76,-5.04 43.26,-5.14
43.25,-5.04 43.29,-5.05
43.29,-5.05 43.31,-5.06
43.31,-5.06 43.64,-5.26
43.31,-5.06 43.64,-5.26
43.26,-5.14 43.6,-5.33
43.64,-5.26 43.67,-5.37
43.67,-5.37 43.68,-5.47
43.6,-5.33 43.68,-5.47
40.79,-5.73 40.57,-5.5
40.79,-5.73 40.64,-5.46
40.57,-5.5 40.52,-5.45
40.52,-5.45 40.5,-5.37
40.5,-5.37 40.52,-5.28
40.64,-5.46 40.64,-5.34
40.77,-5.1 40.8,-5.08
43.73,-5.36 43.72,-5.52
43.42,-13.08 43.42,-13.24
43.42,-13.08 43.72,-12.81
43.72,-12.81 43.72,-12.97
43.72,-12.97 43.42,-13.24
