19.49,-10.92 19.49,-15.77
19.49,-15.77 12.24,-15.77
30.08,-16.66 12.24,-16.66
30.08,-10.92 30.08,-16.66
12.24,-17.16 12.24,-15.27
11.07,-16.21 7.38,-16.21
12.24,-15.27 11.07,-16.21
11.07,-16.21 12.24,-17.16
24.66,-10.39 30.98,-11.19
25.27,-2.65 25.27,-2.76
25.32,-2.52 25.54,-2.34
25.41,-2.57 25.61,-2.41
25.5,-2.61 25.65,-2.51
25.54,-2.34 25.57,-2.33
25.57,-2.33 25.6,-2.31
25.65,-2.51 25.68,-2.5
25.6,-2.31 25.94,-2.2
25.61,-2.41 25.96,-2.3
25.68,-2.5 25.99,-2.39
25.94,-2.2 26.2,-2.14
25.96,-2.3 26.22,-2.24
25.99,-2.39 26.23,-2.34
26.2,-2.14 26.74,-2.09
26.22,-2.24 26.75,-2.19
26.23,-2.34 26.75,-2.29
26.74,-2.09 27.22,-2.09
26.75,-2.19 27.22,-2.19
26.75,-2.29 27.21,-2.29
27.22,-2.09 27.62,-2.13
27.22,-2.19 27.61,-2.23
27.21,-2.29 27.59,-2.33
27.62,-2.13 28.11,-2.23
27.61,-2.23 28.09,-2.33
27.59,-2.33 28.06,-2.43
28.11,-2.23 28.14,-2.24
28.14,-2.24 28.18,-2.26
28.09,-2.33 28.14,-2.35
28.06,-2.43 28.1,-2.44
28.18,-2.26 28.53,-2.5
28.14,-2.35 28.46,-2.56
28.1,-2.44 28.44,-2.69
28.53,-2.5 28.56,-2.52
28.56,-2.52 28.58,-2.55
28.58,-2.55 28.64,-2.61
28.64,-2.61 28.65,-2.65
28.65,-2.65 28.66,-2.67
28.66,-2.67 28.65,-2.69
28.65,-2.69 28.65,-2.69
28.37,-2.95 27.88,-3.12
27.88,-3.12 27.41,-3.19
27.41,-3.19 27.27,-3.2
25.66,-3 25.53,-2.95
25.66,-3 25.53,-2.88
25.66,-3 25.56,-2.83
25.53,-2.95 25.51,-2.94
25.51,-2.94 25.36,-2.83
25.53,-2.88 25.41,-2.74
25.56,-2.83 25.48,-2.68
25.36,-2.83 25.34,-2.81
25.34,-2.81 25.33,-2.79
25.33,-2.79 25.31,-2.78
25.31,-2.78 25.27,-2.69
25.41,-2.74 25.39,-2.66
25.27,-2.69 25.27,-2.67
25.27,-2.67 25.27,-2.65
25.27,-2.65 25.27,-2.64
25.27,-2.64 25.28,-2.58
25.39,-2.66 25.41,-2.57
25.48,-2.68 25.5,-2.61
25.28,-2.58 25.29,-2.57
25.29,-2.57 25.3,-2.55
25.3,-2.55 25.31,-2.53
25.31,-2.53 25.32,-2.52
25.27,-2.76 25.27,-2.77
25.27,-2.77 25.27,-2.78
25.27,-2.78 25.34,-2.96
28.37,-3.01 28.37,-3.13
28.68,-2.69 28.71,-2.68
28.71,-2.68 29.04,-2.57
28.74,-2.77 29.07,-2.66
28.79,-2.86 29.09,-2.76
29.04,-2.57 29.31,-2.51
29.07,-2.66 29.32,-2.61
29.09,-2.76 29.34,-2.71
29.31,-2.51 29.85,-2.45
29.32,-2.61 29.85,-2.55
29.34,-2.71 29.86,-2.65
29.85,-2.45 30.33,-2.46
29.85,-2.55 30.32,-2.56
29.86,-2.65 30.32,-2.66
30.33,-2.46 30.73,-2.49
30.32,-2.56 30.71,-2.59
30.32,-2.66 30.7,-2.69
30.73,-2.49 31.21,-2.6
30.71,-2.59 31.19,-2.69
30.7,-2.69 31.17,-2.79
31.21,-2.6 31.25,-2.61
31.25,-2.61 31.29,-2.62
31.22,-2.7 31.25,-2.71
31.19,-2.69 31.25,-2.71
31.17,-2.79 31.21,-2.81
31.29,-2.62 31.54,-2.74
31.25,-2.71 31.58,-2.92
31.21,-2.81 31.52,-2.97
31.54,-2.74 31.66,-2.86
31.66,-2.86 31.66,-2.91
31.66,-2.91 31.57,-3.14
31.58,-2.92 31.57,-3.14
31.52,-2.97 31.57,-3.14
31.29,-3.38 30.99,-3.49
30.99,-3.49 30.51,-3.56
30.51,-3.56 30.26,-3.58
28.93,-3.41 28.64,-3.32
28.93,-3.41 28.68,-3.22
28.93,-3.41 28.69,-3.17
28.64,-3.32 28.61,-3.3
28.61,-3.3 28.46,-3.19
28.68,-3.22 28.51,-3.1
28.69,-3.17 28.59,-3.04
28.46,-3.19 28.44,-3.17
28.44,-3.17 28.43,-3.16
28.43,-3.16 28.42,-3.14
28.42,-3.14 28.38,-3.05
28.51,-3.1 28.47,-3.02
28.59,-3.04 28.59,-3.04
28.38,-3.05 28.38,-3.04
28.38,-3.04 28.37,-3.02
28.37,-3.02 28.37,-3
28.37,-3 28.38,-2.96
28.47,-3.02 28.48,-3.01
28.37,-3.13 28.37,-3.13
28.37,-3.13 28.38,-3.15
28.38,-3.15 28.46,-3.35
28.65,-2.69 28.37,-2.95
28.53,-2.71 28.38,-2.94
28.44,-2.69 28.38,-2.94
28.68,-2.69 28.38,-2.96
28.74,-2.77 28.48,-3.01
28.79,-2.86 28.59,-3.04
28.65,-2.69 28.65,-2.71
24.66,-10.39 28.78,-10.91
24.66,-2.88 24.66,-10.39
24.92,-10.32 24.92,-10.08
30.79,-10.82 30.79,-11.06
24.66,-7.14 31.01,-7.94
24.66,-7.17 31.01,-7.97
24.66,-10.05 31.01,-10.85
30.84,-10.83 30.84,-11.17
24.82,-10.41 24.82,-10.07
24.92,-10.32 30.79,-11.06
26.59,-10.41 25.68,-10.3
29.71,-10.8 28.8,-10.69
31.01,-5.17 24.66,-4.37
24.66,-4.4 31.01,-5.2
28.66,-4.87 28.66,-4.87
28.66,-4.87 28.66,-4.87
26.59,-10.41 26.59,-10.29
28.8,-10.69 28.8,-10.57
25.88,-1.81 24.66,-2.88
25.89,-1.84 24.7,-2.88
31.01,-3.67 24.66,-2.88
32.23,-2.59 25.88,-1.81
32.16,-2.61 25.89,-1.84
31.01,-11.19 31.01,-10.85
25.68,-10.18 25.68,-10.3
29.71,-10.69 29.71,-10.8
24.82,-10.41 24.92,-10.32
30.84,-11.17 30.79,-11.06
32.09,-2.68 25.89,-1.91
25.38,-9.09 25.38,-7.26
25.38,-7.23 25.38,-4.49
25.38,-4.46 25.38,-3.87
31.16,-10.74 32.13,-9.88
31.37,-5.29 32.13,-4.62
31.37,-6.63 32.13,-5.96
31.37,-7.96 32.13,-7.29
31.37,-9.29 32.13,-8.62
32.23,-10.08 32.22,-2.6
31.37,-10.42 32,-9.87
31.01,-3.67 31.01,-5.17
31.01,-5.2 31.01,-7.94
31.01,-7.97 31.01,-10.85
31.04,-3.64 31.04,-11.13
31.16,-11.03 31.16,-10.74
32.23,-10.08 30.98,-11.19
32.13,-9.82 32.13,-10.17
32.13,-4.62 32.13,-9.82
32,-9.87 32,-4.74
31.8,-10.05 31.8,-4.92
31.6,-10.22 31.6,-5.09
32.23,-2.59 31.01,-3.67
32.16,-2.61 30.97,-3.66
31.37,-5.29 31.37,-10.42
31.16,-10.74 31.16,-5.77
32.13,-4.62 32.13,-3.13
32.04,-3.1 31.65,-3.7
31.04,-10.82 31.01,-10.85
30.2,-9.73 30.2,-7.87
30.2,-7.84 30.2,-5.1
30.2,-5.07 30.2,-4.49
31.27,-10.7 31.27,-10.86
31.27,-10.7 31.57,-10.43
31.57,-10.43 31.57,-10.59
31.57,-10.59 31.27,-10.86
28.46,-2.56 28.53,-2.71
21.64,-10.08 21.63,-3.9
17.6,-2.67 17.6,-2.57
14.21,-2.57 14.21,-2.68
17.45,-3.3 17.45,-3.07
14.26,-2.44 14.49,-2.26
14.32,-2.51 14.54,-2.35
14.41,-2.57 14.6,-2.43
14.49,-2.26 14.52,-2.25
14.54,-2.35 14.56,-2.34
14.52,-2.25 14.55,-2.23
14.56,-2.34 14.59,-2.33
14.6,-2.43 14.62,-2.42
14.55,-2.23 14.88,-2.12
14.59,-2.33 14.9,-2.22
14.62,-2.42 14.93,-2.31
14.88,-2.12 15.14,-2.06
14.9,-2.22 15.16,-2.16
14.93,-2.31 15.18,-2.26
15.14,-2.06 15.68,-2.01
15.16,-2.16 15.69,-2.11
15.18,-2.26 15.69,-2.21
15.68,-2.01 16.16,-2.01
15.69,-2.11 16.16,-2.11
15.69,-2.21 16.15,-2.21
16.16,-2.01 16.57,-2.05
16.16,-2.11 16.55,-2.15
16.15,-2.21 16.54,-2.25
16.57,-2.05 17.05,-2.15
16.55,-2.15 17.02,-2.25
16.54,-2.25 17.03,-2.35
17.05,-2.15 17.09,-2.16
17.02,-2.25 17.06,-2.26
17.09,-2.16 17.12,-2.18
17.06,-2.26 17.08,-2.27
17.12,-2.18 17.51,-2.38
17.08,-2.27 17.45,-2.47
17.08,-2.27 17.45,-2.47
17.03,-2.35 17.4,-2.55
17.51,-2.38 17.52,-2.4
17.52,-2.4 17.54,-2.42
17.54,-2.42 17.6,-2.54
17.45,-2.47 17.51,-2.58
17.6,-2.54 17.6,-2.57
17.6,-2.57 17.6,-2.59
17.6,-2.59 17.6,-2.61
17.6,-2.61 17.59,-2.62
17.59,-2.62 17.59,-2.64
17.59,-2.64 17.44,-2.81
17.51,-2.58 17.48,-2.77
17.4,-2.55 17.48,-2.77
17.59,-2.64 17.44,-2.81
17.44,-2.81 17.42,-2.82
17.42,-2.82 17.39,-2.84
17.39,-2.84 16.83,-3.04
16.83,-3.04 16.35,-3.11
16.35,-3.11 16.09,-3.13
14.56,-2.94 14.3,-2.75
14.56,-2.94 14.37,-2.67
14.56,-2.94 14.41,-2.58
14.3,-2.75 14.28,-2.73
14.37,-2.67 14.35,-2.65
14.28,-2.73 14.27,-2.71
14.27,-2.71 14.26,-2.7
14.26,-2.7 14.22,-2.61
14.35,-2.65 14.31,-2.58
14.22,-2.61 14.21,-2.59
14.21,-2.59 14.21,-2.57
14.21,-2.57 14.21,-2.56
14.21,-2.56 14.22,-2.51
14.31,-2.58 14.32,-2.51
14.41,-2.58 14.41,-2.57
14.22,-2.51 14.23,-2.49
14.23,-2.49 14.24,-2.47
14.24,-2.47 14.25,-2.45
14.25,-2.45 14.26,-2.44
14.21,-2.68 14.21,-2.69
14.21,-2.69 14.21,-2.7
17.36,-3.17 17.17,-3.26
17.36,-3.17 17.45,-3.07
14.21,-2.7 14.3,-2.91
17.52,-2.89 17.45,-3.07
17.58,-2.99 17.58,-3.11
17.63,-2.86 17.86,-2.68
17.86,-2.68 17.89,-2.67
17.89,-2.67 17.92,-2.66
17.92,-2.66 18.25,-2.54
18.25,-2.54 18.51,-2.49
18.51,-2.49 19.05,-2.43
19.05,-2.43 19.53,-2.43
19.53,-2.43 19.94,-2.47
19.94,-2.47 20.42,-2.58
20.42,-2.58 20.46,-2.59
20.46,-2.59 20.49,-2.6
20.49,-2.6 20.88,-2.81
20.88,-2.81 20.89,-2.82
20.89,-2.82 20.91,-2.84
20.91,-2.84 20.97,-2.96
20.97,-2.96 20.97,-3
20.97,-3 20.97,-3.01
20.97,-3.01 20.97,-3.03
20.97,-3.03 20.96,-3.05
20.96,-3.05 20.96,-3.07
20.96,-3.07 20.81,-3.23
20.81,-3.23 20.79,-3.25
20.79,-3.25 20.76,-3.26
20.76,-3.26 20.2,-3.47
20.2,-3.47 19.72,-3.54
19.72,-3.54 19.5,-3.55
18.03,-3.37 17.85,-3.3
17.85,-3.3 17.82,-3.28
17.82,-3.28 17.67,-3.17
17.67,-3.17 17.65,-3.15
17.65,-3.15 17.64,-3.14
17.64,-3.14 17.62,-3.12
17.62,-3.12 17.59,-3.03
17.59,-3.03 17.58,-3.02
17.58,-3.02 17.58,-3
17.58,-3 17.58,-2.98
17.58,-2.98 17.59,-2.93
17.59,-2.93 17.6,-2.91
17.6,-2.91 17.61,-2.89
17.61,-2.89 17.62,-2.88
17.62,-2.88 17.63,-2.86
17.58,-3.11 17.58,-3.11
17.58,-3.11 17.58,-3.13
17.58,-3.13 17.66,-3.32
13.44,-10.31 20.39,-11.19
13.44,-10.31 17.56,-10.83
13.44,-2.8 13.44,-10.31
13.69,-10.24 13.69,-10
14.3,-7.17 19.57,-7.84
14.3,-7.2 19.57,-7.87
13.44,-9.97 20.43,-10.85
13.6,-10.33 13.6,-9.99
13.69,-10.24 20.21,-11.06
15.37,-10.33 14.46,-10.22
19.57,-5.06 14.3,-4.4
14.3,-4.43 19.57,-5.09
17.43,-4.79 17.43,-4.79
17.43,-4.79 17.43,-4.79
15.37,-10.33 15.37,-10.21
14.65,-1.73 13.44,-2.8
14.66,-1.76 13.48,-2.81
20.42,-3.67 13.44,-2.8
21.64,-2.59 14.65,-1.73
21.57,-2.61 14.66,-1.76
14.46,-10.1 14.46,-10.22
13.6,-10.33 13.69,-10.24
21.5,-2.67 18.24,-2.27
18.08,-2.25 14.67,-1.83
20.56,-10.74 21.54,-9.88
20.78,-5.3 21.54,-4.63
20.78,-6.63 21.54,-5.96
20.78,-7.96 21.54,-7.29
20.78,-9.3 21.54,-8.63
21.64,-10.08 21.63,-2.6
20.78,-10.42 21.4,-9.87
20.56,-11.03 20.56,-10.74
21.64,-10.08 20.39,-11.19
21.54,-9.82 21.54,-10.17
21.54,-4.63 21.54,-9.82
21.4,-9.87 21.4,-4.74
21.2,-10.05 21.2,-4.92
21,-10.23 21,-5.1
21.64,-2.59 20.42,-3.67
21.57,-2.61 20.38,-3.66
20.78,-5.3 20.78,-10.42
20.56,-10.74 20.56,-5.77
21.54,-4.63 21.54,-3.13
21.44,-3.1 21.06,-3.7
20.43,-11.15 20.43,-10.85
20.42,-3.67 20.42,-5.17
20.42,-5.2 20.43,-7.94
20.43,-7.97 20.43,-10.85
20.45,-3.64 20.46,-11.12
20.46,-10.82 20.43,-10.85
20.21,-10.82 20.21,-11.06
20.26,-10.83 20.26,-11.17
20.26,-11.17 20.21,-11.06
19.13,-10.8 18.21,-10.69
18.21,-10.69 18.21,-10.57
19.13,-10.69 19.13,-10.8
14.67,-1.83 13.55,-2.81
15.01,-9.12 15.01,-7.29
15.01,-7.26 15.01,-4.52
15.01,-4.48 15.01,-3.89
18.76,-9.62 18.76,-7.76
18.76,-7.73 18.76,-4.99
18.76,-4.96 18.76,-4.38
14.3,-2.91 14.3,-4.4
14.3,-4.43 14.3,-7.17
14.3,-7.2 14.3,-10.08
14.27,-2.91 14.27,-10.08
19.57,-3.56 19.57,-5.06
19.57,-5.09 19.57,-7.84
19.57,-7.87 19.57,-10.74
19.6,-3.56 19.6,-10.75
16.93,-3.23 18.09,-2.24
16.97,-3.24 18.19,-2.2
17.09,-3.25 18.28,-2.24
17.03,-3.24 18.25,-2.2
18.25,-2.24 18.28,-2.24
18.14,-2.24 18.09,-2.24
18.25,-2.2 18.25,-2.24
17.76,-2.92 18.01,-2.74
17.88,-2.98 18.06,-2.85
18.04,-2.72 18.1,-2.7
18.06,-2.85 18.09,-2.84
18.1,-2.7 18.37,-2.62
18.09,-2.84 18.4,-2.74
18.37,-2.62 18.62,-2.57
18.4,-2.74 18.64,-2.69
18.62,-2.57 19.15,-2.52
18.64,-2.69 19.16,-2.64
19.15,-2.52 19.63,-2.54
19.16,-2.64 19.62,-2.64
19.63,-2.54 20.02,-2.58
19.62,-2.64 20,-2.68
20.02,-2.58 20.49,-2.68
20,-2.68 20.5,-2.78
20.49,-2.68 20.52,-2.69
20.52,-2.69 20.55,-2.7
20.55,-2.7 20.88,-2.9
20.55,-2.7 20.88,-2.9
20.5,-2.78 20.84,-2.97
20.88,-2.9 20.91,-3.01
20.91,-3.01 20.91,-3.11
20.84,-2.97 20.91,-3.11
18.03,-3.37 17.8,-3.14
18.03,-3.37 17.88,-3.1
17.8,-3.14 17.76,-3.09
17.76,-3.09 17.74,-3
17.74,-3 17.76,-2.92
17.88,-3.1 17.88,-2.98
18.01,-2.74 18.04,-2.72
20.97,-3 20.95,-3.16
20.65,-10.72 20.65,-10.88
20.65,-10.72 20.96,-10.45
20.96,-10.45 20.96,-10.61
20.96,-10.61 20.65,-10.88
