19.49,-10.92 19.49,-15.77
19.49,-15.77 12.24,-15.77
30.08,-16.66 12.24,-16.66
30.08,-10.78 30.08,-16.66
12.24,-17.16 12.24,-15.27
11.07,-16.21 7.38,-16.21
12.24,-15.27 11.07,-16.21
11.07,-16.21 12.24,-17.16
14.08,-10.35 20.39,-11.14
14.68,-2.61 14.68,-2.72
14.73,-2.47 14.96,-2.3
14.82,-2.53 15.03,-2.37
14.91,-2.57 15.06,-2.47
14.96,-2.3 14.99,-2.28
14.99,-2.28 15.02,-2.27
15.06,-2.47 15.09,-2.46
15.02,-2.27 15.35,-2.16
15.03,-2.37 15.38,-2.25
15.09,-2.46 15.4,-2.35
15.35,-2.16 15.62,-2.1
15.38,-2.25 15.63,-2.2
15.4,-2.35 15.65,-2.3
15.62,-2.1 16.16,-2.05
15.63,-2.2 16.16,-2.15
15.65,-2.3 16.17,-2.25
16.16,-2.05 16.64,-2.05
16.16,-2.15 16.63,-2.15
16.17,-2.25 16.63,-2.25
16.64,-2.05 17.04,-2.09
16.63,-2.15 17.02,-2.19
16.63,-2.25 17.01,-2.28
17.04,-2.09 17.52,-2.19
17.02,-2.19 17.5,-2.29
17.01,-2.28 17.47,-2.38
17.52,-2.19 17.56,-2.2
17.56,-2.2 17.6,-2.21
17.5,-2.29 17.56,-2.31
17.47,-2.38 17.52,-2.4
17.6,-2.21 17.95,-2.46
17.56,-2.31 17.88,-2.52
17.52,-2.4 17.86,-2.65
17.95,-2.46 17.97,-2.48
17.97,-2.48 17.99,-2.5
17.99,-2.5 18.05,-2.57
18.05,-2.57 18.07,-2.6
18.07,-2.6 18.07,-2.63
18.07,-2.63 18.07,-2.64
18.07,-2.64 18.07,-2.65
17.79,-2.91 17.3,-3.08
17.3,-3.08 16.82,-3.15
16.82,-3.15 16.68,-3.16
15.08,-2.96 14.95,-2.91
15.08,-2.96 14.94,-2.84
15.08,-2.96 14.97,-2.79
14.95,-2.91 14.92,-2.9
14.92,-2.9 14.77,-2.78
14.94,-2.84 14.82,-2.7
14.97,-2.79 14.89,-2.63
14.77,-2.78 14.75,-2.77
14.75,-2.77 14.74,-2.75
14.74,-2.75 14.73,-2.73
14.73,-2.73 14.69,-2.65
14.82,-2.7 14.81,-2.61
14.69,-2.65 14.69,-2.63
14.69,-2.63 14.68,-2.61
14.68,-2.61 14.68,-2.59
14.68,-2.59 14.69,-2.54
14.81,-2.61 14.82,-2.53
14.89,-2.63 14.91,-2.57
14.69,-2.54 14.7,-2.53
14.7,-2.53 14.71,-2.51
14.71,-2.51 14.72,-2.49
14.72,-2.49 14.73,-2.47
14.68,-2.72 14.68,-2.73
14.68,-2.73 14.69,-2.74
14.69,-2.74 14.76,-2.92
17.79,-2.97 17.79,-3.08
18.09,-2.65 18.12,-2.63
18.12,-2.63 18.45,-2.52
18.15,-2.73 18.48,-2.62
18.2,-2.82 18.51,-2.72
18.45,-2.52 18.72,-2.47
18.48,-2.62 18.74,-2.57
18.51,-2.72 18.75,-2.67
18.72,-2.47 19.26,-2.41
18.74,-2.57 19.26,-2.51
18.75,-2.67 19.27,-2.61
19.26,-2.41 19.74,-2.41
19.26,-2.51 19.73,-2.51
19.27,-2.61 19.73,-2.61
19.74,-2.41 20.14,-2.45
19.73,-2.51 20.13,-2.55
19.73,-2.61 20.11,-2.65
20.14,-2.45 20.63,-2.55
20.13,-2.55 20.6,-2.65
20.11,-2.65 20.58,-2.75
20.63,-2.55 20.66,-2.57
20.66,-2.57 20.7,-2.58
20.63,-2.66 20.66,-2.67
20.6,-2.65 20.66,-2.67
20.58,-2.75 20.62,-2.76
20.7,-2.58 20.96,-2.7
20.66,-2.67 21,-2.88
20.62,-2.76 20.93,-2.93
20.96,-2.7 21.08,-2.81
21.08,-2.81 21.08,-2.87
21.08,-2.87 20.98,-3.1
21,-2.88 20.98,-3.1
20.93,-2.93 20.98,-3.1
20.71,-3.34 20.4,-3.45
20.4,-3.45 19.93,-3.52
19.93,-3.52 19.67,-3.53
18.34,-3.37 18.05,-3.27
18.34,-3.37 18.09,-3.18
18.34,-3.37 18.1,-3.12
18.05,-3.27 18.03,-3.26
18.03,-3.26 17.87,-3.15
18.09,-3.18 17.93,-3.06
18.1,-3.12 18.01,-3
17.87,-3.15 17.86,-3.13
17.86,-3.13 17.84,-3.12
17.84,-3.12 17.83,-3.1
17.83,-3.1 17.79,-3.01
17.93,-3.06 17.89,-2.98
18.01,-3 18.01,-3
17.79,-3.01 17.79,-2.99
17.79,-2.99 17.79,-2.98
17.79,-2.98 17.79,-2.96
17.79,-2.96 17.8,-2.92
17.89,-2.98 17.89,-2.97
17.79,-3.08 17.79,-3.09
17.79,-3.09 17.79,-3.11
17.79,-3.11 17.87,-3.31
18.07,-2.65 17.79,-2.91
17.94,-2.67 17.8,-2.9
17.86,-2.65 17.8,-2.9
18.09,-2.65 17.8,-2.92
18.15,-2.73 17.89,-2.97
18.2,-2.82 18.01,-3
18.07,-2.65 18.07,-2.67
14.08,-10.35 18.2,-10.87
14.08,-2.84 14.08,-10.35
14.33,-10.28 14.33,-10.04
20.21,-10.78 20.21,-11.02
14.08,-7.1 20.43,-7.9
14.07,-7.13 20.43,-7.93
14.08,-10.01 20.43,-10.81
20.26,-10.79 20.26,-11.13
14.23,-10.37 14.23,-10.03
14.33,-10.28 20.21,-11.02
16.01,-10.37 15.1,-10.25
19.13,-10.76 18.21,-10.65
20.42,-5.13 14.08,-4.32
14.08,-4.36 20.42,-5.16
18.07,-4.83 18.07,-4.83
18.07,-4.83 18.07,-4.83
16.01,-10.37 16.01,-10.25
18.21,-10.65 18.21,-10.53
15.29,-1.76 14.08,-2.84
15.3,-1.8 14.12,-2.84
20.43,-3.62 14.08,-2.84
21.64,-2.55 15.29,-1.76
21.57,-2.57 15.3,-1.8
20.43,-11.15 20.43,-10.81
15.1,-10.14 15.1,-10.25
19.13,-10.64 19.13,-10.76
14.23,-10.37 14.33,-10.28
20.26,-11.13 20.21,-11.02
21.5,-2.63 15.31,-1.87
14.8,-9.05 14.8,-7.22
14.8,-7.19 14.8,-4.45
14.8,-4.42 14.8,-3.83
20.57,-10.7 21.54,-9.84
20.79,-5.25 21.54,-4.58
20.79,-6.58 21.54,-5.92
20.79,-7.92 21.54,-7.25
20.79,-9.25 21.54,-8.58
21.64,-10.04 21.64,-2.56
20.79,-10.38 21.41,-9.83
20.42,-3.63 20.42,-5.13
20.42,-5.16 20.43,-7.9
20.43,-7.93 20.43,-10.81
20.45,-3.6 20.46,-11.09
20.57,-10.99 20.57,-10.7
21.64,-10.04 20.39,-11.14
21.54,-9.78 21.54,-10.13
21.54,-4.58 21.54,-9.78
21.41,-9.83 21.41,-4.7
21.21,-10 21.21,-4.88
21.01,-10.18 21.01,-5.05
21.64,-2.55 20.43,-3.62
21.57,-2.57 20.39,-3.62
20.79,-5.25 20.79,-10.38
20.57,-10.7 20.57,-5.73
21.54,-4.58 21.54,-3.09
21.45,-3.06 21.06,-3.66
20.46,-10.78 20.43,-10.81
19.62,-9.69 19.62,-7.83
19.62,-7.8 19.62,-5.06
19.62,-5.02 19.62,-4.45
20.68,-10.66 20.68,-10.82
20.68,-10.66 20.99,-10.39
20.99,-10.39 20.99,-10.55
20.99,-10.55 20.68,-10.82
17.88,-2.52 17.94,-2.67
26.5,-10.47 30.62,-10.99
30.8,-10.54 31.77,-9.68
31.02,-5.1 31.77,-4.43
31.02,-6.43 31.77,-5.76
31.02,-7.76 31.77,-7.09
31.02,-9.1 31.77,-8.43
26.5,-2.96 26.5,-10.47
26.76,-10.4 26.76,-10.16
30.4,-10.62 30.4,-10.86
31.87,-9.88 31.87,-2.4
26.5,-7.22 30.66,-7.74
26.5,-7.25 30.66,-7.77
26.5,-10.13 30.66,-10.65
31.02,-10.22 31.64,-9.67
30.45,-10.63 30.45,-10.97
26.66,-10.49 26.66,-10.15
26.76,-10.4 30.4,-10.86
28.43,-10.49 27.52,-10.38
29.66,-10.64 28.74,-10.53
30.65,-4.97 26.5,-4.45
30.65,-3.47 30.65,-4.97
30.65,-5 30.66,-7.74
30.66,-7.77 30.66,-10.65
30.68,-3.45 30.69,-10.93
30.8,-10.83 30.8,-10.54
31.87,-9.88 30.62,-10.99
31.77,-9.62 31.77,-9.97
31.77,-4.43 31.77,-9.62
31.64,-9.67 31.64,-4.54
31.44,-9.85 31.44,-4.72
31.24,-10.03 31.24,-4.9
26.5,-4.48 30.65,-5
30.5,-4.95 30.5,-4.95
30.5,-4.95 30.5,-4.95
28.43,-10.49 28.43,-10.37
28.74,-10.53 28.74,-10.41
30.87,-3.08 30.91,-2.76
27.52,-2.78 27.52,-2.89
27.57,-2.65 27.8,-2.47
27.63,-2.72 27.86,-2.55
27.76,-2.78 27.91,-2.63
27.8,-2.47 27.83,-2.46
27.83,-2.46 27.86,-2.44
27.86,-2.44 28.19,-2.33
27.89,-2.54 28.21,-2.43
27.91,-2.63 28.24,-2.52
28.19,-2.33 28.45,-2.27
28.21,-2.43 28.47,-2.37
28.24,-2.52 28.48,-2.47
28.45,-2.27 28.99,-2.22
28.47,-2.37 29,-2.32
28.48,-2.47 29,-2.42
28.99,-2.22 29.47,-2.22
29,-2.32 29.47,-2.32
29,-2.42 29.46,-2.42
29.47,-2.22 29.87,-2.26
29.47,-2.32 29.86,-2.36
29.46,-2.42 29.84,-2.46
29.87,-2.26 30.36,-2.36
29.86,-2.36 30.34,-2.46
29.84,-2.46 30.32,-2.56
30.36,-2.36 30.4,-2.37
30.4,-2.37 30.43,-2.39
30.34,-2.46 30.39,-2.48
30.32,-2.56 30.35,-2.57
30.43,-2.39 30.81,-2.59
30.39,-2.48 30.76,-2.68
30.35,-2.57 30.72,-2.77
30.81,-2.59 30.83,-2.61
30.83,-2.61 30.85,-2.63
30.85,-2.63 30.91,-2.75
30.76,-2.68 30.85,-2.9
30.72,-2.77 30.85,-2.9
30.91,-2.75 30.91,-2.78
30.91,-2.78 30.91,-2.8
30.91,-2.8 30.91,-2.82
30.91,-2.82 30.9,-2.83
30.9,-2.83 30.9,-2.85
30.9,-2.85 30.75,-3.02
30.75,-3.02 30.73,-3.03
30.73,-3.03 30.7,-3.05
30.7,-3.05 30.14,-3.25
30.14,-3.25 29.66,-3.32
29.66,-3.32 29.52,-3.33
28.04,-3.15 27.79,-3.08
28.04,-3.15 27.81,-3.03
28.04,-3.15 27.86,-2.97
27.79,-3.08 27.76,-3.07
27.76,-3.07 27.61,-2.96
27.81,-3.03 27.66,-2.86
27.86,-2.97 27.76,-2.78
27.61,-2.96 27.59,-2.94
27.59,-2.94 27.58,-2.92
27.58,-2.92 27.56,-2.91
27.56,-2.91 27.53,-2.82
27.66,-2.86 27.62,-2.79
27.53,-2.82 27.52,-2.8
27.52,-2.8 27.52,-2.78
27.52,-2.78 27.52,-2.77
27.52,-2.77 27.53,-2.72
27.62,-2.79 27.63,-2.72
27.53,-2.72 27.54,-2.7
27.54,-2.7 27.55,-2.68
27.55,-2.68 27.56,-2.66
27.56,-2.66 27.57,-2.65
27.52,-2.89 27.52,-2.9
27.52,-2.9 27.52,-2.91
30.58,-3.38 30.4,-3.44
30.58,-3.38 30.72,-3.27
27.52,-2.91 27.59,-3.09
30.87,-3.08 30.72,-3.27
27.72,-1.89 26.5,-2.96
27.73,-1.92 26.54,-2.96
31.87,-2.4 30.65,-3.47
31.8,-2.42 30.61,-3.47
30.65,-3.47 26.5,-2.96
30.68,-4.94 30.65,-4.97
30.68,-4.98 30.65,-5
30.69,-7.72 30.66,-7.74
30.69,-7.75 30.66,-7.77
30.69,-10.63 30.66,-10.65
31.02,-5.1 31.02,-10.22
31.87,-2.4 27.72,-1.89
31.8,-2.42 27.73,-1.92
30.62,-10.99 30.62,-10.65
30.8,-10.54 30.8,-5.57
31.77,-4.43 31.77,-2.93
31.68,-2.9 31.29,-3.5
27.52,-10.26 27.52,-10.38
29.66,-10.53 29.66,-10.64
26.66,-10.49 26.76,-10.4
30.45,-10.97 30.4,-10.86
30.68,-3.45 30.64,-3.44
31.73,-2.48 27.73,-1.99
29.85,-9.53 29.85,-7.67
29.85,-7.64 29.85,-4.9
29.85,-4.87 29.85,-4.29
27.22,-9.17 27.22,-7.34
27.22,-7.31 27.22,-4.57
27.22,-4.54 27.22,-3.95
30.92,-10.5 30.92,-10.66
30.92,-10.5 31.22,-10.22
31.22,-10.22 31.22,-10.39
31.22,-10.39 30.92,-10.66
27.86,-2.55 27.89,-2.54
