4.12,-3.34 4.12,-11.29
4.29,-11.34 6.95,-11.34
4.32,-11.04 6.92,-11.04
4.32,-10.84 6.92,-10.84
4.32,-10.64 6.92,-10.64
4.32,-10.44 6.92,-10.44
4.32,-10.24 6.92,-10.24
4.32,-10.04 6.92,-10.04
4.32,-9.84 6.92,-9.84
4.32,-9.64 6.92,-9.64
4.32,-9.44 6.92,-9.44
4.32,-9.24 6.92,-9.24
4.32,-9.04 6.92,-9.04
4.32,-8.84 6.92,-8.84
4.32,-8.64 6.92,-8.64
4.32,-8.44 6.92,-8.44
4.32,-8.24 6.92,-8.24
4.32,-8.64 6.92,-8.64
4.32,-8.04 6.92,-8.04
4.32,-7.84 6.92,-7.84
4.32,-6.84 6.92,-6.84
4.32,-6.69 6.92,-6.69
7.12,-11.29 7.12,-3.34
7.22,-3.34 7.22,-1.57
4.02,-3.34 4.02,-1.57
4.02,-3.34 7.22,-3.34
4.02,-2.94 7.22,-2.94
4.02,-2.54 7.22,-2.54
4.02,-2.14 7.22,-2.14
4.02,-1.74 7.22,-1.74
4.02,-3.34 4.02,-1.57
4.07,-1.54 7.19,-1.54
4.32,-11.34 4.32,-3.34
4.29,-11.34 4.29,-3.37
6.92,-11.34 6.92,-3.34
6.95,-11.34 6.95,-3.37
4.12,-3.37 4.29,-3.37
6.95,-3.37 7.12,-3.37
4.12,-11.29 4.29,-11.34
7.12,-11.29 6.95,-11.34
5.26,-3.66 5.94,-3.67
5.13,-3.66 5.16,-3.62
5.16,-3.62 5.23,-3.59
5.23,-3.59 5.38,-3.56
5.38,-3.56 5.5,-3.55
5.5,-3.55 5.66,-3.55
5.66,-3.55 5.87,-3.57
5.87,-3.57 5.94,-3.59
5.94,-3.59 6.02,-3.62
6.02,-3.62 6.05,-3.67
6.05,-3.67 6.05,-3.69
6.05,-3.69 6.02,-3.72
6.02,-3.72 5.92,-3.77
5.92,-3.77 5.74,-3.79
5.74,-3.79 5.53,-3.79
5.53,-3.79 5.41,-3.78
5.41,-3.78 5.28,-3.78
5.28,-3.78 5.18,-3.73
5.18,-3.73 5.14,-3.69
5.14,-3.69 5.13,-3.66
4.02,-1.57 4.02,-1.57
4.02,-1.57 4.03,-1.56
4.03,-1.56 4.03,-1.56
4.03,-1.56 4.04,-1.56
4.04,-1.56 4.04,-1.55
4.04,-1.55 4.05,-1.55
4.05,-1.55 4.05,-1.55
4.05,-1.55 4.06,-1.55
4.06,-1.55 4.07,-1.54
4.07,-1.54 4.07,-1.54
7.22,-1.57 7.22,-1.57
7.22,-1.57 7.22,-1.56
7.22,-1.56 7.22,-1.56
7.22,-1.56 7.21,-1.56
7.21,-1.56 7.21,-1.56
7.21,-1.56 7.2,-1.55
7.2,-1.55 7.2,-1.55
7.2,-1.55 7.19,-1.54
7.19,-1.54 7.19,-1.54
7.19,-1.54 7.19,-1.54
6.46,-7.7 6.46,-8.11
6.46,-8.11 6.59,-8.11
6.59,-8.11 6.59,-7.7
6.46,-7.7 6.59,-7.7
