11.92,-10.36 11.92,-4.18
7.88,-2.94 7.89,-2.85
4.5,-2.85 4.5,-2.96
7.74,-3.58 7.74,-3.35
4.55,-2.71 4.78,-2.54
4.61,-2.79 4.83,-2.62
4.7,-2.85 4.88,-2.71
4.78,-2.54 4.81,-2.52
4.83,-2.62 4.85,-2.61
4.81,-2.52 4.84,-2.51
4.85,-2.61 4.87,-2.6
4.88,-2.71 4.91,-2.7
4.84,-2.51 5.17,-2.4
4.87,-2.6 5.19,-2.49
4.91,-2.7 5.22,-2.59
5.17,-2.4 5.43,-2.34
5.19,-2.49 5.45,-2.44
5.22,-2.59 5.46,-2.54
5.43,-2.34 5.97,-2.29
5.45,-2.44 5.98,-2.39
5.46,-2.54 5.98,-2.49
5.97,-2.29 6.45,-2.29
5.98,-2.39 6.45,-2.39
5.98,-2.49 6.44,-2.49
6.45,-2.29 6.85,-2.33
6.45,-2.39 6.84,-2.43
6.44,-2.49 6.82,-2.52
6.85,-2.33 7.34,-2.43
6.84,-2.43 7.31,-2.53
6.82,-2.52 7.32,-2.63
7.34,-2.43 7.38,-2.44
7.31,-2.53 7.34,-2.54
7.38,-2.44 7.41,-2.45
7.34,-2.54 7.37,-2.55
7.41,-2.45 7.79,-2.66
7.37,-2.55 7.74,-2.75
7.37,-2.55 7.74,-2.75
7.32,-2.63 7.69,-2.83
7.79,-2.66 7.81,-2.68
7.81,-2.68 7.83,-2.69
7.83,-2.69 7.89,-2.82
7.74,-2.75 7.8,-2.86
7.89,-2.82 7.89,-2.85
7.89,-2.85 7.89,-2.87
7.89,-2.87 7.88,-2.88
7.88,-2.88 7.88,-2.9
7.88,-2.9 7.87,-2.92
7.87,-2.92 7.73,-3.09
7.8,-2.86 7.76,-3.05
7.69,-2.83 7.76,-3.05
7.87,-2.92 7.73,-3.09
7.73,-3.09 7.71,-3.1
7.71,-3.1 7.68,-3.12
7.68,-3.12 7.12,-3.32
7.12,-3.32 6.64,-3.39
6.64,-3.39 6.38,-3.41
4.85,-3.22 4.59,-3.02
4.85,-3.22 4.65,-2.95
4.85,-3.22 4.7,-2.86
4.59,-3.02 4.57,-3.01
4.65,-2.95 4.63,-2.93
4.57,-3.01 4.56,-2.99
4.56,-2.99 4.54,-2.97
4.54,-2.97 4.51,-2.89
4.63,-2.93 4.6,-2.85
4.51,-2.89 4.5,-2.87
4.5,-2.87 4.5,-2.85
4.5,-2.85 4.5,-2.84
4.5,-2.84 4.51,-2.78
4.6,-2.85 4.61,-2.79
4.7,-2.86 4.7,-2.85
4.51,-2.78 4.52,-2.77
4.52,-2.77 4.53,-2.75
4.53,-2.75 4.54,-2.73
4.54,-2.73 4.55,-2.71
4.5,-2.96 4.5,-2.97
4.5,-2.97 4.5,-2.98
7.65,-3.45 7.46,-3.54
7.65,-3.45 7.74,-3.35
4.5,-2.98 4.58,-3.18
7.81,-3.16 7.74,-3.35
7.87,-3.27 7.87,-3.38
7.92,-3.14 8.14,-2.96
8.14,-2.96 8.17,-2.95
8.17,-2.95 8.2,-2.93
8.2,-2.93 8.53,-2.82
8.53,-2.82 8.8,-2.77
8.8,-2.77 9.34,-2.71
9.34,-2.71 9.82,-2.71
9.82,-2.71 10.22,-2.75
10.22,-2.75 10.71,-2.85
10.71,-2.85 10.74,-2.87
10.74,-2.87 10.78,-2.88
10.78,-2.88 11.16,-3.08
11.16,-3.08 11.18,-3.1
11.18,-3.1 11.19,-3.12
11.19,-3.12 11.25,-3.24
11.25,-3.24 11.26,-3.27
11.26,-3.27 11.26,-3.29
11.26,-3.29 11.25,-3.31
11.25,-3.31 11.25,-3.33
11.25,-3.33 11.24,-3.34
11.24,-3.34 11.1,-3.51
11.1,-3.51 11.07,-3.53
11.07,-3.53 11.05,-3.54
11.05,-3.54 10.48,-3.74
10.48,-3.74 10.01,-3.81
10.01,-3.81 9.79,-3.83
8.32,-3.65 8.13,-3.57
8.13,-3.57 8.11,-3.56
8.11,-3.56 7.95,-3.45
7.95,-3.45 7.94,-3.43
7.94,-3.43 7.93,-3.41
7.93,-3.41 7.91,-3.4
7.91,-3.4 7.87,-3.31
7.87,-3.31 7.87,-3.29
7.87,-3.29 7.87,-3.28
7.87,-3.28 7.87,-3.26
7.87,-3.26 7.88,-3.21
7.88,-3.21 7.89,-3.19
7.89,-3.19 7.9,-3.17
7.9,-3.17 7.91,-3.15
7.91,-3.15 7.92,-3.14
7.87,-3.38 7.87,-3.39
7.87,-3.39 7.87,-3.4
7.87,-3.4 7.95,-3.6
3.73,-10.59 10.68,-11.46
3.73,-10.59 7.85,-11.11
3.73,-3.08 3.73,-10.59
3.98,-10.52 3.98,-10.28
4.58,-7.45 9.86,-8.11
4.58,-7.48 9.86,-8.14
3.73,-10.25 10.72,-11.13
3.88,-10.61 3.88,-10.27
3.98,-10.52 10.5,-11.34
5.66,-10.61 4.74,-10.49
9.86,-5.34 4.58,-4.67
4.58,-4.71 9.86,-5.37
7.72,-5.07 7.72,-5.07
7.72,-5.07 7.72,-5.07
5.66,-10.61 5.66,-10.49
4.94,-2.01 3.73,-3.08
4.95,-2.04 3.76,-3.08
10.71,-3.94 3.73,-3.08
11.92,-2.87 4.94,-2.01
11.85,-2.89 4.95,-2.04
4.74,-10.38 4.74,-10.49
3.88,-10.61 3.98,-10.52
11.79,-2.95 8.53,-2.55
8.37,-2.53 4.95,-2.11
10.85,-11.02 11.82,-10.16
11.07,-5.57 11.82,-4.9
11.07,-6.91 11.82,-6.24
11.07,-8.24 11.82,-7.57
11.07,-9.57 11.82,-8.9
11.92,-10.36 11.92,-2.88
11.07,-10.7 11.69,-10.15
10.85,-11.31 10.85,-11.02
11.92,-10.36 10.68,-11.46
11.82,-10.1 11.82,-10.45
11.82,-4.9 11.82,-10.1
11.69,-10.15 11.69,-5.02
11.49,-10.33 11.49,-5.2
11.29,-10.5 11.29,-5.37
11.92,-2.87 10.71,-3.94
11.85,-2.89 10.67,-3.94
11.07,-5.57 11.07,-10.7
10.85,-11.02 10.85,-6.05
11.82,-4.9 11.82,-3.41
11.73,-3.38 11.34,-3.98
10.72,-11.43 10.72,-11.12
10.71,-3.94 10.71,-5.45
10.71,-5.48 10.71,-8.22
10.71,-8.25 10.72,-11.12
10.74,-3.92 10.75,-11.4
10.75,-11.1 10.72,-11.12
10.5,-11.1 10.5,-11.34
10.55,-11.11 10.55,-11.45
10.55,-11.45 10.5,-11.34
9.42,-11.08 8.5,-10.97
8.5,-10.97 8.5,-10.85
9.42,-10.97 9.42,-11.08
4.95,-2.11 3.84,-3.09
5.3,-9.4 5.3,-7.57
5.3,-7.54 5.3,-4.8
5.3,-4.76 5.3,-4.17
9.05,-9.89 9.05,-8.04
9.05,-8.01 9.05,-5.27
9.05,-5.23 9.05,-4.66
4.58,-3.18 4.58,-4.67
4.58,-4.71 4.58,-7.45
4.58,-7.48 4.58,-10.36
4.55,-3.18 4.55,-10.35
9.86,-3.84 9.86,-5.34
9.86,-5.37 9.86,-8.11
9.86,-8.14 9.86,-11.02
9.89,-3.84 9.89,-11.02
7.22,-3.51 8.38,-2.52
7.26,-3.52 8.48,-2.47
7.38,-3.53 8.56,-2.52
7.31,-3.52 8.53,-2.48
8.53,-2.52 8.56,-2.52
8.43,-2.52 8.38,-2.52
8.53,-2.48 8.53,-2.52
8.04,-3.19 8.29,-3.02
8.17,-3.26 8.35,-3.13
8.33,-3 8.39,-2.98
8.35,-3.13 8.38,-3.11
8.39,-2.98 8.66,-2.9
8.38,-3.11 8.68,-3.02
8.66,-2.9 8.91,-2.85
8.68,-3.02 8.93,-2.97
8.91,-2.85 9.44,-2.8
8.93,-2.97 9.45,-2.92
9.44,-2.8 9.91,-2.82
9.45,-2.92 9.91,-2.92
9.91,-2.82 10.31,-2.86
9.91,-2.92 10.29,-2.95
10.31,-2.86 10.78,-2.96
10.29,-2.95 10.78,-3.06
10.78,-2.96 10.81,-2.97
10.81,-2.97 10.84,-2.98
10.84,-2.98 11.17,-3.18
10.84,-2.98 11.17,-3.18
10.78,-3.06 11.13,-3.25
11.17,-3.18 11.2,-3.28
11.2,-3.28 11.2,-3.39
11.13,-3.25 11.2,-3.39
8.32,-3.65 8.09,-3.42
8.32,-3.65 8.17,-3.38
8.09,-3.42 8.05,-3.36
8.05,-3.36 8.03,-3.28
8.03,-3.28 8.04,-3.19
8.17,-3.38 8.17,-3.26
8.29,-3.02 8.33,-3
11.26,-3.28 11.24,-3.43
10.94,-11 10.94,-11.16
10.94,-11 11.25,-10.73
11.25,-10.73 11.25,-10.89
11.25,-10.89 10.94,-11.16
