3.73,-10.59 7.85,-11.11
8.02,-10.66 9,-9.8
8.24,-5.21 9,-4.55
8.24,-6.55 9,-5.88
8.24,-7.88 9,-7.21
8.24,-9.21 9,-8.55
3.73,-3.08 3.73,-10.59
3.98,-10.52 3.98,-10.28
7.63,-10.74 7.63,-10.98
9.1,-10 9.09,-2.52
3.73,-7.34 7.88,-7.86
3.72,-7.37 7.88,-7.89
3.73,-10.25 7.88,-10.77
8.24,-10.34 8.86,-9.79
7.68,-10.75 7.68,-11.09
3.88,-10.61 3.88,-10.27
3.98,-10.52 7.63,-10.98
5.66,-10.61 4.74,-10.49
6.88,-10.76 5.96,-10.65
7.88,-5.09 3.73,-4.57
7.87,-3.59 7.88,-5.09
7.88,-5.12 7.88,-7.86
7.88,-7.89 7.88,-10.77
7.9,-3.57 7.91,-11.05
8.02,-10.95 8.02,-10.66
9.1,-10 7.85,-11.11
9,-9.74 9,-10.09
9,-4.55 9,-9.74
8.86,-9.79 8.86,-4.66
8.66,-9.97 8.66,-4.84
8.46,-10.14 8.46,-5.02
3.73,-4.6 7.88,-5.12
7.72,-5.07 7.72,-5.07
7.72,-5.07 7.72,-5.07
5.66,-10.61 5.66,-10.49
5.96,-10.65 5.96,-10.53
8.09,-3.2 8.13,-2.88
4.74,-2.9 4.74,-3.01
4.79,-2.77 5.02,-2.59
4.85,-2.84 5.08,-2.67
4.98,-2.9 5.13,-2.75
5.02,-2.59 5.05,-2.58
5.05,-2.58 5.08,-2.56
5.08,-2.56 5.41,-2.45
5.11,-2.66 5.44,-2.55
5.13,-2.75 5.46,-2.64
5.41,-2.45 5.68,-2.39
5.44,-2.55 5.69,-2.49
5.46,-2.64 5.71,-2.59
5.68,-2.39 6.21,-2.34
5.69,-2.49 6.22,-2.44
5.71,-2.59 6.22,-2.54
6.21,-2.34 6.69,-2.34
6.22,-2.44 6.69,-2.44
6.22,-2.54 6.68,-2.54
6.69,-2.34 7.1,-2.38
6.69,-2.44 7.08,-2.48
6.68,-2.54 7.07,-2.58
7.1,-2.38 7.58,-2.48
7.08,-2.48 7.56,-2.58
7.07,-2.58 7.54,-2.68
7.58,-2.48 7.62,-2.49
7.62,-2.49 7.66,-2.51
7.56,-2.58 7.62,-2.6
7.54,-2.68 7.58,-2.69
7.66,-2.51 8.04,-2.71
7.62,-2.6 7.98,-2.8
7.58,-2.69 7.94,-2.89
8.04,-2.71 8.05,-2.73
8.05,-2.73 8.07,-2.75
8.07,-2.75 8.13,-2.87
7.98,-2.8 8.07,-3.02
7.94,-2.89 8.07,-3.02
8.13,-2.87 8.13,-2.9
8.13,-2.9 8.13,-2.92
8.13,-2.92 8.13,-2.94
8.13,-2.94 8.12,-2.95
8.12,-2.95 8.12,-2.97
8.12,-2.97 7.97,-3.14
7.97,-3.14 7.95,-3.15
7.95,-3.15 7.92,-3.17
7.92,-3.17 7.36,-3.37
7.36,-3.37 6.88,-3.44
6.88,-3.44 6.74,-3.45
5.26,-3.27 5.01,-3.2
5.26,-3.27 5.03,-3.15
5.26,-3.27 5.08,-3.09
5.01,-3.2 4.98,-3.19
4.98,-3.19 4.83,-3.08
5.03,-3.15 4.88,-2.98
5.08,-3.09 4.98,-2.9
4.83,-3.08 4.81,-3.06
4.81,-3.06 4.8,-3.04
4.8,-3.04 4.79,-3.03
4.79,-3.03 4.75,-2.94
4.88,-2.98 4.84,-2.9
4.75,-2.94 4.74,-2.92
4.74,-2.92 4.74,-2.9
4.74,-2.9 4.74,-2.89
4.74,-2.89 4.75,-2.83
4.84,-2.9 4.85,-2.84
4.75,-2.83 4.76,-2.82
4.76,-2.82 4.77,-2.8
4.77,-2.8 4.78,-2.78
4.78,-2.78 4.79,-2.77
4.74,-3.01 4.74,-3.02
4.74,-3.02 4.74,-3.03
7.81,-3.5 7.62,-3.56
7.81,-3.5 7.94,-3.38
4.74,-3.03 4.82,-3.21
8.09,-3.2 7.94,-3.38
4.94,-2.01 3.73,-3.08
4.95,-2.04 3.76,-3.08
9.09,-2.52 7.88,-3.59
9.02,-2.54 7.84,-3.59
7.88,-3.59 3.73,-3.08
7.91,-5.06 7.88,-5.09
7.91,-5.1 7.88,-5.12
7.91,-7.84 7.88,-7.86
7.91,-7.87 7.88,-7.89
7.91,-10.75 7.88,-10.77
8.24,-5.21 8.24,-10.34
9.09,-2.52 4.94,-2.01
9.02,-2.54 4.95,-2.04
7.85,-11.11 7.85,-10.77
8.02,-10.66 8.02,-5.69
9,-4.55 9,-3.05
8.9,-3.02 8.52,-3.62
4.74,-10.38 4.74,-10.49
6.88,-10.65 6.88,-10.76
3.88,-10.61 3.98,-10.52
7.68,-11.09 7.63,-10.98
7.9,-3.57 7.86,-3.56
8.95,-2.6 4.95,-2.11
7.07,-9.65 7.07,-7.79
7.07,-7.76 7.07,-5.02
7.07,-4.99 7.07,-4.41
4.44,-9.29 4.44,-7.46
4.44,-7.43 4.44,-4.69
4.44,-4.66 4.44,-4.07
8.14,-10.61 8.14,-10.78
8.14,-10.61 8.45,-10.34
8.45,-10.34 8.45,-10.51
8.45,-10.51 8.14,-10.78
5.08,-2.67 5.11,-2.66
