3439.98,-4301.79     5082.02,-3353.58
3439.99,-4515.44     3432.2,-4595.8
3439.99,-4515.44     3439.98,-4301.79
3440.75,-9578.45     3440.75,-4600.74
3526.28,-4650.12     3528.43,-9595.74
3586.69,-9613.95     3586.69,-9333.28
3672.96,-4734.8     3672.96,-9383.08
3748.11,-6007.56     3748.11,-6069.28
3748.11,-7146.29     3748.11,-7208.01
3748.11,-8918.82     3748.11,-8857.1
3748.11,-7829.47     3748.11,-7767.75
3748.11,-5231.83     3748.11,-5170.11
3748.11,-4938.66     3748.11,-4876.94
3887.08,-9508.24     3887.08,-9615.38
7734.74,-4671.26     7733.63,-4671.9
5715.65,-5914.13     5719.66,-5911.81
7733.31,-4884.6     6091.6,-5832.48
6099.39,-5914.13     7741.42,-4966.1
6407.28,-5850.55     7422.84,-5264.22
5724.2,-10894.6     6090.84,-10894.6
3440.75,-9578.45     3485.67,-9604.38
5674.14,-10867.87     5717.79,-10893.07
3528.43,-9595.74     3573.33,-9621.66
5672.23,-10826.65     3580.01,-9617.8
5629.58,-10672.42     3586.69,-9492.98
4362.79,-9890.03     4362.79,-9780.31
6407.28,-5912.27     7422.84,-5325.94
6407.28,-6344.31     7422.84,-5757.98
5482.81,-10425.53     5519.71,-10425.53
3896.53,-9631.74     4353.34,-9895.48
5099.17,-10326.08     5555.99,-10589.81
3528.3,-9299.56     5482.81,-10425.53
5519.71,-10425.53     5672.87,-10512.52
4442.97,-7660.15     4442.97,-7767.71
4455.67,-7763.48     4455.67,-7688.47
4681.5,-7818.85     4681.5,-7893.86
4699.54,-7810.91     4699.54,-7912.75
4457,-7762.68     4506.94,-7718.4
6407.28,-6406.03     7422.84,-5819.7
7639.86,-5874.93     7573.05,-5913.5
6207.93,-6701.65     6097.26,-6765.55
7542.66,-5937.73     7499.14,-5962.86
6323.85,-6641.41     6231.25,-6694.87
7496.15,-5965     6333.97,-6635.98
7552.1,-5954.1     6240.69,-6711.24
6097.26,-6800.73     6210.04,-6735.62
7575.16,-5947.47     7641.97,-5908.9
6207.93,-6701.65     6208.21,-6701.54
5405.09,-9875.46     3748.11,-8918.82
5405.09,-9813.74     3748.11,-8857.1
5089.72,-10202.57     5089.72,-10309.71
5405.09,-6964.19     5405.09,-7025.91
5405.09,-8102.92     5405.09,-8164.64
5405.09,-9875.46     5405.09,-9813.74
5405.09,-8786.1     5405.09,-8724.38
5405.09,-6188.47     5405.09,-6126.75
5405.09,-5895.3     5405.09,-5833.58
5519.71,-10425.53     5519.71,-5801
5565.44,-10584.36     5565.44,-10451.5
5629.58,-10487.61     5629.32,-10801.87
5717.79,-10893.07     5717.79,-5912.9
5723.44,-5915.09     5723.44,-5832.48
7639.86,-6908.74     7573.05,-6947.31
6207.93,-7735.46     6097.26,-7799.36
7542.64,-6971.53     6231.25,-7728.68
7552.1,-6987.91     6240.69,-7745.05
6097.26,-7834.54     6210.04,-7769.43
7575.16,-6981.28     7641.97,-6942.71
6207.93,-7735.46     6208.21,-7735.34
5405.09,-8786.1     3748.11,-7829.47
5405.09,-8724.38     3748.11,-7767.75
7670.85,-9974.68     7655.88,-9966.04
7583.73,-9812.23     7443.11,-9731.05
6091.6,-5832.48     6091.6,-5915.09
6097.26,-10893.07     6097.26,-5912.89
7550.78,-6965.5     7542.64,-6971.53
3502.77,-9604.38     3517.74,-9595.74
5475.59,-8475.91     3677.6,-7437.87
4694.19,-7912.75     4697.97,-7914.93
4442.97,-7767.71     4694.19,-7912.75
4681.5,-7893.86     4455.67,-7763.48
4455.67,-7688.47     4681.5,-7818.85
4696.86,-7806.28     4443.64,-7660.08
3748.11,-7208.01     5405.09,-8164.64
3748.11,-7146.29     5405.09,-8102.92
6246.93,-10757.89     6246.93,-10330.59
6326.4,-10284.71     6326.4,-6661.76
6333.97,-6635.98     6333.97,-5778.69
6407.28,-5850.55     6407.28,-5912.27
6407.28,-6344.31     6407.28,-6406.03
6210.27,-8673.46     6210.04,-8673.62
7639.86,-7812.93     7573.05,-7851.51
6207.93,-8639.66     6097.26,-8703.55
7542.66,-7875.74     6231.25,-8632.87
7552.1,-7892.1     6240.69,-8649.24
6097.26,-8738.74     6210.04,-8673.62
7575.16,-7885.48     7641.97,-7846.9
6620.38,-10114.99     6620.38,-6492.03
6914.36,-9945.26     6914.36,-6322.3
7574.87,-8789.79     7575.16,-8789.67
7208.33,-9775.53     7208.33,-6152.58
7422.84,-5264.22     7422.84,-5325.94
7422.84,-5757.98     7422.84,-5819.7
7573.05,-8755.7     7572.82,-8755.87
7639.86,-8717.13     7573.05,-8755.7
6207.93,-9543.85     6097.26,-9607.75
7542.66,-8779.93     6231.25,-9537.07
7552.1,-8796.3     6240.69,-9553.44
6097.26,-9642.93     6210.04,-9577.82
7575.16,-8789.67     7641.97,-8751.1
3748.11,-6069.28     5405.09,-7025.91
3748.11,-6007.56     5405.09,-6964.19
7496.15,-5107.71     7496.15,-5965
7502.31,-9605.81     7502.31,-5982.85
7586.93,-9563.63     7586.93,-9984.25
7645.19,-5021.66     7645.19,-9966.04
7733.63,-4671.9     7733.31,-4884.6
7735.53,-4969.51     7735.53,-9945.05
7743.08,-4679.62     7743.09,-4961.61
6210.27,-10358.41     6210.04,-10358.58
7573.05,-9536.46     7572.82,-9536.63
7639.86,-9497.89     7573.05,-9536.46
6207.93,-10324.61     6097.26,-10388.51
7542.66,-9560.69     6231.25,-10317.83
7552.1,-9577.06     6240.69,-10334.2
6097.26,-10423.69     6210.04,-10358.58
7575.16,-9570.43     7641.97,-9531.85
6246.93,-10421.65     7583.73,-9649.86
7574.87,-9570.55     7575.16,-9570.43
5475.59,-6379.77     3677.6,-5341.72
5405.09,-6188.47     3748.11,-5231.83
5405.09,-6126.75     3748.11,-5170.11
7645.19,-9966.04     7600.3,-9991.96
6146.14,-10831.51     6233.57,-10781.04
6097.26,-10893.07     6142.17,-10867.14
7687.96,-9974.68     7732.87,-9948.75
5405.09,-5895.3     3748.11,-4938.66
5405.09,-5833.58     3748.11,-4876.94
3432.2,-4595.8     5715.65,-5914.13
5723.44,-5832.48     3439.99,-4515.44
5723.44,-5915.09     6091.6,-5915.09
6099.39,-5914.13     6095.38,-5911.81
6091.6,-5832.48     5723.44,-5832.48
5450.18,-3353.58     6812.98,-4139.1
6812.98,-4139.1     7734.74,-4671.26
5082.02,-3353.58     5450.18,-3353.58
6210.27,-7769.26     6210.04,-7769.43
4830.07,-3980.67     4708.45,-4045.98
5798.61,-4328.22     6460.91,-4051.09
5407.68,-4516.92     5380.97,-4536.63
5380.97,-4536.63     4733.29,-5014.7
4752.59,-5024.26     4741.77,-5035.62
4697.11,-5102.53     4697.34,-5102.36
6502.38,-4027.12     6461.14,-4050.93
4670.78,-5084.59     4629.54,-5108.4
4722.33,-5060.09     4706.69,-5069.2
4741.77,-5070.9     4716.63,-5085.91
4655.87,-5126.34     4697.11,-5102.53
6487.47,-4068.87     6528.71,-4045.06
4671,-5084.48     4670.78,-5084.59
4682.99,-5079.69     4671,-5084.48
4447.87,-4290.92     4403.17,-4380.28
4711.85,-5089.65     4716.62,-5085.89
6460.91,-4051.09     6461.14,-4050.93
4403.17,-4380.28     4381.37,-4465.22
5156.2,-4346.69     5135.78,-4391.6
5644.82,-4270.45     5652.42,-4257.39
5652.42,-4257.39     5883.05,-3861.41
4381.37,-4465.25     4377.43,-4521.79
4377.43,-4521.45     4381.34,-4465.66
4381.37,-4465.25     4381.37,-4465.22
5473.78,-4543.15     5237.65,-5184.15
4377.43,-4521.79     4377.43,-4521.45
4431.72,-4369.36     4431.51,-4406.24
4722.33,-5026.16     4722.33,-5060.09
4741.77,-5035.62     4741.77,-5070.9
5135.78,-4391.6     5129.31,-4435.83
6740.22,-4707.17     6765.55,-4639.76
5129.31,-4435.62     5133.3,-4470.51
5803.44,-4419.28     5802.23,-4405.51
5853.54,-4424.89     5853.21,-4417.03
5887.38,-5264     5888.01,-5285.63
5880.05,-5209.66     5881.95,-5251.88
5900.31,-5207.6     5900.21,-5245.45
6765.55,-4639.76     6779.38,-4566.4
5329.76,-4412.86     5331.85,-4431.73
5217.7,-3841.61     5217.59,-3841.11
5888.01,-5285.63     5888.13,-5286.13
6054,-4447.96     6048.21,-4404.63
6781.23,-4527.42     6781.23,-4527.71
6726.53,-4724.71     6726.46,-4764.05
6745.97,-4709.85     6745.97,-4747.4
6779.38,-4566.4     6781.23,-4527.42
5217.7,-3841.61     5226.84,-3861.3
5888.13,-5286.13     5903.22,-5318.66
5881.95,-5251.88     5887.38,-5264
5900.21,-5245.45     5905.21,-5256.23
5940.55,-5311.84     5925.19,-5278.92
5264.06,-3854.26     5255.03,-3834.8
5625.77,-4550.49     5872.1,-5189.06
5872.1,-5189.06     5880.05,-5209.66
5891.67,-5185.78     5900.31,-5207.6
5853.21,-4417.03     5845.18,-4385.39
4621.85,-4941.39     4733.29,-5014.7
5514.07,-4271.55     5264.06,-3854.26
5909.02,-5260.79     5905.21,-5256.23
5723.07,-4520.79     5749.73,-4540.46
5749.73,-4540.46     6402.44,-5016.04
5342.06,-4456.96     4422.89,-4706.97
4567.33,-4667.68     4528.3,-4678.3
4518.69,-4680.91     4479.7,-4691.51
5596.15,-4588.82     5651.01,-4582.67
5801.66,-4403.95     5839.66,-4402.53
5839.66,-4402.53     6743.05,-4357.97
6765.9,-4750.48     6765.76,-4750.48
5330.41,-4402.42     4431.72,-4369.36
4351.66,-4399.4     4365.7,-4400.27
4365.7,-4400.27     4382.47,-4401.8
6806.63,-4754.06     6806.59,-4754.06
4295.29,-4390.68     4351.62,-4399.39
6797.32,-4777.73     6853.65,-4786.45
4431.51,-4406.24     4399.69,-4404.26
4394.32,-4403.28     4382.47,-4401.8
6726.46,-4764.05     6762.93,-4769.69
6745.97,-4747.4     6765.9,-4750.48
6862.96,-4762.77     6806.63,-4754.06
4360.93,-4375.72     4304.6,-4367.01
6762.91,-4769.69     6762.93,-4769.69
5473.78,-4543.15     5520.25,-4551.88
6797.29,-4777.73     6797.32,-4777.73
6785.29,-4774.56     6797.29,-4777.73
5786.47,-4469.02     5825.51,-4479.64
5825.51,-4479.64     6707.22,-4719.45
6707.22,-4719.45     6726.53,-4724.71
6716.4,-4701.81     6745.97,-4709.85
5376.9,-4328.73     5350.91,-4317.89
5376.9,-4328.73     4708.45,-4045.98
6781.23,-4526.44     6781.23,-4526.73
6781.23,-4526.73     6781.23,-4527.42
4377.44,-4523.77     4377.43,-4522.62
4377.43,-4522.62     4377.43,-4522.27
4377.43,-4522.27     4377.43,-4521.79
6781.23,-4527.71     6781.23,-4528.53
6781.23,-4528.53     6781.23,-4528.81
5932.38,-3868.16     5764.11,-3845.13
5764.11,-3845.13     5593.7,-3834.95
5593.7,-3834.95     5425.22,-3837.96
5425.22,-3837.96     5262.19,-3854.45
5262.19,-3854.45     5107.59,-3884.42
5107.59,-3884.42     4963.33,-3926.77
4963.33,-3926.77     4830.07,-3980.67
6271.5,-4182.14     6183.63,-4125.77
6183.63,-4125.77     6082.33,-4077.77
6082.33,-4077.77     5969.96,-4039.18
5969.96,-4039.18     5849.08,-4010.84
5849.08,-4010.84     5722.42,-3993.34
5722.42,-3993.34     5592.84,-3987.04
5592.84,-3987.04     5463.27,-3992.06
5463.27,-3992.06     5336.63,-4008.27
5336.63,-4008.27     5215.74,-4035.29
5215.74,-4035.29     5103.34,-4072.5
5103.34,-4072.5     5002.02,-4119.06
6489.53,-4070.07     6376.77,-4006.18
6376.77,-4006.18     6244.8,-3950.39
6244.8,-3950.39     6094.39,-3903.57
6094.39,-3903.57     5932.38,-3868.16
5798.61,-4328.22     5762.05,-4305.03
5762.05,-4305.03     5718.65,-4286.7
5718.65,-4286.7     5670.21,-4273.86
5670.21,-4273.86     5618.67,-4266.94
5618.67,-4266.94     5566.09,-4266.13
5566.09,-4266.13     5514.56,-4271.44
5514.56,-4271.44     5466.18,-4282.6
5466.18,-4282.6     5422.89,-4299.12
5948.53,-4273.82     5891.37,-4239.41
5891.37,-4239.41     5824.92,-4211.38
5824.92,-4211.38     5751.3,-4190.6
5751.3,-4190.6     5672.87,-4177.65
5672.87,-4177.65     5592.02,-4172.85
5592.02,-4172.85     5511.19,-4176.32
5511.19,-4176.32     5432.83,-4187.92
5432.83,-4187.92     5359.37,-4207.27
5359.37,-4207.27     5293.1,-4233.75
5394.33,-4510.06     5431.2,-4529.02
5431.2,-4529.02     5473.78,-4543.15
6762.91,-4769.69     6770.51,-4771.16
6770.51,-4771.16     6785.29,-4774.56
4390.4,-4382.81     4387.76,-4382.3
4387.76,-4382.3     4373.02,-4378.91
4373.02,-4378.91     4360.96,-4375.73
5485.15,-4582.16     5540.16,-4588.66
5540.16,-4588.66     5596.15,-4588.82
6806.59,-4754.06     6792.01,-4753.14
6792.01,-4753.14     6774.32,-4751.51
6774.32,-4751.51     6765.9,-4750.48
5520.25,-4551.88     5568.59,-4554.9
5568.59,-4554.9     5616.74,-4552.14
5616.74,-4552.14     5662.76,-4543.74
5662.76,-4543.74     5704.79,-4530.06
5704.79,-4530.06     5740.88,-4511.77
5651.01,-4582.67     5702.61,-4570.45
5702.61,-4570.45     5748.91,-4552.71
6435.93,-4387.92     6399.13,-4314.72
6399.13,-4314.72     6343.89,-4245.6
6343.89,-4245.6     6271.5,-4182.14
5225.89,-4597.07     5280.51,-4630.33
5345.89,-4527.6     5386.09,-4551.12
5386.09,-4551.12     5433.14,-4569.52
5433.14,-4569.52     5485.15,-4582.16
5156.9,-5170.54     5318.39,-5197.75
5318.39,-5197.75     5484.79,-5211.52
5484.79,-5211.52     5652.79,-5211.58
5652.79,-5211.58     5819.05,-5197.95
5842.09,-4679.68     5906.38,-4649.45
5845.18,-4385.39     5826.74,-4355.38
5826.74,-4355.38     5798.61,-4328.22
5925.19,-5278.92     5917.69,-5270.69
5917.69,-5270.69     5909.02,-5260.79
4901.63,-4779.13     4987.34,-4834.79
4733.29,-5014.7     4861.38,-5078.12
4861.38,-5078.12     5003.54,-5130.41
5003.54,-5130.41     5156.9,-5170.54
5819.05,-5197.95     5980.25,-5170.92
5980.25,-5170.92     6133.21,-5131.03
6133.21,-5131.03     6274.88,-5079.06
6274.88,-5079.06     6402.44,-5016.04
6048.21,-4404.63     6028.19,-4357.64
6028.19,-4357.64     5994.6,-4313.61
5994.6,-4313.61     5948.53,-4273.82
5802.23,-4405.51     5791.97,-4377.4
5331.85,-4431.73     5343.5,-4460.5
5343.5,-4460.5     5364.68,-4486.95
5364.68,-4486.95     5394.33,-4510.06
6781.23,-4527.71     6780.21,-4498.73
6780.21,-4498.73     6762.57,-4404.07
6762.57,-4404.07     6723.53,-4311.87
6723.53,-4311.87     6664.05,-4224.16
6664.05,-4224.16     6585.47,-4142.96
6585.47,-4142.96     6489.53,-4070.07
6455,-4493.41     6453.47,-4463.47
6453.47,-4463.47     6435.93,-4387.92
5133.3,-4470.51     5151,-4515.88
5151,-4515.88     5182.23,-4558.53
5182.23,-4558.53     5225.89,-4597.07
4744.11,-4575.99     4778.53,-4648.2
4778.53,-4648.2     4831.47,-4716.46
4831.47,-4716.46     4901.63,-4779.13
6402.26,-4667.65     6438.39,-4592.27
6438.39,-4592.27     6454.24,-4514.75
6454.24,-4514.75     6455,-4493.82
6033.96,-4527.72     6050.62,-4480.92
6050.62,-4480.92     6054,-4447.7
4728.32,-4481.74     4729.03,-4501.6
4729.03,-4501.6     4744.11,-4575.99
5790.04,-4464.64     5801.3,-4437.62
5801.3,-4437.62     5803.44,-4419.21
5840.67,-4474.07     5851.93,-4442.54
5851.93,-4442.54     5853.54,-4424.97
5339.24,-4373.12     5330.41,-4402.42
5330.41,-4402.42     5329.76,-4412.86
6351.8,-4732.41     6402.26,-4667.65
4785.96,-4303.07     4748.56,-4374.56
4748.56,-4374.56     4730.22,-4448.5
4730.22,-4448.5     4728.32,-4481.4
5906.38,-4649.45     5960.81,-4613.28
5960.81,-4613.28     6003.76,-4572.29
6003.76,-4572.29     6033.96,-4527.72
5740.88,-4511.77     5769.63,-4489.69
5769.63,-4489.69     5790.04,-4464.64
4697.34,-5102.36     4704.03,-5096.33
4704.03,-5096.33     4711.85,-5089.65
4706.69,-5069.2     4698.96,-5072.82
4698.96,-5072.82     4682.99,-5079.69
5748.91,-4552.71     5788.2,-4530.16
5788.2,-4530.16     5819.14,-4503.65
5819.14,-4503.65     5840.67,-4474.07
5293.1,-4233.75     5236.06,-4266.52
5236.06,-4266.52     5189.97,-4304.55
5189.97,-4304.55     5156.2,-4346.69
5422.89,-4299.12     5386.39,-4320.33
5386.39,-4320.33     5358.14,-4345.34
5358.14,-4345.34     5339.24,-4373.12
5002.02,-4119.06     4914.1,-4173.87
4914.1,-4173.87     4841.54,-4235.67
4841.54,-4235.67     4785.96,-4303.07
4708.45,-4045.98     4602.3,-4121.06
4602.3,-4121.06     4514.71,-4203.56
4514.71,-4203.56     4447.87,-4290.92
5903.22,-5318.66     5940.55,-5311.84
4304.6,-4367.01     4295.29,-4390.68
4629.54,-5108.4     4655.87,-5126.34
6853.65,-4786.45     6862.96,-4762.77
4382.97,-4585.91     4377.44,-4523.77
4621.03,-4940.84     4529.36,-4860.35
4529.36,-4860.35     4458.25,-4773.22
4458.25,-4773.22     4409.12,-4681.15
4409.12,-4681.15     4382.97,-4585.91
6716.4,-4701.81     6673.94,-4778.22
6673.94,-4778.22     6603.35,-4864.52
6603.35,-4864.52     6512.25,-4944.34
6512.25,-4944.34     6402.44,-5016.04
5217.55,-3840.96     5255.03,-3834.8
6502.38,-4027.12     6528.71,-4045.06
4733.29,-5014.7     4722.33,-5026.16
5331.17,-4952.65     5463.39,-4970.58
5463.39,-4970.58     5598.65,-4976.66
5598.65,-4976.66     5733.84,-4970.75
5733.84,-4970.75     5865.81,-4953.01
5865.81,-4953.01     5991.52,-4923.85
4982.89,-4832.86     5088.07,-4883.01
5088.07,-4883.01     5205.08,-4923.24
5205.08,-4923.24     5331.17,-4952.65
5991.52,-4923.85     6108.04,-4883.96
6108.04,-4883.96     6212.64,-4834.26
6212.64,-4834.26     6302.88,-4775.93
6302.88,-4775.93     6351.8,-4732.41
5662.86,-4710.26     5744.66,-4702.21
5497.79,-4701.82     5579.77,-4710.13
5579.77,-4710.13     5662.86,-4710.26
5280.51,-4630.33     5346.51,-4661.63
5346.51,-4661.63     5419.26,-4685.5
5419.26,-4685.5     5497.79,-4701.82
5744.66,-4702.21     5822.81,-4686.23
5822.81,-4686.23     5842.09,-4679.68
7734.74,-4671.26     7743.08,-4679.62
6208.21,-6701.54     6231.25,-6694.87
6240.69,-6711.24     6210.04,-6735.62
7542.66,-5937.73     7573.05,-5913.5
7552.1,-5954.1     7575.16,-5947.47
7550.78,-6965.5     7573.05,-6947.31
7552.1,-6987.91     7575.16,-6981.28
6208.21,-7735.34     6231.25,-7728.68
6210.04,-7769.43     6240.69,-7745.05
7542.66,-7875.74     7573.05,-7851.51
7552.1,-7892.1     7575.16,-7885.48
7542.66,-8779.93     7573.05,-8755.7
7552.1,-8796.3     7574.87,-8789.79
6207.93,-9543.85     6231.25,-9537.07
6210.04,-9577.82     6240.69,-9553.44
6207.93,-10324.61     6231.25,-10317.83
6210.27,-10358.41     6240.69,-10334.2
7542.66,-9560.69     7572.82,-9536.63
7552.1,-9577.06     7574.87,-9570.55
3485.67,-9604.38     3502.77,-9604.38
3517.74,-9595.74     3528.43,-9595.74
7600.3,-9991.96     7586.93,-9984.25
7735.53,-9945.05     7732.87,-9948.75
7687.96,-9974.68     7670.85,-9974.68
7645.19,-9966.04     7655.88,-9966.04
6246.93,-10757.89     6233.57,-10781.04
6146.14,-10831.51     6142.17,-10867.14
6090.84,-10894.6     6097.26,-10893.07
5717.79,-10893.07     5724.2,-10894.6
6207.93,-8639.66     6231.25,-8632.87
6240.69,-8649.24     6210.27,-8673.46
3887.08,-9615.38     3896.53,-9631.74
4353.34,-9895.48     4362.79,-9890.03
5089.72,-10309.71     5099.17,-10326.08
5555.99,-10589.81     5565.44,-10584.36
5674.14,-10867.87     5672.23,-10826.65
7741.42,-4966.1     7743.09,-4961.61
3573.33,-9621.66     3586.69,-9613.95
