7998.78,-13985.73 7998.78,-15865.8
7998.78,-15865.8 5798.78,-15865.8
10583.39,-16211.81 5798.78,-16211.81
5798.78,-15665.8 5798.78,-16411.81
5798.78,-15665.8 5124.68,-16038.81
5124.68,-16038.81 5798.78,-16411.81
5124.68,-16038.81 3299.39,-16038.81
13770.25,-16038.81 11257.49,-16038.81
18985.77,-16384.81 11257.49,-16384.81
11257.49,-15838.81 11257.49,-16584.81
11257.49,-15838.81 10583.39,-16211.81
10583.39,-16211.81 11257.49,-16584.81
5654.02,-8035.81 6533.81,-7527.86
6533.81,-7527.86 7140.9,-7177.37
5650.39,-8300.98 5650.39,-8044.97
5657.44,-12809.62 5657.44,-8305.49
5871.55,-8980.27 5871.55,-10871.55
5871.55,-12630.69 5871.55,-10875.74
5871.55,-10871.55 5871.55,-10875.74
5871.55,-8980.27 5871.55,-8958.08
5871.55,-8958.08 5872.16,-8429.45
8452.76,-14423.46 8784.66,-14423.46
6213.89,-10960.81 6213.89,-10868.62
6213.89,-10863.44 6213.89,-10868.62
6213.89,-10863.44 6218.12,-10861.29
5659.85,-12812.98 5700.51,-12836.45
8406.29,-14398.6 8446.95,-14422.07
8403.08,-14366.58 8379.19,-14352.78
5739.22,-12828.63 5779.86,-12852.09
5790.19,-12851.91 8369.45,-14341.01
6449.78,-11089.87 6449.78,-10997.82
6444.73,-11094.08 6449.78,-11089.87
8792.19,-9914.98 10280.57,-9055.6
5871.55,-12630.69 8231.56,-13993.21
8277.57,-13993.24 8403.08,-14065.7
10132.44,-9947.66 10132.7,-9947.56
8116.7,-13467.35 5987.68,-12238.19
7646.14,-11690.33 7646.14,-11787.7
10112.33,-9954.13 8924.67,-10638.96
8834.33,-10697.08 8896.92,-10661.03
10132.7,-9947.56 10193.18,-9912.64
7882.02,-11916.9 7882.02,-11824.71
7646.14,-11690.33 7650.37,-11688.18
5715.99,-12836.45 5729.54,-12828.63
7876.97,-11920.97 7881.31,-11918.47
10132.44,-10883.52 10132.7,-10883.42
8116.7,-12481.21 5987.68,-11252.05
10214.97,-13590.7 10201.42,-13582.88
8403.08,-14394.13 8403.08,-9890.65
8917.02,-11580.47 8924.66,-11574.81
10112.33,-10889.13 8924.67,-11574.82
8834.33,-11633.03 8896.92,-11596.89
10132.7,-10883.42 10193.18,-10848.5
8403.08,-12331.13 5875.66,-10871.96
6441.31,-11092.11 6444.73,-11094.08
7873.55,-11918.99 7876.97,-11920.97
6213.89,-10960.81 6441.31,-11092.11
7646.14,-11787.7 7873.55,-11918.99
6218.12,-10861.29 6447.36,-10993.63
7650.37,-11688.18 7879.6,-11820.52
8116.7,-11918.29 5987.68,-10689.13
8834.33,-9890.65 8834.33,-14394.13
8925.96,-14299.71 8925.96,-13917.92
9002.25,-13873.98 9002.25,-10594.22
8917.02,-12399 8924.66,-12393.34
8897.13,-12415.27 8896.92,-12415.42
10112.33,-11708.13 8924.67,-12393.35
8834.33,-12451.56 8896.92,-12415.42
10133.33,-11702.13 10192.27,-11667.56
9534.5,-13567.47 9534.5,-10287.32
10132.44,-12520.58 10132.7,-12520.47
5987.68,-9635.94 8116.7,-10865.1
8897.13,-13233.8 8896.92,-13233.95
10112.33,-12526.13 8924.33,-13212.13
8834.33,-13270.08 8896.92,-13233.95
10132.7,-12520.47 10192.05,-12486.21
8403.08,-10434.3 5876.27,-8975.44
10066.75,-13260.95 10066.75,-9980.41
10136.1,-13225.3 10136.1,-13597.68
10273.52,-9059.74 10273.52,-13563.87
10280.57,-8990.61 10280.57,-9055.6
10280.57,-8799.22 10280.57,-8990.61
8917.02,-13924.31 8924.68,-13918.65
8897.13,-13940.58 8896.92,-13940.74
10113.33,-13234.13 8924.67,-13918.66
8834.33,-13976.91 8896.92,-13940.74
10132.7,-13227.26 10191.85,-13193.11
10132.44,-13227.37 10132.7,-13227.26
5650.39,-8300.98 8445.22,-9914.98
10191.74,-13582.88 10151.1,-13606.34
8834.33,-14366.58 8913.86,-14320.66
8790.46,-14422.07 8831.12,-14398.6
10230.45,-13590.7 10271.11,-13567.22
8445.22,-9914.98 8792.19,-9914.98
7483.61,-7177.36 10276.94,-8790.06
7141.21,-7176.86 7483.61,-7177.36
10113.33,-13234.13 10132.44,-13227.37
8897.13,-13940.58 8906.77,-13932.47
8906.77,-13932.47 8917.02,-13924.31
10112.33,-12526.13 10132.44,-12520.58
8897.13,-13233.8 8924.33,-13212.13
8897.13,-12415.27 8906.77,-12407.15
8906.77,-12407.15 8917.02,-12399
10112.33,-11708.13 10133.33,-11702.13
8897.13,-11596.74 8906.77,-11588.62
8906.77,-11588.62 8917.02,-11580.47
10112.33,-10889.13 10116.08,-10888.03
10116.08,-10888.03 10124.32,-10885.65
10124.32,-10885.65 10132.44,-10883.52
8897.13,-10660.88 8906.77,-10652.76
8906.77,-10652.76 8917.02,-10644.61
10112.33,-9954.13 10116.08,-9952.17
10116.08,-9952.17 10124.32,-9949.78
10124.32,-9949.78 10132.44,-9947.66
8917.02,-10644.61 8924.67,-10638.96
10214.97,-13590.7 10224.3,-13592.81
10224.3,-13592.81 10230.45,-13590.7
10271.11,-13567.22 10273.52,-13563.87
10201.42,-13582.88 10191.74,-13582.88
10151.1,-13606.34 10139,-13599.36
10139,-13599.36 10136.1,-13597.68
10276.94,-8790.06 10280.57,-8799.22
5654.02,-8035.81 5650.39,-8044.97
7879.6,-11820.52 7882.02,-11824.71
6447.36,-10993.63 6449.78,-10997.82
5657.44,-12809.62 5659.85,-12812.98
5700.51,-12836.45 5715.99,-12836.45
5729.54,-12828.63 5739.22,-12828.63
5779.86,-12852.09 5790.19,-12851.91
8403.08,-14394.13 8406.29,-14398.6
8446.95,-14422.07 8452.76,-14423.46
8784.66,-14423.46 8790.46,-14422.07
8831.12,-14398.6 8834.33,-14394.13
8913.86,-14320.66 8925.96,-14299.71
8379.19,-14352.78 8369.45,-14341.01
8231.56,-13993.21 8277.57,-13993.24
7881.31,-11918.47 7882.02,-11916.9
8092.59,-8433.04 7985.57,-8490.52
8944.91,-8738.89 9527.74,-8495.01
8600.89,-8904.95 8577.39,-8922.28
8577.39,-8922.28 8007.43,-9342.99
9564.23,-8473.92 9527.94,-8494.87
7952.42,-9404.49 7916.13,-9425.44
7997.79,-9382.94 7984.02,-9390.95
7952.62,-9404.4 7952.42,-9404.49
7963.17,-9400.18 7952.62,-9404.4
7756.26,-8706.06 7716.92,-8784.7
9527.74,-8495.01 9527.94,-8494.87
7716.92,-8784.7 7697.74,-8859.44
7697.73,-8859.47 7694.27,-8909.23
7694.27,-8908.93 7697.71,-8859.84
7697.73,-8859.47 7697.74,-8859.45
7694.27,-8909.23 7694.27,-8908.93
7742.05,-8775.09 7741.86,-8807.55
7997.79,-9353.08 7997.79,-9382.94
9773.53,-9072.36 9795.82,-9013.05
8949.16,-8819.02 8948.09,-8806.9
9023.03,-9562.37 9023.58,-9581.41
9016.58,-9514.56 9018.25,-9551.71
9795.82,-9013.05 9807.99,-8948.49
8532.32,-8813.37 8534.16,-8829.98
9023.58,-9581.41 9023.68,-9581.85
9809.62,-8914.18 9809.62,-8914.44
9761.48,-9087.8 9761.42,-9122.42
9807.99,-8948.49 9809.62,-8914.18
9023.68,-9581.85 9036.97,-9610.47
9018.25,-9551.71 9023.03,-9562.37
8474.51,-8321.8 8466.56,-8304.68
8792.81,-8934.48 9009.58,-9496.43
9009.58,-9496.43 9016.58,-9514.56
7909.36,-9278.48 8007.43,-9342.99
8694.52,-8689.02 8474.51,-8321.8
8532.9,-8804.19 7742.05,-8775.09
7671.59,-8801.52 7683.95,-8802.29
7683.95,-8802.29 7698.71,-8803.64
7621.99,-8793.85 7671.56,-8801.52
9823.77,-9134.46 9873.35,-9142.13
7741.86,-8807.55 7713.86,-8805.8
7709.14,-8804.94 7698.71,-8803.64
9761.42,-9122.42 9793.51,-9127.38
8659.06,-8928.02 8699.95,-8935.71
9823.75,-9134.45 9823.77,-9134.46
9813.18,-9131.67 9823.75,-9134.45
8934.23,-8862.79 8968.58,-8872.13
8968.58,-8872.13 9744.48,-9083.17
9744.48,-9083.17 9761.48,-9087.8
9809.61,-8913.32 9809.62,-8913.57
9809.62,-8913.57 9809.62,-8914.18
7694.28,-8910.97 7694.27,-8909.96
7694.27,-8909.96 7694.27,-8909.65
7694.27,-8909.65 7694.27,-8909.23
9809.62,-8914.44 9809.62,-8915.16
9809.62,-8915.16 9809.61,-8915.41
9062.63,-8334.03 8914.55,-8313.77
8914.55,-8313.77 8764.59,-8304.81
8764.59,-8304.81 8616.33,-8307.46
8616.33,-8307.46 8472.86,-8321.97
8472.86,-8321.97 8336.81,-8348.34
8336.81,-8348.34 8209.86,-8385.61
8209.86,-8385.61 8092.59,-8433.04
9361.06,-8610.33 9283.73,-8560.73
9283.73,-8560.73 9194.58,-8518.49
9194.58,-8518.49 9095.7,-8484.54
9095.7,-8484.54 8989.33,-8459.59
8989.33,-8459.59 8877.86,-8444.19
8877.86,-8444.19 8763.83,-8438.65
8763.83,-8438.65 8649.81,-8443.07
8649.81,-8443.07 8538.37,-8457.33
8538.37,-8457.33 8431.98,-8481.11
8431.98,-8481.11 8333.07,-8513.86
8333.07,-8513.86 8243.91,-8554.83
9552.92,-8511.72 9453.69,-8455.49
9453.69,-8455.49 9337.55,-8406.4
9337.55,-8406.4 9205.2,-8365.2
9205.2,-8365.2 9062.63,-8334.03
8944.91,-8738.89 8912.73,-8718.48
8912.73,-8718.48 8874.54,-8702.35
8874.54,-8702.35 8831.92,-8691.05
8831.92,-8691.05 8786.56,-8684.96
8786.56,-8684.96 8740.29,-8684.25
8740.29,-8684.25 8694.95,-8688.92
8694.95,-8688.92 8652.38,-8698.74
8652.38,-8698.74 8614.28,-8713.28
8589.15,-8898.91 8621.59,-8915.59
8621.59,-8915.59 8659.06,-8928.02
9793.5,-9127.38 9800.18,-9128.67
9800.18,-9128.67 9813.18,-9131.67
8699.95,-8935.71 8742.49,-8938.37
8742.49,-8938.37 8784.86,-8935.94
8784.86,-8935.94 8825.36,-8928.55
8825.36,-8928.55 8862.35,-8916.5
8862.35,-8916.5 8894.11,-8900.41
9505.75,-8791.43 9473.37,-8727.01
9473.37,-8727.01 9424.76,-8666.18
9424.76,-8666.18 9361.06,-8610.33
8380.21,-9480.13 8522.32,-9504.08
8522.32,-9504.08 8668.75,-9516.19
8668.75,-9516.19 8816.59,-9516.24
8816.59,-9516.24 8962.9,-9504.25
8155.56,-9135.69 8230.99,-9184.67
8007.43,-9342.99 8120.15,-9398.8
8120.15,-9398.8 8245.25,-9444.81
8245.25,-9444.81 8380.21,-9480.13
8962.9,-9504.25 9104.75,-9480.47
9104.75,-9480.47 9239.36,-9445.36
9239.36,-9445.36 9364.03,-9399.62
9364.03,-9399.62 9476.28,-9344.17
8948.09,-8806.9 8939.07,-8782.17
8534.16,-8829.98 8544.41,-8855.3
8544.41,-8855.3 8563.05,-8878.57
8563.05,-8878.57 8589.15,-8898.91
9809.62,-8914.44 9808.72,-8888.93
9808.72,-8888.93 9793.19,-8805.64
9793.19,-8805.64 9758.84,-8724.5
9758.84,-8724.5 9706.49,-8647.32
9706.49,-8647.32 9637.35,-8575.86
9637.35,-8575.86 9552.92,-8511.72
9522.53,-8884.25 9521.18,-8857.9
9521.18,-8857.9 9505.75,-8791.43
8016.95,-8956.92 8047.24,-9020.47
8047.24,-9020.47 8093.82,-9080.54
8093.82,-9080.54 8155.56,-9135.69
9476.12,-9037.59 9507.91,-8971.25
9507.91,-8971.25 9521.86,-8903.03
9521.86,-8903.03 9522.53,-8884.61
8003.05,-8873.99 8003.68,-8891.46
8003.68,-8891.46 8016.95,-8956.92
8937.37,-8858.94 8947.28,-8835.16
8947.28,-8835.16 8949.16,-8818.96
8540.66,-8778.4 8532.9,-8804.19
8532.9,-8804.19 8532.32,-8813.37
9431.72,-9094.58 9476.12,-9037.59
8053.78,-8716.75 8020.87,-8779.67
8020.87,-8779.67 8004.73,-8844.73
8004.73,-8844.73 8003.05,-8873.69
8894.11,-8900.41 8919.4,-8880.98
8919.4,-8880.98 8937.37,-8858.94
7984.02,-9390.95 7977.21,-9394.14
7977.21,-9394.14 7963.17,-9400.18
8614.28,-8713.28 8582.16,-8731.94
8582.16,-8731.94 8557.3,-8753.95
8557.3,-8753.95 8540.66,-8778.4
8243.91,-8554.83 8166.54,-8603.06
8166.54,-8603.06 8102.69,-8657.44
8102.69,-8657.44 8053.78,-8716.75
7985.57,-8490.52 7892.16,-8556.59
7892.16,-8556.59 7815.08,-8629.19
7815.08,-8629.19 7756.26,-8706.06
7699.15,-8965.65 7694.28,-8910.97
7908.64,-9278 7827.97,-9207.16
7827.97,-9207.16 7765.39,-9130.49
7765.39,-9130.49 7722.16,-9049.47
7722.16,-9049.47 7699.15,-8965.65
9752.57,-9067.64 9715.2,-9134.89
9715.2,-9134.89 9653.08,-9210.83
9653.08,-9210.83 9572.91,-9281.07
9572.91,-9281.07 9476.28,-9344.17
8007.43,-9342.99 7997.79,-9353.08
8533.56,-9288.39 8649.91,-9304.17
8649.91,-9304.17 8768.95,-9309.51
8768.95,-9309.51 8887.91,-9304.31
8887.91,-9304.31 9004.04,-9288.7
9004.04,-9288.7 9114.67,-9263.05
8227.08,-9182.97 8319.63,-9227.1
8319.63,-9227.1 8422.61,-9262.51
8422.61,-9262.51 8533.56,-9288.39
9114.67,-9263.05 9217.21,-9227.94
9217.21,-9227.94 9309.26,-9184.21
9309.26,-9184.21 9388.66,-9132.87
9388.66,-9132.87 9431.72,-9094.58
6547.23,-7545.71 6440.21,-7603.18
7399.55,-7851.55 7982.38,-7607.68
7055.53,-8017.61 7032.03,-8034.95
7032.03,-8034.95 6462.06,-8455.65
8018.87,-7586.58 7982.58,-7607.53
6407.06,-8517.15 6370.77,-8538.11
6452.43,-8495.6 6438.66,-8503.61
6417.81,-8512.85 6407.26,-8517.06
6210.89,-7818.72 6171.56,-7897.36
7982.38,-7607.68 7982.58,-7607.53
6171.56,-7897.36 6152.37,-7972.11
6152.37,-7972.13 6148.91,-8021.89
6148.91,-8021.6 6152.35,-7972.5
6148.91,-8021.89 6148.91,-8021.6
6196.69,-7887.76 6196.5,-7920.21
6452.43,-8465.74 6452.43,-8495.6
8228.17,-8185.03 8250.46,-8125.71
7403.8,-7931.68 7402.73,-7919.57
7477.67,-8675.03 7478.22,-8694.07
7471.21,-8627.22 7472.89,-8664.37
8250.46,-8125.71 8262.63,-8061.15
6986.96,-7926.04 6988.8,-7942.64
6800.61,-7373.04 6800.51,-7372.6
7478.22,-8694.07 7478.32,-8694.51
8264.26,-8026.85 8264.26,-8027.1
8216.12,-8200.46 8216.05,-8235.08
8262.63,-8061.15 8264.26,-8026.85
7478.32,-8694.51 7491.61,-8723.13
7472.89,-8664.37 7477.67,-8675.03
6929.15,-7434.47 6921.2,-7417.34
7247.45,-8047.15 7464.22,-8609.09
7464.22,-8609.09 7471.21,-8627.22
6364,-8391.14 6462.06,-8455.65
7149.16,-7801.68 6929.15,-7434.47
6987.54,-7916.85 6196.69,-7887.76
6126.23,-7914.19 6138.59,-7914.96
6138.59,-7914.96 6153.35,-7916.3
6076.63,-7906.52 6126.2,-7914.18
8278.41,-8247.12 8327.98,-8254.79
6196.5,-7920.21 6168.5,-7918.46
6163.78,-7917.6 6153.35,-7916.3
8216.05,-8235.08 8248.15,-8240.05
8248.14,-8240.04 8248.15,-8240.05
7113.7,-8040.69 7154.59,-8048.37
8278.38,-8247.12 8278.41,-8247.12
8267.82,-8244.33 8278.38,-8247.12
7388.87,-7975.45 7423.22,-7984.8
7423.22,-7984.8 8199.12,-8195.84
8199.12,-8195.84 8216.12,-8200.46
8264.25,-8025.99 8264.25,-8026.24
8264.25,-8026.24 8264.25,-8026.85
6148.92,-8023.64 6148.91,-8022.62
6148.91,-8022.62 6148.91,-8022.32
6148.91,-8022.32 6148.91,-8021.89
8264.25,-8027.1 8264.25,-8027.83
8264.25,-8027.83 8264.25,-8028.07
7517.27,-7446.7 7369.19,-7426.43
7369.19,-7426.43 7219.22,-7417.47
7219.22,-7417.47 7070.97,-7420.12
7070.97,-7420.12 6927.5,-7434.63
6927.5,-7434.63 6791.45,-7461
6791.45,-7461 6664.5,-7498.27
6664.5,-7498.27 6547.23,-7545.71
7815.69,-7723 7738.36,-7673.39
7738.36,-7673.39 7649.22,-7631.15
7649.22,-7631.15 7550.34,-7597.2
7550.34,-7597.2 7443.96,-7572.26
7443.96,-7572.26 7332.5,-7556.86
7332.5,-7556.86 7218.47,-7551.31
7218.47,-7551.31 7104.45,-7555.73
7104.45,-7555.73 6993.01,-7569.99
6993.01,-7569.99 6886.62,-7593.77
6886.62,-7593.77 6787.71,-7626.52
6787.71,-7626.52 6698.55,-7667.49
8007.56,-7624.38 7908.33,-7568.16
7908.33,-7568.16 7792.19,-7519.06
7792.19,-7519.06 7659.84,-7477.86
7659.84,-7477.86 7517.27,-7446.7
7399.55,-7851.55 7367.37,-7831.14
7367.37,-7831.14 7329.18,-7815.01
7329.18,-7815.01 7286.56,-7803.72
7286.56,-7803.72 7241.2,-7797.62
7241.2,-7797.62 7194.93,-7796.91
7194.93,-7796.91 7149.59,-7801.58
7149.59,-7801.58 7107.01,-7811.4
7107.01,-7811.4 7068.92,-7825.94
7043.79,-8011.57 7076.23,-8028.26
7076.23,-8028.26 7113.7,-8040.69
8248.14,-8240.04 8254.82,-8241.34
8254.82,-8241.34 8267.82,-8244.33
7154.59,-8048.37 7197.13,-8051.03
7197.13,-8051.03 7239.5,-8048.6
7239.5,-8048.6 7280,-8041.21
7280,-8041.21 7316.99,-8029.17
7316.99,-8029.17 7348.75,-8013.07
7960.39,-7904.09 7928,-7839.67
7928,-7839.67 7879.4,-7778.84
7879.4,-7778.84 7815.69,-7723
6834.84,-8592.8 6976.96,-8616.74
6976.96,-8616.74 7123.39,-8628.85
7123.39,-8628.85 7271.23,-8628.91
7271.23,-8628.91 7417.53,-8616.92
6610.2,-8248.35 6685.63,-8297.33
6462.06,-8455.65 6574.79,-8511.46
6574.79,-8511.46 6699.89,-8557.48
6699.89,-8557.48 6834.84,-8592.8
7417.53,-8616.92 7559.39,-8593.13
7559.39,-8593.13 7693.99,-8558.02
7693.99,-8558.02 7818.67,-8512.29
7818.67,-8512.29 7930.92,-8456.83
7402.73,-7919.57 7393.71,-7894.83
6988.8,-7942.64 6999.05,-7967.96
6999.05,-7967.96 7017.69,-7991.23
7017.69,-7991.23 7043.79,-8011.57
8264.26,-8027.1 8263.36,-8001.6
8263.36,-8001.6 8247.83,-7918.3
8247.83,-7918.3 8213.48,-7837.17
8213.48,-7837.17 8161.13,-7759.98
8161.13,-7759.98 8091.99,-7688.53
8091.99,-7688.53 8007.56,-7624.38
7977.17,-7996.91 7975.82,-7970.57
7975.82,-7970.57 7960.39,-7904.09
6471.59,-8069.59 6501.88,-8133.14
6501.88,-8133.14 6548.46,-8193.2
6548.46,-8193.2 6610.2,-8248.35
7930.76,-8150.25 7962.55,-8083.92
7962.55,-8083.92 7976.5,-8015.7
7976.5,-8015.7 7977.17,-7997.28
6457.69,-7986.65 6458.31,-8004.13
6458.31,-8004.13 6471.59,-8069.59
7392,-7971.6 7401.91,-7947.82
7401.91,-7947.82 7403.8,-7931.62
6995.3,-7891.06 6987.54,-7916.85
6987.54,-7916.85 6986.96,-7926.03
7886.36,-8207.24 7930.76,-8150.25
6508.42,-7829.42 6475.51,-7892.33
6475.51,-7892.33 6459.37,-7957.4
6459.37,-7957.4 6457.69,-7986.35
7348.75,-8013.07 7374.04,-7993.64
7374.04,-7993.64 7392,-7971.6
6438.66,-8503.61 6431.85,-8506.8
6431.85,-8506.8 6417.81,-8512.85
7068.92,-7825.94 7036.8,-7844.61
7036.8,-7844.61 7011.94,-7866.62
7011.94,-7866.62 6995.3,-7891.06
6698.55,-7667.49 6621.18,-7715.72
6621.18,-7715.72 6557.33,-7770.11
6557.33,-7770.11 6508.42,-7829.42
6440.21,-7603.18 6346.8,-7669.25
6346.8,-7669.25 6269.72,-7741.85
6269.72,-7741.85 6210.89,-7818.72
6153.79,-8078.32 6148.92,-8023.64
6363.28,-8390.66 6282.61,-8319.82
6282.61,-8319.82 6220.03,-8243.15
6220.03,-8243.15 6176.8,-8162.13
6176.8,-8162.13 6153.79,-8078.32
8207.21,-8180.31 8169.84,-8247.55
8169.84,-8247.55 8107.72,-8323.5
8107.72,-8323.5 8027.55,-8393.73
8027.55,-8393.73 7930.92,-8456.83
6462.06,-8455.65 6452.43,-8465.74
6988.2,-8401.05 7104.55,-8416.83
7104.55,-8416.83 7223.59,-8422.17
7223.59,-8422.17 7342.55,-8416.98
7342.55,-8416.98 7458.68,-8401.36
7458.68,-8401.36 7569.31,-8375.71
6681.71,-8295.63 6774.27,-8339.76
6774.27,-8339.76 6877.24,-8375.17
6877.24,-8375.17 6988.2,-8401.05
7569.31,-8375.71 7671.85,-8340.6
7671.85,-8340.6 7763.9,-8296.87
7763.9,-8296.87 7843.3,-8245.53
7843.3,-8245.53 7886.36,-8207.24
7797.84,-13869.72 8254.66,-14133.46
7788.39,-13746.22 7788.39,-13853.36
8264.1,-14128.01 8264.1,-13994.23
7788.39,-13853.36 7797.84,-13869.72
8254.66,-14133.46 8264.1,-14128.01
6148.39,-12793.25 6148.39,-12900.36
6624.1,-13175.01 6624.1,-13067.9
6157.84,-12916.72 6614.65,-13180.46
6148.39,-12900.36 6157.84,-12916.72
6614.65,-13180.46 6624.1,-13175.01
17098.18,-8521.65 18740.21,-7573.44
17098.18,-8735.29 17090.39,-8815.66
17098.18,-8735.29 17098.18,-8521.65
17098.95,-13798.31 17098.95,-8820.6
17244.88,-13833.81 17244.88,-13553.13
17331.15,-8954.66 17331.15,-13602.94
17545.28,-13728.1 17545.28,-13835.24
19373.85,-10133.99 19377.86,-10131.67
19757.59,-10133.99 21399.62,-9185.96
19382.4,-15114.46 19749.04,-15114.46
17098.95,-13798.31 17143.86,-13824.24
19332.34,-15087.73 19375.98,-15112.93
17186.62,-13815.6 17231.52,-13841.52
19330.42,-15046.51 17238.2,-13837.66
18020.99,-14109.88 18020.99,-14000.17
19141,-14645.39 19177.9,-14645.39
17554.72,-13851.6 18011.54,-14115.34
18757.37,-14545.93 19214.18,-14809.67
17186.49,-13519.42 19141,-14645.39
19177.9,-14645.39 19331.07,-14732.38
18101.17,-11880.01 18101.17,-11987.57
18357.73,-12030.77 18357.73,-12132.6
21210.3,-10173.96 19898.89,-10931.1
19755.45,-11020.59 19868.23,-10955.48
21233.35,-10167.33 21300.17,-10128.76
19063.28,-14095.32 17406.3,-13138.68
18747.92,-14422.43 18747.92,-14529.57
19177.9,-14645.39 19177.9,-10020.86
19223.63,-14804.22 19223.63,-14671.36
19287.77,-14707.47 19287.51,-15021.73
19375.98,-15112.93 19375.98,-10132.75
21298.06,-11128.6 21231.25,-11167.17
19866.12,-11955.32 19755.45,-12019.22
21200.84,-11191.39 19889.44,-11948.54
19866.12,-11955.32 19866.41,-11955.2
19063.28,-13005.96 17406.3,-12049.33
21329.05,-14194.54 21314.08,-14185.9
19755.45,-15112.93 19755.45,-10132.75
21208.98,-11185.36 21200.84,-11191.39
17160.97,-13824.24 17175.93,-13815.6
19133.79,-12695.77 17335.8,-11657.73
18352.38,-12132.6 18356.16,-12134.79
18101.17,-11987.57 18352.38,-12132.6
18355.06,-12026.14 18101.83,-11879.94
17406.3,-11427.87 19063.28,-12384.5
19905.13,-14977.75 19905.13,-14550.45
19984.6,-14504.57 19984.6,-10881.62
19992.17,-10855.84 19992.17,-9998.55
21298.06,-12032.79 21231.25,-12071.37
19866.12,-12859.52 19755.45,-12923.41
21200.85,-12095.6 19889.44,-12852.73
20572.55,-14165.12 20572.55,-10542.16
21231.25,-12975.56 21231.01,-12975.73
21298.06,-12936.99 21231.25,-12975.56
19866.12,-13763.71 19755.45,-13827.61
21200.85,-12999.79 19889.44,-13756.93
17406.3,-10289.14 19063.28,-11245.77
21154.35,-9327.57 21154.35,-10184.86
21160.5,-13825.66 21160.5,-10202.71
21245.13,-13783.49 21245.13,-14204.11
21393.72,-9189.37 21393.72,-14164.91
21401.28,-8899.48 21401.28,-9181.47
19868.47,-14578.27 19868.23,-14578.44
21210.3,-13796.92 19898.89,-14554.06
19755.45,-14643.55 19868.23,-14578.44
21233.35,-13790.29 21300.17,-13751.71
21233.07,-13790.41 21233.35,-13790.29
19133.79,-10599.63 17335.8,-9561.58
21303.39,-14185.9 21258.49,-14211.82
19804.34,-15051.37 19891.76,-15000.9
19755.45,-15112.93 19800.36,-15087
21346.15,-14194.54 21391.06,-14168.61
17090.39,-8815.66 19373.85,-10133.99
19381.64,-10134.95 19749.8,-10134.95
19757.59,-10133.99 19753.58,-10131.67
19108.37,-7573.44 20471.18,-8358.96
20471.18,-8358.96 21392.94,-8891.12
18740.21,-7573.44 19108.37,-7573.44
18488.26,-8200.53 18366.65,-8265.84
19456.81,-8548.08 20119.11,-8270.95
19065.87,-8736.78 19039.16,-8756.48
19039.16,-8756.48 18391.48,-9234.56
20160.57,-8246.98 20119.33,-8270.79
18328.97,-9304.45 18287.73,-9328.25
18380.53,-9279.95 18364.88,-9289.06
18329.2,-9304.34 18328.97,-9304.45
18341.19,-9299.55 18329.2,-9304.34
18106.06,-8510.78 18061.36,-8600.14
20119.11,-8270.95 20119.33,-8270.79
18061.36,-8600.14 18039.56,-8685.07
18039.56,-8685.11 18035.63,-8741.65
18035.62,-8741.31 18039.53,-8685.52
18039.56,-8685.11 18039.56,-8685.08
18035.63,-8741.65 18035.62,-8741.31
18089.91,-8589.22 18089.7,-8626.1
18380.53,-9246.02 18380.53,-9279.95
20398.42,-8927.03 20423.75,-8859.62
19461.63,-8639.14 19460.42,-8625.37
19545.58,-9483.86 19546.21,-9505.49
19538.24,-9429.52 19540.14,-9471.74
20423.75,-8859.62 20437.58,-8786.26
18987.96,-8632.72 18990.05,-8651.59
19546.21,-9505.49 19546.32,-9505.99
20439.42,-8747.28 20439.42,-8747.57
20384.72,-8944.57 20384.65,-8983.91
20437.58,-8786.26 20439.42,-8747.28
19546.32,-9505.99 19561.41,-9538.52
19540.14,-9471.74 19545.58,-9483.86
18922.26,-8074.12 18913.22,-8054.66
19283.97,-8770.35 19530.29,-9408.92
19530.29,-9408.92 19538.24,-9429.52
18280.04,-9161.25 18391.48,-9234.56
19172.27,-8491.41 18922.26,-8074.12
18988.61,-8622.28 18089.91,-8589.22
18009.85,-8619.26 18023.89,-8620.13
18023.89,-8620.13 18040.67,-8621.66
17953.48,-8610.54 18009.82,-8619.25
20455.51,-8997.59 20511.84,-9006.31
18089.7,-8626.1 18057.88,-8624.12
18052.52,-8623.14 18040.67,-8621.66
20384.65,-8983.91 20421.13,-8989.55
20421.11,-8989.55 20421.12,-8989.55
19131.97,-8763.01 19178.44,-8771.74
20455.48,-8997.59 20455.51,-8997.59
20443.48,-8994.42 20455.48,-8997.59
19444.67,-8688.88 19483.7,-8699.5
19483.7,-8699.5 20365.41,-8939.31
20365.41,-8939.31 20384.72,-8944.57
20439.42,-8746.3 20439.42,-8746.58
20439.42,-8746.58 20439.42,-8747.28
18035.63,-8743.63 18035.63,-8742.48
18035.63,-8742.48 18035.63,-8742.13
18035.63,-8742.13 18035.63,-8741.65
20439.42,-8747.57 20439.42,-8748.39
20439.42,-8748.39 20439.42,-8748.67
19590.58,-8088.02 19422.3,-8064.99
19422.3,-8064.99 19251.89,-8054.81
19251.89,-8054.81 19083.42,-8057.82
19083.42,-8057.82 18920.38,-8074.31
18920.38,-8074.31 18765.79,-8104.27
18765.79,-8104.27 18621.52,-8146.62
18621.52,-8146.62 18488.26,-8200.53
19929.7,-8401.99 19841.82,-8345.63
19841.82,-8345.63 19740.52,-8297.63
19740.52,-8297.63 19628.15,-8259.04
19628.15,-8259.04 19507.28,-8230.7
19507.28,-8230.7 19380.61,-8213.2
19380.61,-8213.2 19251.03,-8206.9
19251.03,-8206.9 19121.47,-8211.92
19121.47,-8211.92 18994.82,-8228.13
18994.82,-8228.13 18873.93,-8255.14
18873.93,-8255.14 18761.53,-8292.36
18761.53,-8292.36 18660.21,-8338.92
20147.72,-8289.93 20034.97,-8226.04
20034.97,-8226.04 19902.99,-8170.25
19902.99,-8170.25 19752.59,-8123.43
19752.59,-8123.43 19590.58,-8088.02
19456.81,-8548.08 19420.24,-8524.89
19420.24,-8524.89 19376.84,-8506.56
19376.84,-8506.56 19328.4,-8493.72
19328.4,-8493.72 19276.86,-8486.8
19276.86,-8486.8 19224.28,-8485.99
19224.28,-8485.99 19172.76,-8491.3
19172.76,-8491.3 19124.38,-8502.46
19124.38,-8502.46 19081.08,-8518.98
19052.53,-8729.92 19089.4,-8748.88
19089.4,-8748.88 19131.97,-8763.01
20421.11,-8989.55 20428.71,-8991.02
20428.71,-8991.02 20443.48,-8994.42
19178.44,-8771.74 19226.78,-8774.76
19226.78,-8774.76 19274.93,-8772
19274.93,-8772 19320.95,-8763.6
19320.95,-8763.6 19362.99,-8749.92
19362.99,-8749.92 19399.08,-8731.63
20094.12,-8607.78 20057.32,-8534.58
20057.32,-8534.58 20002.09,-8465.46
20002.09,-8465.46 19929.7,-8401.99
18815.09,-9390.4 18976.59,-9417.61
18976.59,-9417.61 19142.99,-9431.37
19142.99,-9431.37 19310.99,-9431.44
19310.99,-9431.44 19477.24,-9417.81
18559.82,-8998.99 18645.53,-9054.65
18391.48,-9234.56 18519.58,-9297.98
18519.58,-9297.98 18661.74,-9350.27
18661.74,-9350.27 18815.09,-9390.4
19477.24,-9417.81 19638.45,-9390.78
19638.45,-9390.78 19791.4,-9350.89
19791.4,-9350.89 19933.08,-9298.92
19933.08,-9298.92 20060.63,-9235.9
19460.42,-8625.37 19450.16,-8597.26
18990.05,-8651.59 19001.69,-8680.36
19001.69,-8680.36 19022.87,-8706.81
19022.87,-8706.81 19052.53,-8729.92
20439.42,-8747.57 20438.4,-8718.59
20438.4,-8718.59 20420.76,-8623.93
20420.76,-8623.93 20381.73,-8531.73
20381.73,-8531.73 20322.24,-8444.02
20322.24,-8444.02 20243.66,-8362.82
20243.66,-8362.82 20147.72,-8289.93
20113.19,-8713.27 20111.66,-8683.33
20111.66,-8683.33 20094.12,-8607.78
18402.31,-8795.85 18436.73,-8868.06
18436.73,-8868.06 18489.66,-8936.32
18489.66,-8936.32 18559.82,-8998.99
20060.45,-8887.51 20096.58,-8812.13
20096.58,-8812.13 20112.43,-8734.61
20112.43,-8734.61 20113.19,-8713.68
18386.51,-8701.6 18387.22,-8721.46
18387.22,-8721.46 18402.31,-8795.85
19448.23,-8684.5 19459.49,-8657.48
19459.49,-8657.48 19461.63,-8639.07
18997.43,-8592.98 18988.61,-8622.28
18988.61,-8622.28 18987.96,-8632.72
20010,-8952.27 20060.45,-8887.51
18444.15,-8522.93 18406.76,-8594.42
18406.76,-8594.42 18388.42,-8668.36
18388.42,-8668.36 18386.51,-8701.26
19399.08,-8731.63 19427.82,-8709.54
19427.82,-8709.54 19448.23,-8684.5
18364.88,-9289.06 18357.15,-9292.68
18357.15,-9292.68 18341.19,-9299.55
19081.08,-8518.98 19044.59,-8540.19
19044.59,-8540.19 19016.33,-8565.2
19016.33,-8565.2 18997.43,-8592.98
18660.21,-8338.92 18572.29,-8393.73
18572.29,-8393.73 18499.74,-8455.53
18499.74,-8455.53 18444.15,-8522.93
18366.65,-8265.84 18260.5,-8340.92
18260.5,-8340.92 18172.91,-8423.42
18172.91,-8423.42 18106.06,-8510.78
18041.17,-8805.77 18035.63,-8743.63
18279.22,-9160.7 18187.55,-9080.21
18187.55,-9080.21 18116.44,-8993.08
18116.44,-8993.08 18067.31,-8901.01
18067.31,-8901.01 18041.17,-8805.77
20374.6,-8921.67 20332.14,-8998.08
20332.14,-8998.08 20261.55,-9084.38
20261.55,-9084.38 20170.45,-9164.2
20170.45,-9164.2 20060.63,-9235.9
18391.48,-9234.56 18380.53,-9246.02
18989.37,-9172.51 19121.58,-9190.44
19121.58,-9190.44 19256.85,-9196.52
19256.85,-9196.52 19392.03,-9190.61
19392.03,-9190.61 19524,-9172.87
19524,-9172.87 19649.71,-9143.71
18641.08,-9052.72 18746.26,-9102.87
18746.26,-9102.87 18863.28,-9143.1
18863.28,-9143.1 18989.37,-9172.51
19649.71,-9143.71 19766.24,-9103.82
19766.24,-9103.82 19870.84,-9054.12
19870.84,-9054.12 19961.07,-8995.79
19961.07,-8995.79 20010,-8952.27
21392.94,-8891.12 21401.28,-8899.48
19898.89,-10931.1 19868.23,-10955.48
21210.3,-10173.96 21233.35,-10167.33
21208.98,-11185.36 21231.25,-11167.17
19866.41,-11955.2 19889.44,-11948.54
21200.85,-12095.6 21231.25,-12071.37
21200.85,-12999.79 21231.25,-12975.56
19866.12,-13763.71 19889.44,-13756.93
19868.47,-14578.27 19898.89,-14554.06
21210.3,-13796.92 21233.07,-13790.41
17143.86,-13824.24 17160.97,-13824.24
17175.93,-13815.6 17186.62,-13815.6
21258.49,-14211.82 21245.13,-14204.11
21393.72,-14164.91 21391.06,-14168.61
21346.15,-14194.54 21329.05,-14194.54
21303.39,-14185.9 21314.08,-14185.9
19905.13,-14977.75 19891.76,-15000.9
19804.34,-15051.37 19800.36,-15087
19749.04,-15114.46 19755.45,-15112.93
19375.98,-15112.93 19382.4,-15114.46
19866.12,-12859.52 19889.44,-12852.73
17545.28,-13835.24 17554.72,-13851.6
18011.54,-14115.34 18020.99,-14109.88
18747.92,-14529.57 18757.37,-14545.93
19214.18,-14809.67 19223.63,-14804.22
19332.34,-15087.73 19330.42,-15046.51
21399.62,-9185.96 21401.28,-9181.47
17231.52,-13841.52 17244.88,-13833.81
18985.77,-14677.8 18985.77,-16384.81
11398.02,-8338.16 12277.81,-7830.21
12277.81,-7830.21 12884.9,-7479.71
11394.39,-8603.33 11394.39,-8347.32
11401.44,-13111.97 11401.44,-8607.84
11615.55,-9282.62 11615.55,-11173.9
11615.55,-12933.04 11615.55,-11178.09
11615.55,-11173.9 11615.55,-11178.09
11615.55,-9282.62 11615.55,-9260.43
11615.55,-9260.43 11616.16,-8731.8
14196.76,-14725.81 14528.66,-14725.81
11957.89,-11263.16 11957.89,-11170.97
11957.89,-11165.79 11957.89,-11170.97
11957.89,-11165.79 11962.12,-11163.64
11403.85,-13115.32 11444.51,-13138.8
14150.29,-14700.95 14190.95,-14724.42
14147.08,-14668.93 14123.19,-14655.13
11483.22,-13130.98 11523.86,-13154.44
11534.19,-13154.26 14113.45,-14643.36
12193.78,-11392.22 12193.78,-11300.17
12188.73,-11396.43 12193.78,-11392.22
14536.19,-10217.33 16024.57,-9357.95
11615.55,-12933.04 13975.56,-14295.56
14021.57,-14295.59 14147.08,-14368.05
15876.44,-10250.01 15876.7,-10249.9
13860.7,-13769.7 11731.68,-12540.54
13390.14,-11992.68 13390.14,-12090.05
15856.33,-10256.48 14668.67,-10941.31
14578.33,-10999.43 14640.92,-10963.38
15876.7,-10249.9 15937.18,-10214.98
13626.02,-12219.25 13626.02,-12127.06
13390.14,-11992.68 13394.37,-11990.52
11459.99,-13138.8 11473.54,-13130.98
13620.97,-12223.32 13625.31,-12220.81
15876.44,-11185.87 15876.7,-11185.77
13860.7,-12783.55 11731.68,-11554.4
15958.97,-13893.05 15945.42,-13885.23
14147.08,-14696.48 14147.08,-10193
14661.02,-11882.82 14668.66,-11877.16
15856.33,-11191.48 14668.67,-11877.17
14578.33,-11935.38 14640.92,-11899.24
15876.7,-11185.77 15937.18,-11150.85
14147.08,-12633.48 11619.66,-11174.31
12185.31,-11394.45 12188.73,-11396.43
13617.55,-12221.34 13620.97,-12223.32
11957.89,-11263.16 12185.31,-11394.45
13390.14,-12090.05 13617.55,-12221.34
11962.12,-11163.64 12191.36,-11295.98
13394.37,-11990.52 13623.6,-12122.87
13860.7,-12220.64 11731.68,-10991.48
14578.33,-10193 14578.33,-14696.48
14669.96,-14602.05 14669.96,-14220.27
14746.25,-14176.33 14746.25,-10896.57
14661.02,-12701.35 14668.66,-12695.69
14641.13,-12717.62 14640.92,-12717.77
15856.33,-12010.48 14668.67,-12695.7
14578.33,-12753.9 14640.92,-12717.77
15877.33,-12004.48 15936.27,-11969.91
15278.5,-13869.82 15278.5,-10589.66
15876.44,-12822.93 15876.7,-12822.82
11731.68,-9938.29 13860.7,-11167.45
14641.13,-13536.15 14640.92,-13536.3
15856.33,-12828.48 14668.33,-13514.48
14578.33,-13572.43 14640.92,-13536.3
15876.7,-12822.82 15936.05,-12788.56
14147.08,-10736.65 11620.27,-9277.79
15810.75,-13563.3 15810.75,-10282.76
15880.1,-13527.64 15880.1,-13900.03
16017.52,-9362.08 16017.52,-13866.22
16024.57,-9292.96 16024.57,-9357.95
16024.57,-9101.57 16024.57,-9292.96
14661.02,-14226.66 14668.69,-14221
14641.13,-14242.93 14640.92,-14243.08
15857.33,-13536.48 14668.67,-14221.01
14578.33,-14279.26 14640.92,-14243.08
15876.7,-13529.61 15935.85,-13495.46
15876.44,-13529.71 15876.7,-13529.61
11394.39,-8603.33 14189.22,-10217.33
15935.75,-13885.23 15895.1,-13908.69
14578.33,-14668.92 14657.86,-14623.01
14534.46,-14724.42 14575.12,-14700.95
15974.45,-13893.05 16015.11,-13869.57
14189.22,-10217.33 14536.19,-10217.33
13227.61,-7479.71 16020.94,-9092.41
12885.21,-7479.21 13227.61,-7479.71
15857.33,-13536.48 15876.44,-13529.71
14641.13,-14242.93 14650.77,-14234.82
14650.77,-14234.82 14661.02,-14226.66
15856.33,-12828.48 15876.44,-12822.93
14641.13,-13536.15 14668.33,-13514.48
14641.13,-12717.62 14650.77,-12709.5
14650.77,-12709.5 14661.02,-12701.35
15856.33,-12010.48 15877.33,-12004.48
14641.13,-11899.09 14650.77,-11890.97
14650.77,-11890.97 14661.02,-11882.82
15856.33,-11191.48 15860.08,-11190.38
15860.08,-11190.38 15868.32,-11187.99
15868.32,-11187.99 15876.44,-11185.87
14641.13,-10963.23 14650.77,-10955.11
14650.77,-10955.11 14661.02,-10946.96
15856.33,-10256.48 15860.08,-10254.52
15860.08,-10254.52 15868.32,-10252.13
15868.32,-10252.13 15876.44,-10250.01
14661.02,-10946.96 14668.67,-10941.31
15958.97,-13893.05 15968.3,-13895.16
15968.3,-13895.16 15974.45,-13893.05
16015.11,-13869.57 16017.52,-13866.22
15945.42,-13885.23 15935.75,-13885.23
15895.1,-13908.69 15883,-13901.71
15883,-13901.71 15880.1,-13900.03
16020.94,-9092.41 16024.57,-9101.57
11398.02,-8338.16 11394.39,-8347.32
13623.6,-12122.87 13626.02,-12127.06
12191.36,-11295.98 12193.78,-11300.17
11401.44,-13111.97 11403.85,-13115.32
11444.51,-13138.8 11459.99,-13138.8
11473.54,-13130.98 11483.22,-13130.98
11523.86,-13154.44 11534.19,-13154.26
14147.08,-14696.48 14150.29,-14700.95
14190.95,-14724.42 14196.76,-14725.81
14528.66,-14725.81 14534.46,-14724.42
14575.12,-14700.95 14578.33,-14696.48
14657.86,-14623.01 14669.96,-14602.05
14123.19,-14655.13 14113.45,-14643.36
13975.56,-14295.56 14021.57,-14295.59
13625.31,-12220.81 13626.02,-12219.25
13836.59,-8735.39 13729.57,-8792.87
14688.91,-9041.24 15271.74,-8797.36
14344.89,-9207.3 14321.39,-9224.63
14321.39,-9224.63 13751.43,-9645.34
15308.23,-8776.27 15271.94,-8797.22
13696.42,-9706.84 13660.13,-9727.79
13741.79,-9685.28 13728.02,-9693.3
13696.62,-9706.74 13696.42,-9706.84
13707.17,-9702.53 13696.62,-9706.74
13500.26,-9008.41 13460.92,-9087.05
15271.74,-8797.36 15271.94,-8797.22
13460.92,-9087.05 13441.74,-9161.79
13441.73,-9161.82 13438.27,-9211.58
13438.27,-9211.28 13441.71,-9162.19
13441.73,-9161.82 13441.74,-9161.8
13438.27,-9211.58 13438.27,-9211.28
13486.05,-9077.44 13485.86,-9109.9
13741.79,-9655.43 13741.79,-9685.28
15517.53,-9374.71 15539.82,-9315.4
14693.16,-9121.37 14692.09,-9109.25
14767.03,-9864.72 14767.59,-9883.76
14760.58,-9816.91 14762.25,-9854.06
15539.82,-9315.4 15551.99,-9250.84
14276.32,-9115.72 14278.16,-9132.33
14767.59,-9883.76 14767.68,-9884.2
15553.62,-9216.53 15553.62,-9216.79
15505.48,-9390.15 15505.42,-9424.77
15551.99,-9250.84 15553.62,-9216.53
14767.68,-9884.2 14780.97,-9912.82
14762.25,-9854.06 14767.03,-9864.72
14218.51,-8624.15 14210.56,-8607.02
14536.81,-9236.83 14753.58,-9798.78
14753.58,-9798.78 14760.58,-9816.91
13653.36,-9580.83 13751.43,-9645.34
14438.52,-8991.37 14218.51,-8624.15
14276.9,-9106.53 13486.05,-9077.44
13415.59,-9103.87 13427.95,-9104.64
13427.95,-9104.64 13442.71,-9105.99
13365.99,-9096.2 13415.56,-9103.87
15567.77,-9436.81 15617.35,-9444.48
13485.86,-9109.9 13457.86,-9108.15
13453.14,-9107.29 13442.71,-9105.99
15505.42,-9424.77 15537.51,-9429.73
14403.06,-9230.37 14443.95,-9238.06
15567.75,-9436.8 15567.77,-9436.81
15557.18,-9434.01 15567.75,-9436.8
14678.23,-9165.14 14712.58,-9174.48
14712.58,-9174.48 15488.48,-9385.52
15488.48,-9385.52 15505.48,-9390.15
15553.61,-9215.67 15553.62,-9215.92
15553.62,-9215.92 15553.62,-9216.53
13438.28,-9213.32 13438.27,-9212.31
13438.27,-9212.31 13438.27,-9212
13438.27,-9212 13438.27,-9211.58
15553.62,-9216.79 15553.62,-9217.51
15553.62,-9217.51 15553.61,-9217.76
14806.63,-8636.38 14658.55,-8616.12
14658.55,-8616.12 14508.59,-8607.16
14508.59,-8607.16 14360.33,-8609.81
14360.33,-8609.81 14216.86,-8624.32
14216.86,-8624.32 14080.81,-8650.69
14080.81,-8650.69 13953.86,-8687.96
13953.86,-8687.96 13836.59,-8735.39
15105.06,-8912.68 15027.73,-8863.08
15027.73,-8863.08 14938.58,-8820.84
14938.58,-8820.84 14839.7,-8786.88
14839.7,-8786.88 14733.33,-8761.94
14733.33,-8761.94 14621.86,-8746.54
14621.86,-8746.54 14507.83,-8741
14507.83,-8741 14393.81,-8745.42
14393.81,-8745.42 14282.37,-8759.68
14282.37,-8759.68 14175.98,-8783.45
14175.98,-8783.45 14077.07,-8816.21
14077.07,-8816.21 13987.91,-8857.18
15296.92,-8814.07 15197.7,-8757.84
15197.7,-8757.84 15081.55,-8708.74
15081.55,-8708.74 14949.2,-8667.55
14949.2,-8667.55 14806.63,-8636.38
14688.91,-9041.24 14656.73,-9020.83
14656.73,-9020.83 14618.54,-9004.7
14618.54,-9004.7 14575.92,-8993.4
14575.92,-8993.4 14530.56,-8987.31
14530.56,-8987.31 14484.29,-8986.6
14484.29,-8986.6 14438.95,-8991.27
14438.95,-8991.27 14396.38,-9001.09
14396.38,-9001.09 14358.28,-9015.63
14333.15,-9201.26 14365.59,-9217.94
14365.59,-9217.94 14403.06,-9230.37
15537.5,-9429.73 15544.18,-9431.02
15544.18,-9431.02 15557.18,-9434.01
14443.95,-9238.06 14486.49,-9240.72
14486.49,-9240.72 14528.86,-9238.28
14528.86,-9238.28 14569.36,-9230.89
14569.36,-9230.89 14606.35,-9218.85
14606.35,-9218.85 14638.11,-9202.76
15249.75,-9093.78 15217.37,-9029.36
15217.37,-9029.36 15168.76,-8968.53
15168.76,-8968.53 15105.06,-8912.68
14124.21,-9782.48 14266.32,-9806.42
14266.32,-9806.42 14412.75,-9818.54
14412.75,-9818.54 14560.59,-9818.59
14560.59,-9818.59 14706.9,-9806.6
13899.56,-9438.04 13974.99,-9487.02
13751.43,-9645.34 13864.15,-9701.15
13864.15,-9701.15 13989.25,-9747.16
13989.25,-9747.16 14124.21,-9782.48
14706.9,-9806.6 14848.75,-9782.82
14848.75,-9782.82 14983.36,-9747.71
14983.36,-9747.71 15108.03,-9701.97
15108.03,-9701.97 15220.28,-9646.52
14692.09,-9109.25 14683.07,-9084.51
14278.16,-9132.33 14288.41,-9157.65
14288.41,-9157.65 14307.05,-9180.92
14307.05,-9180.92 14333.15,-9201.26
15553.62,-9216.79 15552.72,-9191.28
15552.72,-9191.28 15537.19,-9107.99
15537.19,-9107.99 15502.84,-9026.85
15502.84,-9026.85 15450.49,-8949.66
15450.49,-8949.66 15381.35,-8878.21
15381.35,-8878.21 15296.92,-8814.07
15266.53,-9186.6 15265.18,-9160.25
15265.18,-9160.25 15249.75,-9093.78
13760.95,-9259.27 13791.24,-9322.82
13791.24,-9322.82 13837.82,-9382.89
13837.82,-9382.89 13899.56,-9438.04
15220.12,-9339.94 15251.91,-9273.6
15251.91,-9273.6 15265.86,-9205.38
15265.86,-9205.38 15266.53,-9186.96
13747.05,-9176.33 13747.68,-9193.81
13747.68,-9193.81 13760.95,-9259.27
14681.37,-9161.29 14691.28,-9137.51
14691.28,-9137.51 14693.16,-9121.31
14284.66,-9080.75 14276.9,-9106.53
14276.9,-9106.53 14276.32,-9115.72
15175.72,-9396.93 15220.12,-9339.94
13797.78,-9019.1 13764.87,-9082.02
13764.87,-9082.02 13748.73,-9147.08
13748.73,-9147.08 13747.05,-9176.04
14638.11,-9202.76 14663.4,-9183.33
14663.4,-9183.33 14681.37,-9161.29
13728.02,-9693.3 13721.21,-9696.48
13721.21,-9696.48 13707.17,-9702.53
14358.28,-9015.63 14326.16,-9034.29
14326.16,-9034.29 14301.3,-9056.3
14301.3,-9056.3 14284.66,-9080.75
13987.91,-8857.18 13910.54,-8905.41
13910.54,-8905.41 13846.69,-8959.79
13846.69,-8959.79 13797.78,-9019.1
13729.57,-8792.87 13636.16,-8858.94
13636.16,-8858.94 13559.08,-8931.53
13559.08,-8931.53 13500.26,-9008.41
13443.15,-9268 13438.28,-9213.32
13652.64,-9580.34 13571.97,-9509.51
13571.97,-9509.51 13509.39,-9432.83
13509.39,-9432.83 13466.16,-9351.82
13466.16,-9351.82 13443.15,-9268
15496.57,-9369.99 15459.2,-9437.23
15459.2,-9437.23 15397.08,-9513.18
15397.08,-9513.18 15316.91,-9583.42
15316.91,-9583.42 15220.28,-9646.52
13751.43,-9645.34 13741.79,-9655.43
14277.56,-9590.74 14393.91,-9606.52
14393.91,-9606.52 14512.95,-9611.86
14512.95,-9611.86 14631.91,-9606.66
14631.91,-9606.66 14748.04,-9591.05
14748.04,-9591.05 14858.67,-9565.39
13971.08,-9485.32 14063.64,-9529.45
14063.64,-9529.45 14166.61,-9564.86
14166.61,-9564.86 14277.56,-9590.74
14858.67,-9565.39 14961.21,-9530.29
14961.21,-9530.29 15053.26,-9486.56
15053.26,-9486.56 15132.66,-9435.22
15132.66,-9435.22 15175.72,-9396.93
12291.23,-7848.05 12184.21,-7905.53
13143.55,-8153.9 13726.38,-7910.03
12799.53,-8319.96 12776.03,-8337.3
12776.03,-8337.3 12206.06,-8758
13762.87,-7888.93 13726.58,-7909.88
12151.06,-8819.5 12114.77,-8840.45
12196.43,-8797.95 12182.66,-8805.96
12161.81,-8815.2 12151.26,-8819.41
11954.89,-8121.07 11915.56,-8199.71
13726.38,-7910.03 13726.58,-7909.88
11915.56,-8199.71 11896.38,-8274.46
11896.37,-8274.48 11892.91,-8324.24
11892.91,-8323.94 11896.35,-8274.85
11892.91,-8324.24 11892.91,-8323.94
11940.69,-8190.1 11940.5,-8222.56
12196.43,-8768.09 12196.43,-8797.95
13972.17,-8487.37 13994.46,-8428.06
13147.8,-8234.03 13146.73,-8221.92
13221.67,-8977.38 13222.22,-8996.42
13215.21,-8929.57 13216.89,-8966.72
13994.46,-8428.06 14006.63,-8363.5
12730.96,-8228.38 12732.8,-8244.99
12544.61,-7675.39 12544.51,-7674.95
13222.22,-8996.42 13222.32,-8996.86
14008.26,-8329.19 14008.26,-8329.45
13960.12,-8502.81 13960.05,-8537.43
14006.63,-8363.5 14008.26,-8329.19
13222.32,-8996.86 13235.61,-9025.48
13216.89,-8966.72 13221.67,-8977.38
12673.15,-7736.82 12665.2,-7719.69
12991.45,-8349.5 13208.22,-8911.44
13208.22,-8911.44 13215.21,-8929.57
12108,-8693.49 12206.06,-8758
12893.16,-8104.03 12673.15,-7736.82
12731.54,-8219.2 11940.69,-8190.1
11870.23,-8216.54 11882.59,-8217.31
11882.59,-8217.31 11897.35,-8218.65
11820.63,-8208.86 11870.2,-8216.53
14022.41,-8549.47 14071.98,-8557.14
11940.5,-8222.56 11912.5,-8220.81
11907.78,-8219.95 11897.35,-8218.65
13960.05,-8537.43 13992.15,-8542.39
13992.14,-8542.39 13992.15,-8542.39
12857.7,-8343.04 12898.59,-8350.72
14022.38,-8549.47 14022.41,-8549.47
14011.82,-8546.68 14022.38,-8549.47
13132.87,-8277.8 13167.22,-8287.15
13167.22,-8287.15 13943.12,-8498.18
13943.12,-8498.18 13960.12,-8502.81
14008.25,-8328.34 14008.25,-8328.58
14008.25,-8328.58 14008.26,-8329.19
11892.92,-8325.98 11892.91,-8324.97
11892.91,-8324.97 11892.91,-8324.67
11892.91,-8324.67 11892.91,-8324.24
14008.26,-8329.45 14008.25,-8330.18
14008.25,-8330.18 14008.25,-8330.42
13261.27,-7749.04 13113.19,-7728.78
13113.19,-7728.78 12963.22,-7719.82
12963.22,-7719.82 12814.97,-7722.47
12814.97,-7722.47 12671.5,-7736.98
12671.5,-7736.98 12535.45,-7763.35
12535.45,-7763.35 12408.5,-7800.62
12408.5,-7800.62 12291.23,-7848.05
13559.69,-8025.35 13482.36,-7975.74
13482.36,-7975.74 13393.22,-7933.5
13393.22,-7933.5 13294.34,-7899.55
13294.34,-7899.55 13187.96,-7874.61
13187.96,-7874.61 13076.5,-7859.2
13076.5,-7859.2 12962.47,-7853.66
12962.47,-7853.66 12848.45,-7858.08
12848.45,-7858.08 12737.01,-7872.34
12737.01,-7872.34 12630.62,-7896.12
12630.62,-7896.12 12531.71,-7928.87
12531.71,-7928.87 12442.55,-7969.84
13751.56,-7926.73 13652.33,-7870.51
13652.33,-7870.51 13536.19,-7821.41
13536.19,-7821.41 13403.84,-7780.21
13403.84,-7780.21 13261.27,-7749.04
13143.55,-8153.9 13111.37,-8133.49
13111.37,-8133.49 13073.18,-8117.36
13073.18,-8117.36 13030.56,-8106.06
13030.56,-8106.06 12985.2,-8099.97
12985.2,-8099.97 12938.93,-8099.26
12938.93,-8099.26 12893.59,-8103.93
12893.59,-8103.93 12851.01,-8113.75
12851.01,-8113.75 12812.92,-8128.29
12787.79,-8313.92 12820.23,-8330.61
12820.23,-8330.61 12857.7,-8343.04
13992.14,-8542.39 13998.82,-8543.69
13998.82,-8543.69 14011.82,-8546.68
12898.59,-8350.72 12941.13,-8353.38
12941.13,-8353.38 12983.5,-8350.95
12983.5,-8350.95 13024,-8343.56
13024,-8343.56 13060.99,-8331.52
13060.99,-8331.52 13092.75,-8315.42
13704.39,-8206.44 13672,-8142.02
13672,-8142.02 13623.4,-8081.19
13623.4,-8081.19 13559.69,-8025.35
12578.84,-8895.14 12720.96,-8919.09
12720.96,-8919.09 12867.39,-8931.2
12867.39,-8931.2 13015.23,-8931.25
13015.23,-8931.25 13161.53,-8919.27
12354.2,-8550.7 12429.63,-8599.68
12206.06,-8758 12318.79,-8813.81
12318.79,-8813.81 12443.89,-8859.83
12443.89,-8859.83 12578.84,-8895.14
13161.53,-8919.27 13303.39,-8895.48
13303.39,-8895.48 13438,-8860.37
13438,-8860.37 13562.67,-8814.64
13562.67,-8814.64 13674.92,-8759.18
13146.73,-8221.92 13137.71,-8197.18
12732.8,-8244.99 12743.05,-8270.31
12743.05,-8270.31 12761.69,-8293.58
12761.69,-8293.58 12787.79,-8313.92
14008.26,-8329.45 14007.36,-8303.95
14007.36,-8303.95 13991.83,-8220.65
13991.83,-8220.65 13957.48,-8139.52
13957.48,-8139.52 13905.13,-8062.33
13905.13,-8062.33 13835.99,-7990.87
13835.99,-7990.87 13751.56,-7926.73
13721.17,-8299.26 13719.82,-8272.92
13719.82,-8272.92 13704.39,-8206.44
12215.59,-8371.93 12245.88,-8435.49
12245.88,-8435.49 12292.46,-8495.55
12292.46,-8495.55 12354.2,-8550.7
13674.76,-8452.6 13706.55,-8386.26
13706.55,-8386.26 13720.5,-8318.04
13720.5,-8318.04 13721.17,-8299.63
12201.69,-8289 12202.31,-8306.48
12202.31,-8306.48 12215.59,-8371.93
13136,-8273.95 13145.91,-8250.17
13145.91,-8250.17 13147.8,-8233.97
12739.3,-8193.41 12731.54,-8219.2
12731.54,-8219.2 12730.96,-8228.38
13630.36,-8509.59 13674.76,-8452.6
12252.42,-8131.76 12219.51,-8194.68
12219.51,-8194.68 12203.37,-8259.74
12203.37,-8259.74 12201.69,-8288.7
13092.75,-8315.42 13118.04,-8295.99
13118.04,-8295.99 13136,-8273.95
12182.66,-8805.96 12175.85,-8809.15
12175.85,-8809.15 12161.81,-8815.2
12812.92,-8128.29 12780.8,-8146.95
12780.8,-8146.95 12755.94,-8168.96
12755.94,-8168.96 12739.3,-8193.41
12442.55,-7969.84 12365.18,-8018.07
12365.18,-8018.07 12301.33,-8072.45
12301.33,-8072.45 12252.42,-8131.76
12184.21,-7905.53 12090.8,-7971.6
12090.8,-7971.6 12013.72,-8044.2
12013.72,-8044.2 11954.89,-8121.07
11897.79,-8380.66 11892.92,-8325.98
12107.28,-8693.01 12026.61,-8622.17
12026.61,-8622.17 11964.03,-8545.5
11964.03,-8545.5 11920.8,-8464.48
11920.8,-8464.48 11897.79,-8380.66
13951.21,-8482.66 13913.84,-8549.9
13913.84,-8549.9 13851.72,-8625.85
13851.72,-8625.85 13771.55,-8696.08
13771.55,-8696.08 13674.92,-8759.18
12206.06,-8758 12196.43,-8768.09
12732.2,-8703.4 12848.55,-8719.18
12848.55,-8719.18 12967.59,-8724.52
12967.59,-8724.52 13086.55,-8719.32
13086.55,-8719.32 13202.68,-8703.71
13202.68,-8703.71 13313.31,-8678.06
12425.71,-8597.98 12518.27,-8642.11
12518.27,-8642.11 12621.24,-8677.52
12621.24,-8677.52 12732.2,-8703.4
13313.31,-8678.06 13415.85,-8642.95
13415.85,-8642.95 13507.9,-8599.22
13507.9,-8599.22 13587.3,-8547.88
13587.3,-8547.88 13630.36,-8509.59
13541.84,-14172.07 13998.66,-14435.81
13532.39,-14048.57 13532.39,-14155.71
14008.1,-14430.35 14008.1,-14296.58
13532.39,-14155.71 13541.84,-14172.07
13998.66,-14435.81 14008.1,-14430.35
11892.39,-13095.6 11892.39,-13202.71
12368.1,-13477.35 12368.1,-13370.24
11901.84,-13219.07 12358.66,-13482.81
11892.39,-13202.71 11901.84,-13219.07
12358.66,-13482.81 12368.1,-13477.35
13770.25,-14303.94 13770.25,-16038.81
