7584.29,-14273.47 7584.29,-16153.54
7584.29,-16153.54 5384.29,-16153.54
10168.91,-16499.55 5384.29,-16499.55
12975.91,-14615.27 12975.91,-16326.54
5384.29,-15953.54 5384.29,-16699.55
5384.29,-15953.54 4710.19,-16326.54
4710.19,-16326.54 5384.29,-16699.55
4710.19,-16326.54 2884.91,-16326.54
12975.91,-16326.54 10843,-16326.54
18571.29,-16672.55 10843,-16672.55
10843,-16126.54 10843,-16872.55
10843,-16126.54 10168.91,-16499.55
10168.91,-16499.55 10843,-16872.55
5239.54,-8323.55 6119.33,-7815.6
6119.33,-7815.6 6726.41,-7465.1
5235.91,-8588.72 5235.91,-8332.71
5242.96,-13097.36 5242.96,-8593.23
5457.07,-9268.01 5457.07,-11159.29
5457.07,-12918.43 5457.07,-11163.48
5457.07,-11159.29 5457.07,-11163.48
5457.07,-9268.01 5457.07,-9245.82
5457.07,-9245.82 5457.67,-8717.19
8038.27,-14711.2 8370.17,-14711.2
5799.41,-11248.55 5799.41,-11156.36
5799.41,-11151.18 5799.41,-11156.36
5799.41,-11151.18 5803.64,-11149.03
5245.36,-13100.71 5286.02,-13124.19
7991.81,-14686.34 8032.46,-14709.81
7988.6,-14654.32 7964.71,-14640.52
5324.73,-13116.37 5365.38,-13139.83
5375.71,-13139.65 7954.97,-14628.75
6035.29,-11377.61 6035.29,-11285.56
6030.24,-11381.82 6035.29,-11377.61
8377.71,-10202.72 9866.08,-9343.34
5457.07,-12918.43 7817.07,-14280.95
7863.09,-14280.98 7988.6,-14353.44
9717.96,-10235.4 9718.22,-10235.29
7702.21,-13755.09 5573.2,-12525.93
7231.65,-11978.07 7231.65,-12075.44
9697.85,-10241.87 8510.18,-10926.7
8419.85,-10984.82 8482.43,-10948.77
9718.22,-10235.29 9778.7,-10200.38
7467.54,-12204.64 7467.54,-12112.45
7231.65,-11978.07 7235.88,-11975.91
5301.51,-13124.19 5315.05,-13116.37
7462.49,-12208.71 7466.83,-12206.2
9717.96,-11171.26 9718.22,-11171.16
7702.21,-12768.94 5573.2,-11539.79
9800.49,-13878.44 9786.94,-13870.62
7988.6,-14681.87 7988.6,-10178.39
8502.53,-11868.21 8510.17,-11862.55
9697.85,-11176.87 8510.18,-11862.56
8419.85,-11920.77 8482.43,-11884.63
9718.22,-11171.16 9778.7,-11136.24
7988.6,-12618.87 5461.18,-11159.7
6026.82,-11379.84 6030.24,-11381.82
7459.07,-12206.73 7462.49,-12208.71
5799.41,-11248.55 6026.82,-11379.84
7231.65,-12075.44 7459.07,-12206.73
5803.64,-11149.03 6032.87,-11281.37
7235.88,-11975.91 7465.12,-12108.26
7702.21,-12206.03 5573.2,-10976.87
8419.85,-10178.39 8419.85,-14681.87
8511.48,-14587.44 8511.48,-14205.66
8587.77,-14161.72 8587.77,-10881.96
8502.53,-12686.74 8510.17,-12681.08
8482.64,-12703.01 8482.43,-12703.16
9697.85,-11995.87 8510.18,-12681.09
8419.85,-12739.29 8482.43,-12703.16
9718.85,-11989.87 9777.79,-11955.3
9120.02,-13855.21 9120.02,-10575.05
9717.96,-12808.32 9718.22,-12808.21
5573.2,-9923.68 7702.21,-11152.84
8482.64,-13521.54 8482.43,-13521.69
9697.85,-12813.87 8509.85,-13499.87
8419.85,-13557.82 8482.43,-13521.69
9718.22,-12808.21 9777.56,-12773.95
7988.6,-10722.04 5461.78,-9263.18
9652.27,-13548.69 9652.27,-10268.15
9721.62,-13513.03 9721.62,-13885.42
9859.03,-9347.48 9859.03,-13851.61
9866.08,-9278.35 9866.08,-9343.34
9866.08,-9086.96 9866.08,-9278.35
8502.53,-14212.05 8510.2,-14206.39
8482.64,-14228.32 8482.43,-14228.47
9698.85,-13521.87 8510.18,-14206.4
8419.85,-14264.65 8482.43,-14228.47
9718.22,-13515 9777.37,-13480.85
9717.96,-13515.1 9718.22,-13515
5235.91,-8588.72 8030.74,-10202.72
9777.26,-13870.62 9736.62,-13894.08
8419.85,-14654.31 8499.38,-14608.4
8375.98,-14709.81 8416.64,-14686.34
9815.97,-13878.44 9856.63,-13854.96
8030.74,-10202.72 8377.71,-10202.72
7069.13,-7465.1 9862.45,-9077.8
6726.72,-7464.6 7069.13,-7465.1
9698.85,-13521.87 9717.96,-13515.1
8482.64,-14228.32 8492.29,-14220.21
8492.29,-14220.21 8502.53,-14212.05
9697.85,-12813.87 9717.96,-12808.32
8482.64,-13521.54 8509.85,-13499.87
8482.64,-12703.01 8492.29,-12694.89
8492.29,-12694.89 8502.53,-12686.74
9697.85,-11995.87 9718.85,-11989.87
8482.64,-11884.48 8492.29,-11876.36
8492.29,-11876.36 8502.53,-11868.21
9697.85,-11176.87 9701.6,-11175.77
9701.6,-11175.77 9709.84,-11173.38
9709.84,-11173.38 9717.96,-11171.26
8482.64,-10948.62 8492.29,-10940.5
8492.29,-10940.5 8502.53,-10932.35
9697.85,-10241.87 9701.6,-10239.91
9701.6,-10239.91 9709.84,-10237.52
9709.84,-10237.52 9717.96,-10235.4
8502.53,-10932.35 8510.18,-10926.7
9800.49,-13878.44 9809.82,-13880.55
9809.82,-13880.55 9815.97,-13878.44
9856.63,-13854.96 9859.03,-13851.61
9786.94,-13870.62 9777.26,-13870.62
9736.62,-13894.08 9724.52,-13887.1
9724.52,-13887.1 9721.62,-13885.42
9862.45,-9077.8 9866.08,-9086.96
5239.54,-8323.55 5235.91,-8332.71
7465.12,-12108.26 7467.54,-12112.45
6032.87,-11281.37 6035.29,-11285.56
5242.96,-13097.36 5245.36,-13100.71
5286.02,-13124.19 5301.51,-13124.19
5315.05,-13116.37 5324.73,-13116.37
5365.38,-13139.83 5375.71,-13139.65
7988.6,-14681.87 7991.81,-14686.34
8032.46,-14709.81 8038.27,-14711.2
8370.17,-14711.2 8375.98,-14709.81
8416.64,-14686.34 8419.85,-14681.87
8499.38,-14608.4 8511.48,-14587.44
7964.71,-14640.52 7954.97,-14628.75
7817.07,-14280.95 7863.09,-14280.98
7466.83,-12206.2 7467.54,-12204.64
7678.11,-8720.78 7571.09,-8778.26
8530.43,-9026.63 9113.25,-8782.75
8186.41,-9192.69 8162.9,-9210.02
8162.9,-9210.02 7592.94,-9630.73
9149.74,-8761.66 9113.45,-8782.61
7537.93,-9692.23 7501.64,-9713.18
7583.3,-9670.67 7569.53,-9678.69
7538.13,-9692.14 7537.93,-9692.23
7548.68,-9687.92 7538.13,-9692.14
7341.77,-8993.8 7302.44,-9072.44
9113.25,-8782.75 9113.45,-8782.61
7302.44,-9072.44 7283.25,-9147.18
7283.25,-9147.21 7279.79,-9196.97
7279.79,-9196.67 7283.22,-9147.58
7283.25,-9147.21 7283.25,-9147.19
7279.79,-9196.97 7279.79,-9196.67
7327.56,-9062.83 7327.38,-9095.29
7583.3,-9640.82 7583.3,-9670.67
9359.04,-9360.1 9381.34,-9300.79
8534.67,-9106.76 8533.61,-9094.64
8608.55,-9850.11 8609.1,-9869.15
8602.09,-9802.3 8603.76,-9839.45
9381.34,-9300.79 9393.51,-9236.23
8117.84,-9101.11 8119.68,-9117.72
8609.1,-9869.15 8609.2,-9869.59
9395.13,-9201.92 9395.13,-9202.18
9347,-9375.54 9346.93,-9410.16
9393.51,-9236.23 9395.13,-9201.92
8609.2,-9869.59 8622.48,-9898.21
8603.76,-9839.45 8608.55,-9850.11
8060.03,-8609.54 8052.08,-8592.41
8378.33,-9222.22 8595.1,-9784.17
8595.1,-9784.17 8602.09,-9802.3
7494.87,-9566.22 7592.94,-9630.73
8280.03,-8976.76 8060.03,-8609.54
8118.41,-9091.93 7327.56,-9062.83
7257.11,-9089.26 7269.46,-9090.03
7269.46,-9090.03 7284.22,-9091.38
7207.5,-9081.59 7257.08,-9089.26
9409.29,-9422.2 9458.86,-9429.87
7327.38,-9095.29 7299.38,-9093.54
7294.65,-9092.68 7284.22,-9091.38
9346.93,-9410.16 9379.03,-9415.12
8244.58,-9215.76 8285.47,-9223.45
9409.26,-9422.19 9409.29,-9422.2
9398.7,-9419.4 9409.26,-9422.19
8519.74,-9150.53 8554.1,-9159.87
8554.1,-9159.87 9330,-9370.91
9330,-9370.91 9347,-9375.54
9395.13,-9201.06 9395.13,-9201.31
9395.13,-9201.31 9395.13,-9201.92
7279.79,-9198.71 7279.79,-9197.7
7279.79,-9197.7 7279.79,-9197.39
7279.79,-9197.39 7279.79,-9196.97
9395.13,-9202.18 9395.13,-9202.9
9395.13,-9202.9 9395.13,-9203.15
8648.15,-8621.77 8500.06,-8601.51
8500.06,-8601.51 8350.1,-8592.55
8350.1,-8592.55 8201.84,-8595.2
8201.84,-8595.2 8058.37,-8609.71
8058.37,-8609.71 7922.33,-8636.08
7922.33,-8636.08 7795.38,-8673.35
7795.38,-8673.35 7678.11,-8720.78
8946.57,-8898.07 8869.24,-8848.47
8869.24,-8848.47 8780.1,-8806.23
8780.1,-8806.23 8681.21,-8772.27
8681.21,-8772.27 8574.84,-8747.33
8574.84,-8747.33 8463.38,-8731.93
8463.38,-8731.93 8349.35,-8726.39
8349.35,-8726.39 8235.33,-8730.81
8235.33,-8730.81 8123.88,-8745.07
8123.88,-8745.07 8017.5,-8768.84
8017.5,-8768.84 7918.59,-8801.6
7918.59,-8801.6 7829.43,-8842.57
9138.44,-8799.46 9039.21,-8743.23
9039.21,-8743.23 8923.07,-8694.13
8923.07,-8694.13 8790.71,-8652.94
8790.71,-8652.94 8648.15,-8621.77
8530.43,-9026.63 8498.25,-9006.22
8498.25,-9006.22 8460.06,-8990.09
8460.06,-8990.09 8417.43,-8978.79
8417.43,-8978.79 8372.08,-8972.7
8372.08,-8972.7 8325.8,-8971.99
8325.8,-8971.99 8280.47,-8976.66
8280.47,-8976.66 8237.89,-8986.48
8237.89,-8986.48 8199.79,-9001.02
8174.66,-9186.65 8207.11,-9203.33
8207.11,-9203.33 8244.58,-9215.76
9379.01,-9415.12 9385.7,-9416.41
9385.7,-9416.41 9398.7,-9419.4
8285.47,-9223.45 8328.01,-9226.11
8328.01,-9226.11 8370.38,-9223.68
8370.38,-9223.68 8410.88,-9216.28
8410.88,-9216.28 8447.87,-9204.24
8447.87,-9204.24 8479.63,-9188.15
9091.27,-9079.17 9058.88,-9014.75
9058.88,-9014.75 9010.28,-8953.92
9010.28,-8953.92 8946.57,-8898.07
7965.72,-9767.87 8107.83,-9791.81
8107.83,-9791.81 8254.27,-9803.93
8254.27,-9803.93 8402.11,-9803.98
8402.11,-9803.98 8548.41,-9791.99
7741.08,-9423.43 7816.51,-9472.41
7592.94,-9630.73 7705.67,-9686.54
7705.67,-9686.54 7830.77,-9732.55
7830.77,-9732.55 7965.72,-9767.87
8548.41,-9791.99 8690.27,-9768.21
8690.27,-9768.21 8824.87,-9733.1
8824.87,-9733.1 8949.54,-9687.36
8949.54,-9687.36 9061.79,-9631.91
8533.61,-9094.64 8524.58,-9069.91
8119.68,-9117.72 8129.93,-9143.04
8129.93,-9143.04 8148.56,-9166.31
8148.56,-9166.31 8174.66,-9186.65
9395.13,-9202.18 9394.23,-9176.67
9394.23,-9176.67 9378.71,-9093.38
9378.71,-9093.38 9344.36,-9012.24
9344.36,-9012.24 9292.01,-8935.05
9292.01,-8935.05 9222.86,-8863.6
9222.86,-8863.6 9138.44,-8799.46
9108.05,-9171.99 9106.7,-9145.64
9106.7,-9145.64 9091.27,-9079.17
7602.47,-9244.66 7632.76,-9308.21
7632.76,-9308.21 7679.34,-9368.28
7679.34,-9368.28 7741.08,-9423.43
9061.64,-9325.33 9093.43,-9258.99
9093.43,-9258.99 9107.38,-9190.77
9107.38,-9190.77 9108.05,-9172.35
7588.57,-9161.72 7589.19,-9179.2
7589.19,-9179.2 7602.47,-9244.66
8522.88,-9146.68 8532.79,-9122.9
8532.79,-9122.9 8534.67,-9106.7
8126.18,-9066.14 8118.41,-9091.93
8118.41,-9091.93 8117.84,-9101.11
9017.23,-9382.32 9061.64,-9325.33
7639.29,-9004.49 7606.38,-9067.41
7606.38,-9067.41 7590.25,-9132.47
7590.25,-9132.47 7588.57,-9161.43
8479.63,-9188.15 8504.92,-9168.72
8504.92,-9168.72 8522.88,-9146.68
7569.53,-9678.69 7562.73,-9681.87
7562.73,-9681.87 7548.68,-9687.92
8199.79,-9001.02 8167.67,-9019.68
8167.67,-9019.68 8142.81,-9041.69
8142.81,-9041.69 8126.18,-9066.14
7829.43,-8842.57 7752.05,-8890.8
7752.05,-8890.8 7688.21,-8945.18
7688.21,-8945.18 7639.29,-9004.49
7571.09,-8778.26 7477.68,-8844.33
7477.68,-8844.33 7400.59,-8916.93
7400.59,-8916.93 7341.77,-8993.8
7284.67,-9253.39 7279.79,-9198.71
7494.15,-9565.73 7413.48,-9494.9
7413.48,-9494.9 7350.91,-9418.22
7350.91,-9418.22 7307.67,-9337.21
7307.67,-9337.21 7284.67,-9253.39
9338.08,-9355.38 9300.72,-9422.62
9300.72,-9422.62 9238.6,-9498.57
9238.6,-9498.57 9158.43,-9568.81
9158.43,-9568.81 9061.79,-9631.91
7592.94,-9630.73 7583.3,-9640.82
8119.08,-9576.13 8235.43,-9591.91
8235.43,-9591.91 8354.46,-9597.25
8354.46,-9597.25 8473.42,-9592.05
8473.42,-9592.05 8589.56,-9576.44
8589.56,-9576.44 8700.19,-9550.78
7812.59,-9470.71 7905.15,-9514.84
7905.15,-9514.84 8008.12,-9550.25
8008.12,-9550.25 8119.08,-9576.13
8700.19,-9550.78 8802.73,-9515.68
8802.73,-9515.68 8894.77,-9471.95
8894.77,-9471.95 8974.18,-9420.61
8974.18,-9420.61 9017.23,-9382.32
6132.75,-7833.44 6025.73,-7890.92
6985.07,-8139.29 7567.89,-7895.42
6641.05,-8305.35 6617.54,-8322.69
6617.54,-8322.69 6047.58,-8743.39
7604.38,-7874.32 7568.09,-7895.27
5992.57,-8804.89 5956.28,-8825.84
6037.94,-8783.34 6024.17,-8791.35
6003.32,-8800.59 5992.77,-8804.8
5796.41,-8106.46 5757.08,-8185.1
7567.89,-7895.42 7568.09,-7895.27
5757.08,-8185.1 5737.89,-8259.85
5737.89,-8259.87 5734.43,-8309.63
5734.43,-8309.33 5737.86,-8260.24
5734.43,-8309.63 5734.43,-8309.33
5782.2,-8175.5 5782.01,-8207.95
6037.94,-8753.48 6037.94,-8783.34
7813.68,-8472.76 7835.98,-8413.45
6989.31,-8219.42 6988.25,-8207.31
7063.18,-8962.77 7063.74,-8981.81
7056.73,-8914.96 7058.4,-8952.11
7835.98,-8413.45 7848.14,-8348.89
6572.48,-8213.78 6574.32,-8230.38
6386.13,-7660.78 6386.03,-7660.34
7063.74,-8981.81 7063.84,-8982.25
7849.77,-8314.59 7849.77,-8314.84
7801.63,-8488.2 7801.57,-8522.82
7848.14,-8348.89 7849.77,-8314.59
7063.84,-8982.25 7077.12,-9010.87
7058.4,-8952.11 7063.18,-8962.77
6514.66,-7722.21 6506.71,-7705.08
6832.97,-8334.89 7049.74,-8896.83
7049.74,-8896.83 7056.73,-8914.96
5949.51,-8678.88 6047.58,-8743.39
6734.67,-8089.42 6514.66,-7722.21
6573.05,-8204.59 5782.2,-8175.5
5711.75,-8201.93 5724.1,-8202.7
5724.1,-8202.7 5738.86,-8204.04
5662.14,-8194.25 5711.72,-8201.92
7863.93,-8534.86 7913.5,-8542.53
5782.01,-8207.95 5754.01,-8206.2
5749.29,-8205.34 5738.86,-8204.04
7801.57,-8522.82 7833.67,-8527.79
7833.65,-8527.78 7833.67,-8527.79
6699.21,-8328.43 6740.11,-8336.11
7863.9,-8534.86 7863.93,-8534.86
7853.34,-8532.07 7863.9,-8534.86
6974.38,-8263.19 7008.74,-8272.54
7008.74,-8272.54 7784.64,-8483.58
7784.64,-8483.58 7801.63,-8488.2
7849.77,-8313.73 7849.77,-8313.97
7849.77,-8313.97 7849.77,-8314.59
5734.43,-8311.37 5734.43,-8310.36
5734.43,-8310.36 5734.43,-8310.06
5734.43,-8310.06 5734.43,-8309.63
7849.77,-8314.84 7849.77,-8315.57
7849.77,-8315.57 7849.77,-8315.81
7102.78,-7734.44 6954.7,-7714.17
6954.7,-7714.17 6804.74,-7705.21
6804.74,-7705.21 6656.48,-7707.86
6656.48,-7707.86 6513.01,-7722.37
6513.01,-7722.37 6376.97,-7748.74
6376.97,-7748.74 6250.02,-7786.01
6250.02,-7786.01 6132.75,-7833.44
7401.21,-8010.74 7323.88,-7961.13
7323.88,-7961.13 7234.73,-7918.89
7234.73,-7918.89 7135.85,-7884.94
7135.85,-7884.94 7029.48,-7860
7029.48,-7860 6918.02,-7844.59
6918.02,-7844.59 6803.98,-7839.05
6803.98,-7839.05 6689.97,-7843.47
6689.97,-7843.47 6578.52,-7857.73
6578.52,-7857.73 6472.14,-7881.51
6472.14,-7881.51 6373.23,-7914.26
6373.23,-7914.26 6284.07,-7955.23
7593.07,-7912.12 7493.85,-7855.9
7493.85,-7855.9 7377.71,-7806.8
7377.71,-7806.8 7245.35,-7765.6
7245.35,-7765.6 7102.78,-7734.44
6985.07,-8139.29 6952.89,-8118.88
6952.89,-8118.88 6914.7,-8102.75
6914.7,-8102.75 6872.07,-8091.46
6872.07,-8091.46 6826.72,-8085.36
6826.72,-8085.36 6780.44,-8084.65
6780.44,-8084.65 6735.1,-8089.32
6735.1,-8089.32 6692.53,-8099.14
6692.53,-8099.14 6654.43,-8113.68
6629.3,-8299.31 6661.75,-8316
6661.75,-8316 6699.21,-8328.43
7833.65,-8527.78 7840.34,-8529.08
7840.34,-8529.08 7853.34,-8532.07
6740.11,-8336.11 6782.64,-8338.77
6782.64,-8338.77 6825.02,-8336.34
6825.02,-8336.34 6865.52,-8328.95
6865.52,-8328.95 6902.51,-8316.91
6902.51,-8316.91 6934.26,-8300.81
7545.91,-8191.83 7513.52,-8127.41
7513.52,-8127.41 7464.91,-8066.58
7464.91,-8066.58 7401.21,-8010.74
6420.36,-8880.53 6562.47,-8904.48
6562.47,-8904.48 6708.91,-8916.59
6708.91,-8916.59 6856.75,-8916.65
6856.75,-8916.65 7003.05,-8904.66
6195.72,-8536.09 6271.15,-8585.07
6047.58,-8743.39 6160.3,-8799.2
6160.3,-8799.2 6285.4,-8845.22
6285.4,-8845.22 6420.36,-8880.53
7003.05,-8904.66 7144.91,-8880.87
7144.91,-8880.87 7279.51,-8845.76
7279.51,-8845.76 7404.18,-8800.03
7404.18,-8800.03 7516.43,-8744.57
6988.25,-8207.31 6979.22,-8182.57
6574.32,-8230.38 6584.56,-8255.7
6584.56,-8255.7 6603.2,-8278.97
6603.2,-8278.97 6629.3,-8299.31
7849.77,-8314.84 7848.87,-8289.34
7848.87,-8289.34 7833.35,-8206.04
7833.35,-8206.04 7799,-8124.91
7799,-8124.91 7746.65,-8047.72
7746.65,-8047.72 7677.5,-7976.26
7677.5,-7976.26 7593.07,-7912.12
7562.68,-8284.65 7561.34,-8258.31
7561.34,-8258.31 7545.91,-8191.83
6057.11,-8357.32 6087.4,-8420.88
6087.4,-8420.88 6133.98,-8480.94
6133.98,-8480.94 6195.72,-8536.09
7516.28,-8437.99 7548.07,-8371.65
7548.07,-8371.65 7562.02,-8303.44
7562.02,-8303.44 7562.68,-8285.02
6043.21,-8274.39 6043.83,-8291.87
6043.83,-8291.87 6057.11,-8357.32
6977.52,-8259.34 6987.43,-8235.56
6987.43,-8235.56 6989.31,-8219.36
6580.82,-8178.8 6573.05,-8204.59
6573.05,-8204.59 6572.48,-8213.77
7471.87,-8494.98 7516.28,-8437.99
6093.93,-8117.15 6061.02,-8180.07
6061.02,-8180.07 6044.88,-8245.14
6044.88,-8245.14 6043.21,-8274.09
6934.26,-8300.81 6959.56,-8281.38
6959.56,-8281.38 6977.52,-8259.34
6024.17,-8791.35 6017.37,-8794.54
6017.37,-8794.54 6003.32,-8800.59
6654.43,-8113.68 6622.31,-8132.34
6622.31,-8132.34 6597.45,-8154.35
6597.45,-8154.35 6580.82,-8178.8
6284.07,-7955.23 6206.69,-8003.46
6206.69,-8003.46 6142.85,-8057.85
6142.85,-8057.85 6093.93,-8117.15
6025.73,-7890.92 5932.31,-7956.99
5932.31,-7956.99 5855.23,-8029.59
5855.23,-8029.59 5796.41,-8106.46
5739.31,-8366.05 5734.43,-8311.37
5948.79,-8678.4 5868.12,-8607.56
5868.12,-8607.56 5805.54,-8530.89
5805.54,-8530.89 5762.31,-8449.87
5762.31,-8449.87 5739.31,-8366.05
7792.72,-8468.05 7755.36,-8535.29
7755.36,-8535.29 7693.24,-8611.24
7693.24,-8611.24 7613.07,-8681.47
7613.07,-8681.47 7516.43,-8744.57
6047.58,-8743.39 6037.94,-8753.48
6573.72,-8688.79 6690.07,-8704.57
6690.07,-8704.57 6809.1,-8709.91
6809.1,-8709.91 6928.06,-8704.71
6928.06,-8704.71 7044.2,-8689.1
7044.2,-8689.1 7154.82,-8663.45
6267.23,-8583.37 6359.79,-8627.5
6359.79,-8627.5 6462.76,-8662.91
6462.76,-8662.91 6573.72,-8688.79
7154.82,-8663.45 7257.37,-8628.34
7257.37,-8628.34 7349.41,-8584.61
7349.41,-8584.61 7428.82,-8533.27
7428.82,-8533.27 7471.87,-8494.98
7383.36,-14157.46 7840.17,-14421.2
7373.91,-14033.96 7373.91,-14141.1
7849.62,-14415.74 7849.62,-14281.97
7373.91,-14141.1 7383.36,-14157.46
7840.17,-14421.2 7849.62,-14415.74
5733.91,-13080.99 5733.91,-13188.1
6209.62,-13462.74 6209.62,-13355.63
5743.36,-13204.46 6200.17,-13468.2
5733.91,-13188.1 5743.36,-13204.46
6200.17,-13468.2 6209.62,-13462.74
11121.69,-8478.39 12763.73,-7530.18
11121.7,-8692.03 11113.91,-8772.4
11121.7,-8692.03 11121.69,-8478.39
11122.46,-13755.05 11122.46,-8777.34
11268.4,-13790.55 11268.4,-13509.87
11354.66,-8911.4 11354.66,-13559.68
11568.79,-13684.83 11568.79,-13791.98
13397.36,-10090.73 13401.37,-10088.41
13781.1,-10090.73 15423.13,-9142.7
13405.91,-15071.2 13772.55,-15071.2
11122.46,-13755.05 11167.38,-13780.98
13355.85,-15044.47 13399.5,-15069.67
11210.14,-13772.34 11255.04,-13798.26
13353.94,-15003.24 11261.72,-13794.4
12044.5,-14066.62 12044.5,-13956.91
13164.52,-14602.13 13201.42,-14602.13
11578.24,-13808.34 12035.05,-14072.08
12780.88,-14502.67 13237.7,-14766.41
11210.01,-13476.16 13164.52,-14602.13
13201.42,-14602.13 13354.58,-14689.11
12124.68,-11836.75 12124.68,-11944.31
12381.24,-11987.51 12381.24,-12089.34
15233.81,-10130.7 13922.4,-10887.84
13778.97,-10977.33 13891.75,-10912.22
15256.87,-10124.07 15323.68,-10085.5
13086.8,-14052.06 11429.82,-13095.42
12771.43,-14379.17 12771.43,-14486.31
13201.42,-14602.13 13201.42,-9977.6
13247.15,-14760.95 13247.15,-14628.1
13311.29,-14664.21 13311.03,-14978.47
13399.5,-15069.67 13399.5,-10089.49
15321.57,-11085.34 15254.76,-11123.91
13889.64,-11912.06 13778.97,-11975.95
15224.35,-11148.12 13912.96,-11905.28
13889.64,-11912.06 13889.92,-11911.94
13086.8,-12962.7 11429.82,-12006.07
15352.56,-14151.28 15337.59,-14142.64
13778.97,-15069.67 13778.97,-10089.49
15232.49,-11142.1 15224.35,-11148.12
11184.48,-13780.98 11199.45,-13772.34
13157.3,-12652.51 11359.31,-11614.47
12375.9,-12089.34 12379.68,-12091.53
12124.68,-11944.31 12375.9,-12089.34
12378.57,-11982.88 12125.35,-11836.68
11429.82,-11384.61 13086.8,-12341.24
13928.64,-14934.49 13928.64,-14507.19
14008.11,-14461.31 14008.11,-10838.35
14015.68,-10812.58 14015.68,-9955.29
15321.57,-11989.53 15254.76,-12028.11
13889.64,-12816.25 13778.97,-12880.15
15224.37,-12052.34 13912.96,-12809.47
14596.07,-14121.86 14596.07,-10498.9
15254.76,-12932.3 15254.53,-12932.47
15321.57,-12893.73 15254.76,-12932.3
13889.64,-13720.45 13778.97,-13784.35
15224.37,-12956.53 13912.96,-13713.67
11429.82,-10245.88 13086.8,-11202.51
15177.86,-9284.31 15177.86,-10141.6
15184.02,-13782.4 15184.02,-10159.45
15268.64,-13740.23 15268.64,-14160.85
15417.24,-9146.11 15417.24,-14121.65
15424.79,-8856.22 15424.79,-9138.21
13891.98,-14535.01 13891.75,-14535.17
15233.81,-13753.65 13922.4,-14510.79
13778.97,-14600.29 13891.75,-14535.17
15256.87,-13747.03 15323.68,-13708.45
15256.58,-13747.14 15256.87,-13747.03
13157.3,-10556.37 11359.31,-9518.32
15326.9,-14142.64 15282.01,-14168.56
13827.85,-15008.11 13915.28,-14957.64
13778.97,-15069.67 13823.88,-15043.73
15369.67,-14151.28 15414.58,-14125.35
11113.91,-8772.4 13397.36,-10090.73
13405.15,-10091.69 13773.31,-10091.68
13781.1,-10090.73 13777.09,-10088.41
13131.89,-7530.18 14494.69,-8315.7
14494.69,-8315.7 15416.45,-8847.86
12763.73,-7530.18 13131.89,-7530.18
12511.78,-8157.27 12390.16,-8222.58
13480.32,-8504.82 14142.62,-8227.69
13089.39,-8693.52 13062.68,-8713.22
13062.68,-8713.22 12415,-9191.3
14184.09,-8203.72 14142.85,-8227.52
12352.49,-9261.19 12311.25,-9284.99
12404.04,-9236.69 12388.4,-9245.8
12352.71,-9261.08 12352.49,-9261.19
12364.7,-9256.29 12352.71,-9261.08
12129.58,-8467.51 12084.88,-8556.88
14142.62,-8227.69 14142.85,-8227.52
12084.88,-8556.88 12063.08,-8641.81
12063.07,-8641.85 12059.14,-8698.39
12059.14,-8698.05 12063.05,-8642.26
12063.07,-8641.85 12063.08,-8641.82
12059.14,-8698.39 12059.14,-8698.05
12113.43,-8545.96 12113.22,-8582.84
12404.04,-9202.76 12404.04,-9236.69
14421.93,-8883.77 14447.26,-8816.36
13485.15,-8595.87 13483.94,-8582.11
13569.09,-9440.6 13569.72,-9462.23
13561.76,-9386.26 13563.66,-9428.48
14447.26,-8816.36 14461.09,-8743
13011.47,-8589.46 13013.56,-8608.33
13569.72,-9462.23 13569.84,-9462.73
14462.94,-8704.02 14462.94,-8704.31
14408.24,-8901.3 14408.17,-8940.65
14461.09,-8743 14462.94,-8704.02
13569.84,-9462.73 13584.93,-9495.25
13563.66,-9428.48 13569.09,-9440.6
12945.77,-8030.86 12936.74,-8011.39
13307.48,-8727.09 13553.81,-9365.66
13553.81,-9365.66 13561.76,-9386.26
12303.56,-9117.99 12415,-9191.3
13195.78,-8448.15 12945.77,-8030.86
13012.12,-8579.02 12113.43,-8545.96
12033.37,-8576 12047.41,-8576.87
12047.41,-8576.87 12064.18,-8578.4
11977,-8567.28 12033.33,-8575.99
14479.03,-8954.33 14535.36,-8963.05
12113.22,-8582.84 12081.4,-8580.85
12076.03,-8579.88 12064.18,-8578.4
14408.17,-8940.65 14444.64,-8946.29
14444.62,-8946.29 14444.64,-8946.29
13155.49,-8719.75 13201.96,-8728.48
14479,-8954.32 14479.03,-8954.33
14467,-8951.16 14479,-8954.32
13468.18,-8645.62 13507.22,-8656.23
13507.22,-8656.23 14388.93,-8896.05
14388.93,-8896.05 14408.24,-8901.3
14462.94,-8703.04 14462.94,-8703.32
14462.94,-8703.32 14462.94,-8704.02
12059.15,-8700.37 12059.14,-8699.22
12059.14,-8699.22 12059.14,-8698.87
12059.14,-8698.87 12059.14,-8698.39
14462.94,-8704.31 14462.94,-8705.13
14462.94,-8705.13 14462.94,-8705.41
13614.09,-8044.76 13445.82,-8021.73
13445.82,-8021.73 13275.41,-8011.55
13275.41,-8011.55 13106.93,-8014.56
13106.93,-8014.56 12943.9,-8031.05
12943.9,-8031.05 12789.3,-8061.01
12789.3,-8061.01 12645.04,-8103.36
12645.04,-8103.36 12511.78,-8157.27
13953.21,-8358.73 13865.34,-8302.37
13865.34,-8302.37 13764.04,-8254.36
13764.04,-8254.36 13651.67,-8215.78
13651.67,-8215.78 13530.79,-8187.44
13530.79,-8187.44 13404.13,-8169.94
13404.13,-8169.94 13274.55,-8163.64
13274.55,-8163.64 13144.98,-8168.66
13144.98,-8168.66 13018.34,-8184.86
13018.34,-8184.86 12897.45,-8211.88
12897.45,-8211.88 12785.05,-8249.1
12785.05,-8249.1 12683.73,-8295.66
14171.24,-8246.67 14058.48,-8182.78
14058.48,-8182.78 13926.51,-8126.99
13926.51,-8126.99 13776.1,-8080.17
13776.1,-8080.17 13614.09,-8044.76
13480.32,-8504.82 13443.76,-8481.63
13443.76,-8481.63 13400.36,-8463.3
13400.36,-8463.3 13351.92,-8450.46
13351.92,-8450.46 13300.38,-8443.53
13300.38,-8443.53 13247.8,-8442.73
13247.8,-8442.73 13196.27,-8448.04
13196.27,-8448.04 13147.89,-8459.2
13147.89,-8459.2 13104.6,-8475.72
13076.04,-8686.66 13112.91,-8705.62
13112.91,-8705.62 13155.49,-8719.75
14444.62,-8946.29 14452.22,-8947.76
14452.22,-8947.76 14467,-8951.16
13201.96,-8728.48 13250.3,-8731.5
13250.3,-8731.5 13298.45,-8728.74
13298.45,-8728.74 13344.47,-8720.34
13344.47,-8720.34 13386.5,-8706.65
13386.5,-8706.65 13422.59,-8688.36
14117.64,-8564.52 14080.84,-8491.32
14080.84,-8491.32 14025.6,-8422.19
14025.6,-8422.19 13953.21,-8358.73
12838.61,-9347.14 13000.1,-9374.35
13000.1,-9374.35 13166.5,-9388.11
13166.5,-9388.11 13334.5,-9388.18
13334.5,-9388.18 13500.76,-9374.55
12583.34,-8955.73 12669.05,-9011.39
12415,-9191.3 12543.09,-9254.72
12543.09,-9254.72 12685.25,-9307.01
12685.25,-9307.01 12838.61,-9347.14
13500.76,-9374.55 13661.96,-9347.52
13661.96,-9347.52 13814.92,-9307.63
13814.92,-9307.63 13956.59,-9255.65
13956.59,-9255.65 14084.15,-9192.64
13483.94,-8582.11 13473.68,-8554
13013.56,-8608.33 13025.21,-8637.1
13025.21,-8637.1 13046.39,-8663.55
13046.39,-8663.55 13076.04,-8686.66
14462.94,-8704.31 14461.92,-8675.33
14461.92,-8675.33 14444.28,-8580.67
14444.28,-8580.67 14405.24,-8488.47
14405.24,-8488.47 14345.75,-8400.76
14345.75,-8400.76 14267.18,-8319.56
14267.18,-8319.56 14171.24,-8246.67
14136.71,-8670 14135.18,-8640.06
14135.18,-8640.06 14117.64,-8564.52
12425.82,-8752.59 12460.24,-8824.8
12460.24,-8824.8 12513.18,-8893.06
12513.18,-8893.06 12583.34,-8955.73
14083.97,-8844.25 14120.1,-8768.87
14120.1,-8768.87 14135.95,-8691.35
14135.95,-8691.35 14136.71,-8670.42
12410.03,-8658.34 12410.74,-8678.2
12410.74,-8678.2 12425.82,-8752.59
13471.75,-8641.24 13483.01,-8614.22
13483.01,-8614.22 13485.15,-8595.81
13020.95,-8549.72 13012.12,-8579.02
13012.12,-8579.02 13011.47,-8589.46
14033.51,-8909.01 14083.97,-8844.25
12467.67,-8479.66 12430.27,-8551.16
12430.27,-8551.16 12411.93,-8625.1
12411.93,-8625.1 12410.03,-8658
13422.59,-8688.36 13451.34,-8666.28
13451.34,-8666.28 13471.75,-8641.24
12388.4,-9245.8 12380.67,-9249.42
12380.67,-9249.42 12364.7,-9256.29
13104.6,-8475.72 13068.1,-8496.93
13068.1,-8496.93 13039.85,-8521.94
13039.85,-8521.94 13020.95,-8549.72
12683.73,-8295.66 12595.81,-8350.47
12595.81,-8350.47 12523.25,-8412.27
12523.25,-8412.27 12467.67,-8479.66
12390.16,-8222.58 12284.01,-8297.66
12284.01,-8297.66 12196.42,-8380.16
12196.42,-8380.16 12129.58,-8467.51
12064.68,-8762.51 12059.15,-8700.37
12302.74,-9117.44 12211.07,-9036.95
12211.07,-9036.95 12139.96,-8949.81
12139.96,-8949.81 12090.83,-8857.75
12090.83,-8857.75 12064.68,-8762.51
14398.11,-8878.4 14355.65,-8954.82
14355.65,-8954.82 14285.06,-9041.12
14285.06,-9041.12 14193.96,-9120.93
14193.96,-9120.93 14084.15,-9192.64
12415,-9191.3 12404.04,-9202.76
13012.88,-9129.25 13145.1,-9147.18
13145.1,-9147.18 13280.36,-9153.25
13280.36,-9153.25 13415.55,-9147.35
13415.55,-9147.35 13547.52,-9129.61
13547.52,-9129.61 13673.23,-9100.45
12664.6,-9009.46 12769.78,-9059.61
12769.78,-9059.61 12886.79,-9099.84
12886.79,-9099.84 13012.88,-9129.25
13673.23,-9100.45 13789.75,-9060.56
13789.75,-9060.56 13894.35,-9010.86
13894.35,-9010.86 13984.59,-8952.53
13984.59,-8952.53 14033.51,-8909.01
15416.45,-8847.86 15424.79,-8856.22
13922.4,-10887.84 13891.75,-10912.22
15233.81,-10130.7 15256.87,-10124.07
15232.49,-11142.1 15254.76,-11123.91
13889.92,-11911.94 13912.96,-11905.28
15224.37,-12052.34 15254.76,-12028.11
15224.37,-12956.53 15254.76,-12932.3
13889.64,-13720.45 13912.96,-13713.67
13891.98,-14535.01 13922.4,-14510.79
15233.81,-13753.65 15256.58,-13747.14
11167.38,-13780.98 11184.48,-13780.98
11199.45,-13772.34 11210.14,-13772.34
15282.01,-14168.56 15268.64,-14160.85
15417.24,-14121.65 15414.58,-14125.35
15369.67,-14151.28 15352.56,-14151.28
15326.9,-14142.64 15337.59,-14142.64
13928.64,-14934.49 13915.28,-14957.64
13827.85,-15008.11 13823.88,-15043.73
13772.55,-15071.2 13778.97,-15069.67
13399.5,-15069.67 13405.91,-15071.2
13889.64,-12816.25 13912.96,-12809.47
11568.79,-13791.98 11578.24,-13808.34
12035.05,-14072.08 12044.5,-14066.62
12771.43,-14486.31 12780.88,-14502.67
13237.7,-14766.41 13247.15,-14760.95
13355.85,-15044.47 13353.94,-15003.24
15423.13,-9142.7 15424.79,-9138.21
11255.04,-13798.26 11268.4,-13790.55
16683.69,-8809.39 18325.73,-7861.18
16683.7,-9023.03 16675.91,-9103.4
16683.7,-9023.03 16683.69,-8809.39
16684.46,-14086.05 16684.46,-9108.34
16830.4,-14121.55 16830.4,-13840.87
16916.66,-9242.4 16916.66,-13890.68
17130.79,-14015.84 17130.79,-14122.98
18959.36,-10421.73 18963.37,-10419.41
19343.1,-10421.73 20985.13,-9473.7
18967.91,-15402.2 19334.55,-15402.2
16684.46,-14086.05 16729.38,-14111.98
18917.85,-15375.47 18961.5,-15400.67
16772.14,-14103.34 16817.04,-14129.26
18915.94,-15334.24 16823.72,-14125.4
17606.5,-14397.62 17606.5,-14287.91
18726.52,-14933.13 18763.42,-14933.13
17140.24,-14139.34 17597.05,-14403.08
18342.88,-14833.67 18799.7,-15097.41
16772.01,-13807.16 18726.52,-14933.13
18763.42,-14933.13 18916.58,-15020.11
17686.68,-12167.75 17686.68,-12275.31
17943.24,-12318.51 17943.24,-12420.34
20795.81,-10461.7 19484.4,-11218.84
19340.97,-11308.33 19453.75,-11243.22
20818.87,-10455.07 20885.68,-10416.5
18648.8,-14383.06 16991.82,-13426.42
18333.43,-14710.17 18333.43,-14817.31
18763.42,-14933.13 18763.42,-10308.6
18809.15,-15091.95 18809.15,-14959.1
18873.29,-14995.21 18873.03,-15309.47
18961.5,-15400.67 18961.5,-10420.49
20883.57,-11416.34 20816.76,-11454.91
19451.64,-12243.06 19340.97,-12306.96
20786.35,-11479.12 19474.96,-12236.28
19451.64,-12243.06 19451.92,-12242.94
18648.8,-13293.7 16991.82,-12337.07
20914.56,-14482.28 20899.59,-14473.64
19340.97,-15400.67 19340.97,-10420.49
20794.49,-11473.1 20786.35,-11479.12
16746.48,-14111.98 16761.45,-14103.34
18719.3,-12983.51 16921.31,-11945.47
17937.9,-12420.34 17941.68,-12422.53
17686.68,-12275.31 17937.9,-12420.34
17940.57,-12313.88 17687.35,-12167.68
16991.82,-11715.61 18648.8,-12672.24
19490.64,-15265.49 19490.64,-14838.19
19570.11,-14792.31 19570.11,-11169.35
19577.68,-11143.58 19577.68,-10286.29
20883.57,-12320.53 20816.76,-12359.11
19451.64,-13147.25 19340.97,-13211.15
20786.37,-12383.34 19474.96,-13140.47
20158.07,-14452.86 20158.07,-10829.9
20816.76,-13263.3 20816.53,-13263.47
20883.57,-13224.73 20816.76,-13263.3
19451.64,-14051.45 19340.97,-14115.35
20786.37,-13287.53 19474.96,-14044.67
16991.82,-10576.88 18648.8,-11533.51
20739.86,-9615.31 20739.86,-10472.6
20746.02,-14113.4 20746.02,-10490.45
20830.64,-14071.23 20830.64,-14491.85
20979.24,-9477.11 20979.24,-14452.65
20986.79,-9187.22 20986.79,-9469.21
19453.98,-14866.01 19453.75,-14866.18
20795.81,-14084.65 19484.4,-14841.79
19340.97,-14931.29 19453.75,-14866.18
20818.87,-14078.03 20885.68,-14039.45
20818.58,-14078.14 20818.87,-14078.03
18719.3,-10887.37 16921.31,-9849.32
20888.9,-14473.64 20844.01,-14499.56
19389.85,-15339.11 19477.28,-15288.64
19340.97,-15400.67 19385.88,-15374.73
20931.66,-14482.28 20976.58,-14456.35
16675.91,-9103.4 18959.36,-10421.73
18967.15,-10422.69 19335.31,-10422.68
19343.1,-10421.73 19339.09,-10419.41
18693.89,-7861.18 20056.69,-8646.7
20056.69,-8646.7 20978.45,-9178.86
18325.73,-7861.18 18693.89,-7861.18
18073.78,-8488.27 17952.16,-8553.58
19042.32,-8835.82 19704.62,-8558.69
18651.39,-9024.52 18624.68,-9044.22
18624.68,-9044.22 17977,-9522.3
19746.09,-8534.72 19704.85,-8558.52
17914.49,-9592.19 17873.25,-9615.99
17966.04,-9567.69 17950.4,-9576.8
17914.71,-9592.08 17914.49,-9592.19
17926.7,-9587.29 17914.71,-9592.08
17691.58,-8798.51 17646.88,-8887.88
19704.62,-8558.69 19704.85,-8558.52
17646.88,-8887.88 17625.08,-8972.81
17625.07,-8972.85 17621.14,-9029.39
17621.14,-9029.05 17625.05,-8973.26
17625.07,-8972.85 17625.08,-8972.82
17621.14,-9029.39 17621.14,-9029.05
17675.43,-8876.96 17675.22,-8913.84
17966.04,-9533.76 17966.04,-9567.69
19983.93,-9214.77 20009.26,-9147.36
19047.15,-8926.87 19045.94,-8913.11
19131.09,-9771.6 19131.72,-9793.23
19123.76,-9717.26 19125.66,-9759.48
20009.26,-9147.36 20023.09,-9074
18573.47,-8920.46 18575.56,-8939.33
19131.72,-9793.23 19131.84,-9793.73
20024.94,-9035.02 20024.94,-9035.31
19970.24,-9232.3 19970.17,-9271.65
20023.09,-9074 20024.94,-9035.02
19131.84,-9793.73 19146.93,-9826.26
19125.66,-9759.48 19131.09,-9771.6
18507.77,-8361.86 18498.74,-8342.39
18869.48,-9058.09 19115.81,-9696.66
19115.81,-9696.66 19123.76,-9717.26
17865.56,-9448.99 17977,-9522.3
18757.78,-8779.15 18507.77,-8361.86
18574.12,-8910.02 17675.43,-8876.96
17595.37,-8907 17609.41,-8907.87
17609.41,-8907.87 17626.18,-8909.4
17539,-8898.28 17595.33,-8906.99
20041.03,-9285.33 20097.36,-9294.05
17675.22,-8913.84 17643.4,-8911.86
17638.03,-8910.88 17626.18,-8909.4
19970.17,-9271.65 20006.64,-9277.29
20006.62,-9277.29 20006.64,-9277.29
18717.49,-9050.75 18763.96,-9059.48
20041,-9285.32 20041.03,-9285.33
20029,-9282.16 20041,-9285.32
19030.18,-8976.62 19069.22,-8987.23
19069.22,-8987.23 19950.93,-9227.05
19950.93,-9227.05 19970.24,-9232.3
20024.94,-9034.04 20024.94,-9034.32
20024.94,-9034.32 20024.94,-9035.02
17621.15,-9031.37 17621.14,-9030.22
17621.14,-9030.22 17621.14,-9029.87
17621.14,-9029.87 17621.14,-9029.39
20024.94,-9035.31 20024.94,-9036.13
20024.94,-9036.13 20024.94,-9036.41
19176.09,-8375.76 19007.82,-8352.73
19007.82,-8352.73 18837.41,-8342.55
18837.41,-8342.55 18668.93,-8345.56
18668.93,-8345.56 18505.9,-8362.05
18505.9,-8362.05 18351.3,-8392.01
18351.3,-8392.01 18207.04,-8434.36
18207.04,-8434.36 18073.78,-8488.27
19515.21,-8689.73 19427.34,-8633.37
19427.34,-8633.37 19326.03,-8585.36
19326.03,-8585.36 19213.67,-8546.78
19213.67,-8546.78 19092.79,-8518.44
19092.79,-8518.44 18966.13,-8500.94
18966.13,-8500.94 18836.55,-8494.64
18836.55,-8494.64 18706.98,-8499.66
18706.98,-8499.66 18580.34,-8515.87
18580.34,-8515.87 18459.45,-8542.88
18459.45,-8542.88 18347.05,-8580.1
18347.05,-8580.1 18245.73,-8626.66
19733.24,-8577.67 19620.48,-8513.78
19620.48,-8513.78 19488.51,-8457.99
19488.51,-8457.99 19338.1,-8411.17
19338.1,-8411.17 19176.09,-8375.76
19042.32,-8835.82 19005.76,-8812.63
19005.76,-8812.63 18962.36,-8794.3
18962.36,-8794.3 18913.92,-8781.46
18913.92,-8781.46 18862.38,-8774.53
18862.38,-8774.53 18809.8,-8773.73
18809.8,-8773.73 18758.27,-8779.04
18758.27,-8779.04 18709.89,-8790.2
18709.89,-8790.2 18666.6,-8806.72
18638.04,-9017.66 18674.91,-9036.62
18674.91,-9036.62 18717.49,-9050.75
20006.62,-9277.29 20014.22,-9278.76
20014.22,-9278.76 20029,-9282.16
18763.96,-9059.48 18812.3,-9062.5
18812.3,-9062.5 18860.45,-9059.74
18860.45,-9059.74 18906.47,-9051.34
18906.47,-9051.34 18948.5,-9037.65
18948.5,-9037.65 18984.59,-9019.36
19679.64,-8895.52 19642.84,-8822.32
19642.84,-8822.32 19587.6,-8753.19
19587.6,-8753.19 19515.21,-8689.73
18400.61,-9678.14 18562.1,-9705.35
18562.1,-9705.35 18728.5,-9719.11
18728.5,-9719.11 18896.5,-9719.18
18896.5,-9719.18 19062.76,-9705.55
18145.34,-9286.73 18231.05,-9342.39
17977,-9522.3 18105.09,-9585.72
18105.09,-9585.72 18247.25,-9638.01
18247.25,-9638.01 18400.61,-9678.14
19062.76,-9705.55 19223.96,-9678.52
19223.96,-9678.52 19376.92,-9638.63
19376.92,-9638.63 19518.59,-9586.65
19518.59,-9586.65 19646.15,-9523.64
19045.94,-8913.11 19035.68,-8885
18575.56,-8939.33 18587.21,-8968.1
18587.21,-8968.1 18608.39,-8994.55
18608.39,-8994.55 18638.04,-9017.66
20024.94,-9035.31 20023.92,-9006.33
20023.92,-9006.33 20006.28,-8911.67
20006.28,-8911.67 19967.24,-8819.47
19967.24,-8819.47 19907.75,-8731.76
19907.75,-8731.76 19829.18,-8650.56
19829.18,-8650.56 19733.24,-8577.67
19698.71,-9001 19697.18,-8971.06
19697.18,-8971.06 19679.64,-8895.52
17987.82,-9083.59 18022.24,-9155.8
18022.24,-9155.8 18075.18,-9224.06
18075.18,-9224.06 18145.34,-9286.73
19645.97,-9175.25 19682.1,-9099.87
19682.1,-9099.87 19697.95,-9022.35
19697.95,-9022.35 19698.71,-9001.42
17972.03,-8989.34 17972.74,-9009.2
17972.74,-9009.2 17987.82,-9083.59
19033.75,-8972.24 19045.01,-8945.22
19045.01,-8945.22 19047.15,-8926.81
18582.95,-8880.72 18574.12,-8910.02
18574.12,-8910.02 18573.47,-8920.46
19595.51,-9240.01 19645.97,-9175.25
18029.67,-8810.66 17992.27,-8882.16
17992.27,-8882.16 17973.93,-8956.1
17973.93,-8956.1 17972.03,-8989
18984.59,-9019.36 19013.34,-8997.28
19013.34,-8997.28 19033.75,-8972.24
17950.4,-9576.8 17942.67,-9580.42
17942.67,-9580.42 17926.7,-9587.29
18666.6,-8806.72 18630.1,-8827.93
18630.1,-8827.93 18601.85,-8852.94
18601.85,-8852.94 18582.95,-8880.72
18245.73,-8626.66 18157.81,-8681.47
18157.81,-8681.47 18085.25,-8743.27
18085.25,-8743.27 18029.67,-8810.66
17952.16,-8553.58 17846.01,-8628.66
17846.01,-8628.66 17758.42,-8711.16
17758.42,-8711.16 17691.58,-8798.51
17626.68,-9093.51 17621.15,-9031.37
17864.74,-9448.44 17773.07,-9367.95
17773.07,-9367.95 17701.96,-9280.82
17701.96,-9280.82 17652.83,-9188.75
17652.83,-9188.75 17626.68,-9093.51
19960.11,-9209.4 19917.65,-9285.82
19917.65,-9285.82 19847.06,-9372.12
19847.06,-9372.12 19755.96,-9451.93
19755.96,-9451.93 19646.15,-9523.64
17977,-9522.3 17966.04,-9533.76
18574.88,-9460.25 18707.1,-9478.18
18707.1,-9478.18 18842.36,-9484.26
18842.36,-9484.26 18977.55,-9478.35
18977.55,-9478.35 19109.52,-9460.61
19109.52,-9460.61 19235.23,-9431.45
18226.6,-9340.46 18331.78,-9390.61
18331.78,-9390.61 18448.79,-9430.84
18448.79,-9430.84 18574.88,-9460.25
19235.23,-9431.45 19351.75,-9391.56
19351.75,-9391.56 19456.35,-9341.86
19456.35,-9341.86 19546.58,-9283.53
19546.58,-9283.53 19595.51,-9240.01
20978.45,-9178.86 20986.79,-9187.22
19484.4,-11218.84 19453.75,-11243.22
20795.81,-10461.7 20818.87,-10455.07
20794.49,-11473.1 20816.76,-11454.91
19451.92,-12242.94 19474.96,-12236.28
20786.37,-12383.34 20816.76,-12359.11
20786.37,-13287.53 20816.76,-13263.3
19451.64,-14051.45 19474.96,-14044.67
19453.98,-14866.01 19484.4,-14841.79
20795.81,-14084.65 20818.58,-14078.14
16729.38,-14111.98 16746.48,-14111.98
16761.45,-14103.34 16772.14,-14103.34
20844.01,-14499.56 20830.64,-14491.85
20979.24,-14452.65 20976.58,-14456.35
20931.66,-14482.28 20914.56,-14482.28
20888.9,-14473.64 20899.59,-14473.64
19490.64,-15265.49 19477.28,-15288.64
19389.85,-15339.11 19385.88,-15374.73
19334.55,-15402.2 19340.97,-15400.67
18961.5,-15400.67 18967.91,-15402.2
19451.64,-13147.25 19474.96,-13140.47
17130.79,-14122.98 17140.24,-14139.34
17597.05,-14403.08 17606.5,-14397.62
18333.43,-14817.31 18342.88,-14833.67
18799.7,-15097.41 18809.15,-15091.95
18917.85,-15375.47 18915.94,-15334.24
20985.13,-9473.7 20986.79,-9469.21
16817.04,-14129.26 16830.4,-14121.55
18571.29,-14965.54 18571.29,-16672.55
