6763.35,-15199.23 4558.88,-15199.23
12182.47,-15545.23 4558.88,-15545.23
12182.47,-13386.47 12182.47,-15545.23
4558.88,-14999.23 4558.88,-15745.23
4558.88,-14999.23 3884.78,-15372.23
3884.78,-15372.23 4558.88,-15745.23
3884.78,-15372.23 2059.5,-15372.23
4391.12,-7198.24 5270.92,-6690.29
5270.92,-6690.29 5878,-6339.79
4387.5,-7463.41 4387.49,-7207.4
4394.55,-11972.05 4394.55,-7467.91
4608.66,-8142.7 4608.66,-10033.98
4608.66,-11793.12 4608.66,-10038.17
4608.66,-10033.98 4608.66,-10038.17
4608.66,-8142.7 4608.66,-8120.5
4608.66,-8120.5 4609.26,-7591.88
7189.86,-13585.89 7521.76,-13585.89
4950.99,-10123.24 4950.99,-10031.05
4950.99,-10025.87 4950.99,-10031.05
4950.99,-10025.87 4955.23,-10023.71
4396.95,-11975.4 4437.61,-11998.88
7143.39,-13561.03 7184.05,-13584.5
7140.19,-13529 7116.3,-13515.21
4476.32,-11991.06 4516.96,-12014.52
4527.3,-12014.34 7106.55,-13503.44
5186.88,-10252.3 5186.88,-10160.25
5181.83,-10256.51 5186.88,-10252.3
7529.29,-9077.4 9017.67,-8218.03
4608.66,-11793.12 6968.66,-13155.63
7014.68,-13155.67 7140.19,-13228.13
8869.54,-9110.09 8869.8,-9109.98
6853.8,-12629.78 4724.79,-11400.62
6383.24,-10852.76 6383.24,-10950.13
8849.43,-9116.56 7661.77,-9801.39
7571.43,-9859.51 7634.02,-9823.46
8869.8,-9109.98 8930.29,-9075.06
6619.12,-11079.33 6619.12,-10987.14
6383.24,-10852.76 6387.47,-10850.6
4453.09,-11998.88 4466.64,-11991.06
6614.08,-11083.4 6618.42,-11080.89
8869.54,-10045.95 8869.8,-10045.84
6853.8,-11643.63 4724.79,-10414.47
8952.07,-12753.13 8938.53,-12745.3
7140.19,-13556.56 7140.19,-9053.08
7654.12,-10742.9 7661.76,-10737.24
8849.43,-10051.56 7661.77,-10737.25
7571.43,-10795.45 7634.02,-10759.32
8869.8,-10045.84 8930.29,-10010.92
7140.19,-11493.56 4612.76,-10034.38
5178.41,-10254.53 5181.83,-10256.51
6610.66,-11081.42 6614.08,-11083.4
4950.99,-10123.24 5178.41,-10254.53
6383.24,-10950.13 6610.66,-11081.42
4955.23,-10023.71 5184.46,-10156.06
6387.47,-10850.6 6616.7,-10982.95
6853.8,-11080.72 4724.79,-9851.56
7571.43,-9053.07 7571.43,-13556.56
7663.06,-13462.13 7663.06,-13080.34
7739.36,-13036.41 7739.36,-9756.65
7654.12,-11561.42 7661.76,-11555.77
7634.23,-11577.7 7634.02,-11577.85
8849.43,-10870.56 7661.77,-11555.78
7571.43,-11613.98 7634.02,-11577.85
8870.43,-10864.56 8929.38,-10829.99
8271.61,-12729.89 8271.61,-9449.74
8869.54,-11683.01 8869.8,-11682.9
4724.79,-8798.37 6853.8,-10027.53
7634.23,-12396.23 7634.02,-12396.38
8849.43,-11688.56 7661.43,-12374.56
7571.43,-12432.51 7634.02,-12396.38
8869.8,-11682.9 8929.15,-11648.64
7140.19,-9596.73 4613.37,-8137.87
8803.86,-12423.38 8803.86,-9142.84
8873.2,-12387.72 8873.2,-12760.11
9010.62,-8222.16 9010.62,-12726.3
9017.67,-8153.04 9017.67,-8218.03
9017.67,-7961.65 9017.67,-8153.04
7654.12,-13086.74 7661.79,-13081.08
7634.23,-13103.01 7634.02,-13103.16
8850.43,-12396.56 7661.77,-13081.09
7571.43,-13139.34 7634.02,-13103.16
8869.8,-12389.69 8928.96,-12355.54
8869.54,-12389.79 8869.8,-12389.69
4387.5,-7463.41 7182.33,-9077.4
8928.85,-12745.3 8888.2,-12768.77
7571.43,-13529 7650.97,-13483.08
7527.57,-13584.5 7568.23,-13561.03
8967.56,-12753.13 9008.22,-12729.65
7182.33,-9077.4 7529.29,-9077.4
6220.71,-6339.79 9014.04,-7952.48
5878.31,-6339.29 6220.71,-6339.79
8850.43,-12396.56 8869.54,-12389.79
7634.23,-13103.01 7643.87,-13094.89
7643.87,-13094.89 7654.12,-13086.74
8849.43,-11688.56 8869.54,-11683.01
7634.23,-12396.23 7661.43,-12374.56
7634.23,-11577.7 7643.87,-11569.58
7643.87,-11569.58 7654.12,-11561.42
8849.43,-10870.56 8870.43,-10864.56
7634.23,-10759.17 7643.87,-10751.05
7643.87,-10751.05 7654.12,-10742.9
8849.43,-10051.56 8853.18,-10050.46
8853.18,-10050.46 8861.43,-10048.07
8861.43,-10048.07 8869.54,-10045.95
7634.23,-9823.31 7643.87,-9815.19
7643.87,-9815.19 7654.12,-9807.03
8849.43,-9116.56 8853.18,-9114.6
8853.18,-9114.6 8861.43,-9112.21
8861.43,-9112.21 8869.54,-9110.09
7654.12,-9807.03 7661.77,-9801.39
8952.07,-12753.13 8961.41,-12755.24
8961.41,-12755.24 8967.56,-12753.13
9008.22,-12729.65 9010.62,-12726.3
8938.53,-12745.3 8928.85,-12745.3
8888.2,-12768.77 8876.11,-12761.79
8876.11,-12761.79 8873.2,-12760.11
9014.04,-7952.48 9017.67,-7961.65
4391.12,-7198.24 4387.49,-7207.4
6616.7,-10982.95 6619.12,-10987.14
5184.46,-10156.06 5186.88,-10160.25
4394.55,-11972.05 4396.95,-11975.4
4437.61,-11998.88 4453.09,-11998.88
4466.64,-11991.06 4476.32,-11991.06
4516.96,-12014.52 4527.3,-12014.34
7140.19,-13556.56 7143.39,-13561.03
7184.05,-13584.5 7189.86,-13585.89
7521.76,-13585.89 7527.57,-13584.5
7568.23,-13561.03 7571.43,-13556.56
7650.97,-13483.08 7663.06,-13462.13
7116.3,-13515.21 7106.55,-13503.44
6968.66,-13155.63 7014.68,-13155.67
6618.42,-11080.89 6619.12,-11079.33
6829.7,-7595.47 6722.68,-7652.95
7682.02,-7901.31 8264.84,-7657.44
7338,-8067.38 7314.49,-8084.71
7314.49,-8084.71 6744.53,-8505.42
8301.33,-7636.35 8265.04,-7657.3
6689.52,-8566.92 6653.23,-8587.87
6734.89,-8545.36 6721.12,-8553.38
6689.72,-8566.82 6689.52,-8566.92
6700.27,-8562.61 6689.72,-8566.82
6493.36,-7868.49 6454.02,-7947.13
8264.84,-7657.44 8265.04,-7657.3
6454.02,-7947.13 6434.84,-8021.87
6434.84,-8021.9 6431.38,-8071.66
6431.38,-8071.36 6434.81,-8022.26
6434.84,-8021.9 6434.84,-8021.87
6431.38,-8071.66 6431.38,-8071.36
6479.15,-7937.52 6478.96,-7969.98
6734.89,-8515.5 6734.89,-8545.36
8510.63,-8234.79 8532.92,-8175.48
7686.26,-7981.45 7685.2,-7969.33
7760.13,-8724.8 7760.69,-8743.84
7753.68,-8676.98 7755.35,-8714.14
8532.92,-8175.48 8545.09,-8110.92
7269.43,-7975.8 7271.27,-7992.41
7760.69,-8743.84 7760.79,-8744.28
8546.72,-8076.61 8546.72,-8076.86
8498.58,-8250.22 8498.52,-8284.85
8545.09,-8110.92 8546.72,-8076.61
7760.79,-8744.28 7774.07,-8772.9
7755.35,-8714.14 7760.13,-8724.8
7211.61,-7484.23 7203.66,-7467.1
7529.92,-8096.91 7746.68,-8658.85
7746.68,-8658.85 7753.68,-8676.98
6646.46,-8440.91 6744.53,-8505.42
7431.62,-7851.45 7211.61,-7484.23
7270,-7966.61 6479.15,-7937.52
6408.69,-7963.95 6421.05,-7964.72
6421.05,-7964.72 6435.81,-7966.06
6359.09,-7956.28 6408.66,-7963.95
8560.88,-8296.89 8610.45,-8304.56
6478.96,-7969.98 6450.96,-7968.23
6446.24,-7967.37 6435.81,-7966.06
8498.52,-8284.85 8530.62,-8289.81
7396.16,-8090.45 7437.05,-8098.14
8560.85,-8296.88 8560.88,-8296.89
8550.29,-8294.09 8560.85,-8296.88
7671.33,-8025.22 7705.68,-8034.56
7705.68,-8034.56 8481.59,-8245.6
8481.59,-8245.6 8498.58,-8250.22
8546.72,-8075.75 8546.72,-8076
8546.72,-8076 8546.72,-8076.61
6431.38,-8073.4 6431.38,-8072.39
6431.38,-8072.39 6431.38,-8072.08
6431.38,-8072.08 6431.38,-8071.66
8546.72,-8076.86 8546.72,-8077.59
8546.72,-8077.59 8546.72,-8077.84
7799.73,-7496.46 7651.65,-7476.2
7651.65,-7476.2 7501.69,-7467.24
7501.69,-7467.24 7353.43,-7469.89
7353.43,-7469.89 7209.96,-7484.4
7209.96,-7484.4 7073.92,-7510.77
7073.92,-7510.77 6946.97,-7548.04
6946.97,-7548.04 6829.7,-7595.47
8098.16,-7772.76 8020.83,-7723.16
8020.83,-7723.16 7931.68,-7680.92
7931.68,-7680.92 7832.8,-7646.96
7832.8,-7646.96 7726.43,-7622.02
7726.43,-7622.02 7614.97,-7606.62
7614.97,-7606.62 7500.93,-7601.08
7500.93,-7601.08 7386.92,-7605.5
7386.92,-7605.5 7275.47,-7619.76
7275.47,-7619.76 7169.09,-7643.53
7169.09,-7643.53 7070.18,-7676.29
7070.18,-7676.29 6981.01,-7717.25
8290.02,-7674.15 8190.8,-7617.92
8190.8,-7617.92 8074.66,-7568.82
8074.66,-7568.82 7942.3,-7527.63
7942.3,-7527.63 7799.73,-7496.46
7682.02,-7901.31 7649.84,-7880.91
7649.84,-7880.91 7611.65,-7864.78
7611.65,-7864.78 7569.02,-7853.48
7569.02,-7853.48 7523.66,-7847.39
7523.66,-7847.39 7477.39,-7846.68
7477.39,-7846.68 7432.05,-7851.35
7432.05,-7851.35 7389.48,-7861.17
7389.48,-7861.17 7351.38,-7875.71
7326.25,-8061.33 7358.7,-8078.02
7358.7,-8078.02 7396.16,-8090.45
8530.6,-8289.81 8537.29,-8291.1
8537.29,-8291.1 8550.29,-8294.09
7437.05,-8098.14 7479.59,-8100.8
7479.59,-8100.8 7521.97,-8098.36
7521.97,-8098.36 7562.46,-8090.97
7562.46,-8090.97 7599.45,-8078.93
7599.45,-8078.93 7631.21,-8062.84
8242.85,-7953.85 8210.47,-7889.44
8210.47,-7889.44 8161.86,-7828.61
8161.86,-7828.61 8098.16,-7772.76
7117.31,-8642.56 7259.42,-8666.5
7259.42,-8666.5 7405.86,-8678.62
7405.86,-8678.62 7553.7,-8678.67
7553.7,-8678.67 7700,-8666.68
6892.67,-8298.12 6968.09,-8347.1
6744.53,-8505.42 6857.25,-8561.23
6857.25,-8561.23 6982.35,-8607.24
6982.35,-8607.24 7117.31,-8642.56
7700,-8666.68 7841.86,-8642.9
7841.86,-8642.9 7976.46,-8607.79
7976.46,-8607.79 8101.13,-8562.05
8101.13,-8562.05 8213.38,-8506.6
7685.2,-7969.33 7676.17,-7944.59
7271.27,-7992.41 7281.51,-8017.72
7281.51,-8017.72 7300.15,-8041
7300.15,-8041 7326.25,-8061.33
8546.72,-8076.86 8545.82,-8051.36
8545.82,-8051.36 8530.29,-7968.07
8530.29,-7968.07 8495.94,-7886.93
8495.94,-7886.93 8443.6,-7809.74
8443.6,-7809.74 8374.45,-7738.29
8374.45,-7738.29 8290.02,-7674.15
8259.63,-8046.68 8258.29,-8020.33
8258.29,-8020.33 8242.85,-7953.85
6754.06,-8119.35 6784.35,-8182.9
6784.35,-8182.9 6830.93,-8242.96
6830.93,-8242.96 6892.67,-8298.12
8213.23,-8200.01 8245.02,-8133.68
8245.02,-8133.68 8258.97,-8065.46
8258.97,-8065.46 8259.63,-8047.04
6740.16,-8036.41 6740.78,-8053.89
6740.78,-8053.89 6754.06,-8119.35
7674.47,-8021.37 7684.38,-7997.59
7684.38,-7997.59 7686.26,-7981.39
7277.77,-7940.83 7270,-7966.61
7270,-7966.61 7269.43,-7975.8
8168.82,-8257 8213.23,-8200.01
6790.88,-7879.18 6757.97,-7942.1
6757.97,-7942.1 6741.83,-8007.16
6741.83,-8007.16 6740.16,-8036.11
7631.21,-8062.84 7656.51,-8043.41
7656.51,-8043.41 7674.47,-8021.37
6721.12,-8553.38 6714.32,-8556.56
6714.32,-8556.56 6700.27,-8562.61
7351.38,-7875.71 7319.26,-7894.37
7319.26,-7894.37 7294.4,-7916.38
7294.4,-7916.38 7277.77,-7940.83
6981.01,-7717.25 6903.64,-7765.49
6903.64,-7765.49 6839.8,-7819.87
6839.8,-7819.87 6790.88,-7879.18
6722.68,-7652.95 6629.26,-7719.02
6629.26,-7719.02 6552.18,-7791.61
6552.18,-7791.61 6493.36,-7868.49
6436.25,-8128.08 6431.38,-8073.4
6645.74,-8440.42 6565.07,-8369.59
6565.07,-8369.59 6502.49,-8292.91
6502.49,-8292.91 6459.26,-8211.9
6459.26,-8211.9 6436.25,-8128.08
8489.67,-8230.07 8452.31,-8297.31
8452.31,-8297.31 8390.19,-8373.26
8390.19,-8373.26 8310.02,-8443.5
8310.02,-8443.5 8213.38,-8506.6
6744.53,-8505.42 6734.89,-8515.5
7270.67,-8450.81 7387.02,-8466.6
7387.02,-8466.6 7506.05,-8471.94
7506.05,-8471.94 7625.01,-8466.74
7625.01,-8466.74 7741.15,-8451.13
7741.15,-8451.13 7851.77,-8425.47
6964.18,-8345.4 7056.74,-8389.53
7056.74,-8389.53 7159.71,-8424.93
7159.71,-8424.93 7270.67,-8450.81
7851.77,-8425.47 7954.31,-8390.37
7954.31,-8390.37 8046.36,-8346.63
8046.36,-8346.63 8125.77,-8295.3
8125.77,-8295.3 8168.82,-8257
5284.34,-6708.13 5177.32,-6765.61
6136.65,-7013.98 6719.48,-6770.1
5792.63,-7180.04 5769.13,-7197.37
5769.13,-7197.37 5199.17,-7618.08
6755.97,-6749.01 6719.68,-6769.96
5144.16,-7679.58 5107.87,-7700.53
5189.53,-7658.03 5175.76,-7666.04
5154.91,-7675.27 5144.36,-7679.49
4948,-6981.15 4908.66,-7059.79
6719.48,-6770.1 6719.68,-6769.96
4908.66,-7059.79 4889.48,-7134.53
4889.48,-7134.56 4886.01,-7184.32
4886.01,-7184.02 4889.45,-7134.93
4886.01,-7184.32 4886.01,-7184.02
4933.79,-7050.18 4933.6,-7082.64
5189.53,-7628.17 5189.53,-7658.03
6965.27,-7347.45 6987.56,-7288.14
6140.9,-7094.11 6139.84,-7081.99
6214.77,-7837.46 6215.33,-7856.5
6208.32,-7789.65 6209.99,-7826.8
6987.56,-7288.14 6999.73,-7223.58
5724.07,-7088.46 5725.9,-7105.07
5537.72,-6535.47 5537.62,-6535.03
6215.33,-7856.5 6215.43,-7856.94
7001.36,-7189.27 7001.36,-7189.53
6953.22,-7362.89 6953.16,-7397.51
6999.73,-7223.58 7001.36,-7189.27
6215.43,-7856.94 6228.71,-7885.56
6209.99,-7826.8 6214.77,-7837.46
5666.25,-6596.89 5658.3,-6579.77
5984.56,-7209.58 6201.32,-7771.52
6201.32,-7771.52 6208.32,-7789.65
5101.1,-7553.57 5199.17,-7618.08
5886.26,-6964.11 5666.25,-6596.89
5724.64,-7079.28 4933.79,-7050.18
4863.33,-7076.61 4875.69,-7077.38
4875.69,-7077.38 4890.45,-7078.73
4813.73,-7068.94 4863.3,-7076.61
7015.51,-7409.55 7065.09,-7417.22
4933.6,-7082.64 4905.6,-7080.89
4900.88,-7080.03 4890.45,-7078.73
6953.16,-7397.51 6985.25,-7402.47
6985.24,-7402.47 6985.25,-7402.47
5850.8,-7203.11 5891.69,-7210.8
7015.49,-7409.54 7015.51,-7409.55
7004.93,-7406.76 7015.49,-7409.54
6125.97,-7137.88 6160.32,-7147.22
6160.32,-7147.22 6936.23,-7358.26
6936.23,-7358.26 6953.22,-7362.89
7001.36,-7188.42 7001.36,-7188.66
7001.36,-7188.66 7001.36,-7189.27
4886.02,-7186.06 4886.02,-7185.05
4886.02,-7185.05 4886.02,-7184.74
4886.02,-7184.74 4886.01,-7184.32
7001.36,-7189.53 7001.36,-7190.25
7001.36,-7190.25 7001.36,-7190.5
6254.37,-6609.12 6106.29,-6588.86
6106.29,-6588.86 5956.33,-6579.9
5956.33,-6579.9 5808.07,-6582.55
5808.07,-6582.55 5664.6,-6597.06
5664.6,-6597.06 5528.56,-6623.43
5528.56,-6623.43 5401.6,-6660.7
5401.6,-6660.7 5284.34,-6708.13
6552.8,-6885.42 6475.47,-6835.82
6475.47,-6835.82 6386.32,-6793.58
6386.32,-6793.58 6287.44,-6759.63
6287.44,-6759.63 6181.07,-6734.69
6181.07,-6734.69 6069.6,-6719.28
6069.6,-6719.28 5955.57,-6713.74
5955.57,-6713.74 5841.55,-6718.16
5841.55,-6718.16 5730.11,-6732.42
5730.11,-6732.42 5623.73,-6756.2
5623.73,-6756.2 5524.81,-6788.95
5524.81,-6788.95 5435.65,-6829.92
6744.66,-6786.81 6645.44,-6730.58
6645.44,-6730.58 6529.3,-6681.49
6529.3,-6681.49 6396.94,-6640.29
6396.94,-6640.29 6254.37,-6609.12
6136.65,-7013.98 6104.48,-6993.57
6104.48,-6993.57 6066.29,-6977.44
6066.29,-6977.44 6023.66,-6966.14
6023.66,-6966.14 5978.3,-6960.05
5978.3,-6960.05 5932.03,-6959.34
5932.03,-6959.34 5886.69,-6964.01
5886.69,-6964.01 5844.12,-6973.83
5844.12,-6973.83 5806.02,-6988.37
5780.89,-7174 5813.34,-7190.68
5813.34,-7190.68 5850.8,-7203.11
6985.24,-7402.47 6991.93,-7403.76
6991.93,-7403.76 7004.93,-7406.76
5891.69,-7210.8 5934.23,-7213.46
5934.23,-7213.46 5976.61,-7211.03
5976.61,-7211.03 6017.1,-7203.64
6017.1,-7203.64 6054.09,-7191.59
6054.09,-7191.59 6085.85,-7175.5
6697.49,-7066.52 6665.11,-7002.1
6665.11,-7002.1 6616.5,-6941.27
6616.5,-6941.27 6552.8,-6885.42
5571.95,-7755.22 5714.06,-7779.17
5714.06,-7779.17 5860.49,-7791.28
5860.49,-7791.28 6008.34,-7791.33
6008.34,-7791.33 6154.64,-7779.34
5347.31,-7410.78 5422.73,-7459.76
5199.17,-7618.08 5311.89,-7673.89
5311.89,-7673.89 5436.99,-7719.9
5436.99,-7719.9 5571.95,-7755.22
6154.64,-7779.34 6296.5,-7755.56
6296.5,-7755.56 6431.1,-7720.45
6431.1,-7720.45 6555.77,-7674.71
6555.77,-7674.71 6668.02,-7619.26
6139.84,-7081.99 6130.81,-7057.26
5725.9,-7105.07 5736.15,-7130.39
5736.15,-7130.39 5754.79,-7153.66
5754.79,-7153.66 5780.89,-7174
7001.36,-7189.53 7000.46,-7164.02
7000.46,-7164.02 6984.93,-7080.73
6984.93,-7080.73 6950.58,-6999.59
6950.58,-6999.59 6898.24,-6922.41
6898.24,-6922.41 6829.09,-6850.95
6829.09,-6850.95 6744.66,-6786.81
6714.27,-7159.34 6712.93,-7133
6712.93,-7133 6697.49,-7066.52
5208.69,-7232.01 5238.99,-7295.56
5238.99,-7295.56 5285.57,-7355.63
5285.57,-7355.63 5347.31,-7410.78
6667.86,-7312.68 6699.66,-7246.34
6699.66,-7246.34 6713.6,-7178.12
6713.6,-7178.12 6714.27,-7159.7
5194.79,-7149.08 5195.42,-7166.55
5195.42,-7166.55 5208.69,-7232.01
6129.11,-7134.03 6139.02,-7110.25
6139.02,-7110.25 6140.9,-7094.05
5732.4,-7053.49 5724.64,-7079.28
5724.64,-7079.28 5724.07,-7088.46
6623.46,-7369.67 6667.86,-7312.68
5245.52,-6991.84 5212.61,-7054.76
5212.61,-7054.76 5196.47,-7119.82
5196.47,-7119.82 5194.79,-7148.78
6085.85,-7175.5 6111.15,-7156.07
6111.15,-7156.07 6129.11,-7134.03
5175.76,-7666.04 5168.96,-7669.23
5168.96,-7669.23 5154.91,-7675.27
5806.02,-6988.37 5773.9,-7007.03
5773.9,-7007.03 5749.04,-7029.04
5749.04,-7029.04 5732.4,-7053.49
5435.65,-6829.92 5358.28,-6878.15
5358.28,-6878.15 5294.43,-6932.53
5294.43,-6932.53 5245.52,-6991.84
5177.32,-6765.61 5083.9,-6831.68
5083.9,-6831.68 5006.82,-6904.28
5006.82,-6904.28 4948,-6981.15
4890.89,-7240.74 4886.02,-7186.06
5100.38,-7553.09 5019.71,-7482.25
5019.71,-7482.25 4957.13,-7405.58
4957.13,-7405.58 4913.9,-7324.56
4913.9,-7324.56 4890.89,-7240.74
6944.31,-7342.73 6906.95,-7409.98
6906.95,-7409.98 6844.82,-7485.93
6844.82,-7485.93 6764.66,-7556.16
6764.66,-7556.16 6668.02,-7619.26
5199.17,-7618.08 5189.53,-7628.17
5725.31,-7563.48 5841.66,-7579.26
5841.66,-7579.26 5960.69,-7584.6
5960.69,-7584.6 6079.65,-7579.4
6079.65,-7579.4 6195.79,-7563.79
6195.79,-7563.79 6306.41,-7538.14
5418.82,-7458.06 5511.38,-7502.19
5511.38,-7502.19 5614.35,-7537.6
5614.35,-7537.6 5725.31,-7563.48
6306.41,-7538.14 6408.95,-7503.03
6408.95,-7503.03 6501,-7459.3
6501,-7459.3 6580.41,-7407.96
6580.41,-7407.96 6623.46,-7369.67
6534.94,-13032.15 6991.76,-13295.89
6525.49,-12908.64 6525.49,-13015.79
7001.21,-13290.43 7001.21,-13156.66
6525.49,-13015.79 6534.94,-13032.15
6991.76,-13295.89 7001.21,-13290.43
4885.49,-11955.68 4885.49,-12062.79
5361.21,-12337.43 5361.21,-12230.32
4894.94,-12079.15 5351.76,-12342.89
4885.49,-12062.79 4894.94,-12079.15
5351.76,-12342.89 5361.21,-12337.43
10012.12,-7537.24 10891.92,-7029.29
10891.92,-7029.29 11499,-6678.79
10008.5,-7802.41 10008.5,-7546.4
10015.55,-12311.05 10015.55,-7806.92
10229.66,-8481.7 10229.66,-10372.98
10229.66,-12132.12 10229.66,-10377.17
10229.66,-10372.98 10229.66,-10377.17
10229.66,-8481.7 10229.66,-8459.5
10229.66,-8459.5 10230.26,-7930.88
12810.86,-13924.89 13142.76,-13924.89
10571.99,-10462.24 10571.99,-10370.05
10571.99,-10364.87 10571.99,-10370.05
10571.99,-10364.87 10576.23,-10362.71
10017.95,-12314.4 10058.61,-12337.88
12764.39,-13900.03 12805.05,-13923.5
12761.19,-13868 12737.3,-13854.21
10097.32,-12330.06 10137.96,-12353.52
10148.3,-12353.34 12727.55,-13842.44
10807.88,-10591.3 10807.88,-10499.25
10802.83,-10595.51 10807.88,-10591.3
13150.29,-9416.4 14638.67,-8557.03
10229.66,-12132.12 12589.66,-13494.63
12635.68,-13494.67 12761.19,-13567.13
14490.54,-9449.09 14490.8,-9448.98
12474.8,-12968.78 10345.79,-11739.62
12004.24,-11191.76 12004.24,-11289.13
14470.43,-9455.56 13282.77,-10140.39
13192.43,-10198.51 13255.02,-10162.46
14490.8,-9448.98 14551.29,-9414.06
12240.12,-11418.33 12240.12,-11326.14
12004.24,-11191.76 12008.47,-11189.6
10074.09,-12337.88 10087.64,-12330.06
12235.08,-11422.4 12239.42,-11419.89
14490.54,-10384.95 14490.8,-10384.84
12474.8,-11982.63 10345.79,-10753.47
14573.07,-13092.13 14559.53,-13084.3
12761.19,-13895.56 12761.19,-9392.08
13275.12,-11081.9 13282.76,-11076.24
14470.43,-10390.56 13282.77,-11076.25
13192.43,-11134.45 13255.02,-11098.32
14490.8,-10384.84 14551.29,-10349.92
12761.19,-11832.56 10233.76,-10373.38
10799.41,-10593.53 10802.83,-10595.51
12231.66,-11420.42 12235.08,-11422.4
10571.99,-10462.24 10799.41,-10593.53
12004.24,-11289.13 12231.66,-11420.42
10576.23,-10362.71 10805.46,-10495.06
12008.47,-11189.6 12237.7,-11321.95
12474.8,-11419.72 10345.79,-10190.56
13192.43,-9392.07 13192.43,-13895.56
13284.06,-13801.13 13284.06,-13419.34
13360.36,-13375.41 13360.36,-10095.65
13275.12,-11900.42 13282.76,-11894.77
13255.23,-11916.7 13255.02,-11916.85
14470.43,-11209.56 13282.77,-11894.78
13192.43,-11952.98 13255.02,-11916.85
14491.43,-11203.56 14550.38,-11168.99
13892.61,-13068.89 13892.61,-9788.74
14490.54,-12022.01 14490.8,-12021.9
10345.79,-9137.37 12474.8,-10366.53
13255.23,-12735.23 13255.02,-12735.38
14470.43,-12027.56 13282.43,-12713.56
13192.43,-12771.51 13255.02,-12735.38
14490.8,-12021.9 14550.15,-11987.64
12761.19,-9935.73 10234.37,-8476.87
14424.86,-12762.38 14424.86,-9481.84
14494.2,-12726.72 14494.2,-13099.11
14631.62,-8561.16 14631.62,-13065.3
14638.67,-8492.04 14638.67,-8557.03
14638.67,-8300.65 14638.67,-8492.04
13275.12,-13425.74 13282.79,-13420.08
13255.23,-13442.01 13255.02,-13442.16
14471.43,-12735.56 13282.77,-13420.09
13192.43,-13478.34 13255.02,-13442.16
14490.8,-12728.69 14549.96,-12694.54
14490.54,-12728.79 14490.8,-12728.69
10008.5,-7802.41 12803.33,-9416.4
14549.85,-13084.3 14509.2,-13107.77
13192.43,-13868 13271.97,-13822.08
13148.57,-13923.5 13189.23,-13900.03
14588.56,-13092.13 14629.22,-13068.65
12803.33,-9416.4 13150.29,-9416.4
11841.71,-6678.79 14635.04,-8291.48
11499.31,-6678.29 11841.71,-6678.79
14471.43,-12735.56 14490.54,-12728.79
13255.23,-13442.01 13264.87,-13433.89
13264.87,-13433.89 13275.12,-13425.74
14470.43,-12027.56 14490.54,-12022.01
13255.23,-12735.23 13282.43,-12713.56
13255.23,-11916.7 13264.87,-11908.58
13264.87,-11908.58 13275.12,-11900.42
14470.43,-11209.56 14491.43,-11203.56
13255.23,-11098.17 13264.87,-11090.05
13264.87,-11090.05 13275.12,-11081.9
14470.43,-10390.56 14474.18,-10389.46
14474.18,-10389.46 14482.43,-10387.07
14482.43,-10387.07 14490.54,-10384.95
13255.23,-10162.31 13264.87,-10154.19
13264.87,-10154.19 13275.12,-10146.03
14470.43,-9455.56 14474.18,-9453.6
14474.18,-9453.6 14482.43,-9451.21
14482.43,-9451.21 14490.54,-9449.09
13275.12,-10146.03 13282.77,-10140.39
14573.07,-13092.13 14582.41,-13094.24
14582.41,-13094.24 14588.56,-13092.13
14629.22,-13068.65 14631.62,-13065.3
14559.53,-13084.3 14549.85,-13084.3
14509.2,-13107.77 14497.11,-13100.79
14497.11,-13100.79 14494.2,-13099.11
14635.04,-8291.48 14638.67,-8300.65
10012.12,-7537.24 10008.5,-7546.4
12237.7,-11321.95 12240.12,-11326.14
10805.46,-10495.06 10807.88,-10499.25
10015.55,-12311.05 10017.95,-12314.4
10058.61,-12337.88 10074.09,-12337.88
10087.64,-12330.06 10097.32,-12330.06
10137.96,-12353.52 10148.3,-12353.34
12761.19,-13895.56 12764.39,-13900.03
12805.05,-13923.5 12810.86,-13924.89
13142.76,-13924.89 13148.57,-13923.5
13189.23,-13900.03 13192.43,-13895.56
13271.97,-13822.08 13284.06,-13801.13
12737.3,-13854.21 12727.55,-13842.44
12589.66,-13494.63 12635.68,-13494.67
12239.42,-11419.89 12240.12,-11418.33
12450.7,-7934.47 12343.68,-7991.95
13303.02,-8240.31 13885.84,-7996.44
12959,-8406.38 12935.49,-8423.71
12935.49,-8423.71 12365.53,-8844.42
13922.33,-7975.35 13886.04,-7996.3
12310.52,-8905.92 12274.23,-8926.87
12355.89,-8884.36 12342.12,-8892.38
12310.72,-8905.82 12310.52,-8905.92
12321.27,-8901.61 12310.72,-8905.82
12114.36,-8207.49 12075.02,-8286.13
13885.84,-7996.44 13886.04,-7996.3
12075.02,-8286.13 12055.84,-8360.87
12055.84,-8360.9 12052.38,-8410.66
12052.38,-8410.36 12055.81,-8361.26
12055.84,-8360.9 12055.84,-8360.87
12052.38,-8410.66 12052.38,-8410.36
12100.15,-8276.52 12099.96,-8308.98
12355.89,-8854.5 12355.89,-8884.36
14131.63,-8573.79 14153.92,-8514.48
13307.26,-8320.45 13306.2,-8308.33
13381.13,-9063.8 13381.69,-9082.84
13374.68,-9015.98 13376.35,-9053.14
14153.92,-8514.48 14166.09,-8449.92
12890.43,-8314.8 12892.27,-8331.41
13381.69,-9082.84 13381.79,-9083.28
14167.72,-8415.61 14167.72,-8415.86
14119.58,-8589.22 14119.52,-8623.85
14166.09,-8449.92 14167.72,-8415.61
13381.79,-9083.28 13395.07,-9111.9
13376.35,-9053.14 13381.13,-9063.8
12832.61,-7823.23 12824.66,-7806.1
13150.92,-8435.91 13367.68,-8997.85
13367.68,-8997.85 13374.68,-9015.98
12267.46,-8779.91 12365.53,-8844.42
13052.62,-8190.45 12832.61,-7823.23
12891,-8305.61 12100.15,-8276.52
12029.69,-8302.95 12042.05,-8303.72
12042.05,-8303.72 12056.81,-8305.06
11980.09,-8295.28 12029.66,-8302.95
14181.88,-8635.89 14231.45,-8643.56
12099.96,-8308.98 12071.96,-8307.23
12067.24,-8306.37 12056.81,-8305.06
14119.52,-8623.85 14151.62,-8628.81
13017.16,-8429.45 13058.05,-8437.14
14181.85,-8635.88 14181.88,-8635.89
14171.29,-8633.09 14181.85,-8635.88
13292.33,-8364.22 13326.68,-8373.56
13326.68,-8373.56 14102.59,-8584.6
14102.59,-8584.6 14119.58,-8589.22
14167.72,-8414.75 14167.72,-8415
14167.72,-8415 14167.72,-8415.61
12052.38,-8412.4 12052.38,-8411.39
12052.38,-8411.39 12052.38,-8411.08
12052.38,-8411.08 12052.38,-8410.66
14167.72,-8415.86 14167.72,-8416.59
14167.72,-8416.59 14167.72,-8416.84
13420.73,-7835.46 13272.65,-7815.2
13272.65,-7815.2 13122.69,-7806.24
13122.69,-7806.24 12974.43,-7808.89
12974.43,-7808.89 12830.96,-7823.4
12830.96,-7823.4 12694.92,-7849.77
12694.92,-7849.77 12567.97,-7887.04
12567.97,-7887.04 12450.7,-7934.47
13719.16,-8111.76 13641.83,-8062.16
13641.83,-8062.16 13552.68,-8019.92
13552.68,-8019.92 13453.8,-7985.96
13453.8,-7985.96 13347.43,-7961.02
13347.43,-7961.02 13235.97,-7945.62
13235.97,-7945.62 13121.93,-7940.08
13121.93,-7940.08 13007.92,-7944.5
13007.92,-7944.5 12896.47,-7958.76
12896.47,-7958.76 12790.09,-7982.53
12790.09,-7982.53 12691.18,-8015.29
12691.18,-8015.29 12602.01,-8056.25
13911.02,-8013.15 13811.8,-7956.92
13811.8,-7956.92 13695.66,-7907.82
13695.66,-7907.82 13563.3,-7866.63
13563.3,-7866.63 13420.73,-7835.46
13303.02,-8240.31 13270.84,-8219.91
13270.84,-8219.91 13232.65,-8203.78
13232.65,-8203.78 13190.02,-8192.48
13190.02,-8192.48 13144.66,-8186.39
13144.66,-8186.39 13098.39,-8185.68
13098.39,-8185.68 13053.05,-8190.35
13053.05,-8190.35 13010.48,-8200.17
13010.48,-8200.17 12972.38,-8214.71
12947.25,-8400.33 12979.7,-8417.02
12979.7,-8417.02 13017.16,-8429.45
14151.6,-8628.81 14158.29,-8630.1
14158.29,-8630.1 14171.29,-8633.09
13058.05,-8437.14 13100.59,-8439.8
13100.59,-8439.8 13142.97,-8437.36
13142.97,-8437.36 13183.46,-8429.97
13183.46,-8429.97 13220.45,-8417.93
13220.45,-8417.93 13252.21,-8401.84
13863.85,-8292.85 13831.47,-8228.44
13831.47,-8228.44 13782.86,-8167.61
13782.86,-8167.61 13719.16,-8111.76
12738.31,-8981.56 12880.42,-9005.5
12880.42,-9005.5 13026.86,-9017.62
13026.86,-9017.62 13174.7,-9017.67
13174.7,-9017.67 13321,-9005.68
12513.67,-8637.12 12589.09,-8686.1
12365.53,-8844.42 12478.25,-8900.23
12478.25,-8900.23 12603.35,-8946.24
12603.35,-8946.24 12738.31,-8981.56
13321,-9005.68 13462.86,-8981.9
13462.86,-8981.9 13597.46,-8946.79
13597.46,-8946.79 13722.13,-8901.05
13722.13,-8901.05 13834.38,-8845.6
13306.2,-8308.33 13297.17,-8283.59
12892.27,-8331.41 12902.51,-8356.72
12902.51,-8356.72 12921.15,-8380
12921.15,-8380 12947.25,-8400.33
14167.72,-8415.86 14166.82,-8390.36
14166.82,-8390.36 14151.29,-8307.07
14151.29,-8307.07 14116.94,-8225.93
14116.94,-8225.93 14064.6,-8148.74
14064.6,-8148.74 13995.45,-8077.29
13995.45,-8077.29 13911.02,-8013.15
13880.63,-8385.68 13879.29,-8359.33
13879.29,-8359.33 13863.85,-8292.85
12375.06,-8458.35 12405.35,-8521.9
12405.35,-8521.9 12451.93,-8581.96
12451.93,-8581.96 12513.67,-8637.12
13834.23,-8539.01 13866.02,-8472.68
13866.02,-8472.68 13879.97,-8404.46
13879.97,-8404.46 13880.63,-8386.04
12361.16,-8375.41 12361.78,-8392.89
12361.78,-8392.89 12375.06,-8458.35
13295.47,-8360.37 13305.38,-8336.59
13305.38,-8336.59 13307.26,-8320.39
12898.77,-8279.83 12891,-8305.61
12891,-8305.61 12890.43,-8314.8
13789.82,-8596 13834.23,-8539.01
12411.88,-8218.18 12378.97,-8281.1
12378.97,-8281.1 12362.83,-8346.16
12362.83,-8346.16 12361.16,-8375.11
13252.21,-8401.84 13277.51,-8382.41
13277.51,-8382.41 13295.47,-8360.37
12342.12,-8892.38 12335.32,-8895.56
12335.32,-8895.56 12321.27,-8901.61
12972.38,-8214.71 12940.26,-8233.37
12940.26,-8233.37 12915.4,-8255.38
12915.4,-8255.38 12898.77,-8279.83
12602.01,-8056.25 12524.64,-8104.49
12524.64,-8104.49 12460.8,-8158.87
12460.8,-8158.87 12411.88,-8218.18
12343.68,-7991.95 12250.26,-8058.02
12250.26,-8058.02 12173.18,-8130.61
12173.18,-8130.61 12114.36,-8207.49
12057.25,-8467.08 12052.38,-8412.4
12266.74,-8779.42 12186.07,-8708.59
12186.07,-8708.59 12123.49,-8631.91
12123.49,-8631.91 12080.26,-8550.9
12080.26,-8550.9 12057.25,-8467.08
14110.67,-8569.07 14073.31,-8636.31
14073.31,-8636.31 14011.19,-8712.26
14011.19,-8712.26 13931.02,-8782.5
13931.02,-8782.5 13834.38,-8845.6
12365.53,-8844.42 12355.89,-8854.5
12891.67,-8789.81 13008.02,-8805.6
13008.02,-8805.6 13127.05,-8810.94
13127.05,-8810.94 13246.01,-8805.74
13246.01,-8805.74 13362.15,-8790.13
13362.15,-8790.13 13472.77,-8764.47
12585.18,-8684.4 12677.74,-8728.53
12677.74,-8728.53 12780.71,-8763.93
12780.71,-8763.93 12891.67,-8789.81
13472.77,-8764.47 13575.31,-8729.37
13575.31,-8729.37 13667.36,-8685.63
13667.36,-8685.63 13746.77,-8634.3
13746.77,-8634.3 13789.82,-8596
10905.34,-7047.13 10798.32,-7104.61
11757.65,-7352.98 12340.48,-7109.1
11413.63,-7519.04 11390.13,-7536.37
11390.13,-7536.37 10820.17,-7957.08
12376.97,-7088.01 12340.68,-7108.96
10765.16,-8018.58 10728.87,-8039.53
10810.53,-7997.03 10796.76,-8005.04
10775.91,-8014.27 10765.36,-8018.49
10569,-7320.15 10529.66,-7398.79
12340.48,-7109.1 12340.68,-7108.96
10529.66,-7398.79 10510.48,-7473.53
10510.48,-7473.56 10507.01,-7523.32
10507.01,-7523.02 10510.45,-7473.93
10507.01,-7523.32 10507.01,-7523.02
10554.79,-7389.18 10554.6,-7421.64
10810.53,-7967.17 10810.53,-7997.03
12586.27,-7686.45 12608.56,-7627.14
11761.9,-7433.11 11760.84,-7420.99
11835.77,-8176.46 11836.33,-8195.5
11829.32,-8128.65 11830.99,-8165.8
12608.56,-7627.14 12620.73,-7562.58
11345.07,-7427.46 11346.9,-7444.07
11158.72,-6874.47 11158.62,-6874.03
11836.33,-8195.5 11836.43,-8195.94
12622.36,-7528.27 12622.36,-7528.53
12574.22,-7701.89 12574.16,-7736.51
12620.73,-7562.58 12622.36,-7528.27
11836.43,-8195.94 11849.71,-8224.56
11830.99,-8165.8 11835.77,-8176.46
11287.25,-6935.89 11279.3,-6918.77
11605.56,-7548.58 11822.32,-8110.52
11822.32,-8110.52 11829.32,-8128.65
10722.1,-7892.57 10820.17,-7957.08
11507.26,-7303.11 11287.25,-6935.89
11345.64,-7418.28 10554.79,-7389.18
10484.33,-7415.61 10496.69,-7416.39
10496.69,-7416.39 10511.45,-7417.73
10434.73,-7407.94 10484.3,-7415.61
12636.51,-7748.55 12686.09,-7756.22
10554.6,-7421.64 10526.6,-7419.89
10521.88,-7419.03 10511.45,-7417.73
12574.16,-7736.51 12606.26,-7741.47
12606.24,-7741.47 12606.25,-7741.47
11471.8,-7542.12 11512.69,-7549.8
12636.49,-7748.54 12636.51,-7748.55
12625.93,-7745.76 12636.49,-7748.54
11746.97,-7476.88 11781.32,-7486.22
11781.32,-7486.22 12557.23,-7697.26
12557.23,-7697.26 12574.22,-7701.89
12622.36,-7527.42 12622.36,-7527.66
12622.36,-7527.66 12622.36,-7528.27
10507.02,-7525.06 10507.02,-7524.05
10507.02,-7524.05 10507.02,-7523.74
10507.02,-7523.74 10507.01,-7523.32
12622.36,-7528.53 12622.36,-7529.25
12622.36,-7529.25 12622.36,-7529.5
11875.37,-6948.12 11727.29,-6927.86
11727.29,-6927.86 11577.33,-6918.9
11577.33,-6918.9 11429.07,-6921.55
11429.07,-6921.55 11285.6,-6936.06
11285.6,-6936.06 11149.56,-6962.43
11149.56,-6962.43 11022.6,-6999.7
11022.6,-6999.7 10905.34,-7047.13
12173.8,-7224.42 12096.47,-7174.82
12096.47,-7174.82 12007.32,-7132.58
12007.32,-7132.58 11908.44,-7098.63
11908.44,-7098.63 11802.07,-7073.69
11802.07,-7073.69 11690.6,-7058.28
11690.6,-7058.28 11576.57,-7052.74
11576.57,-7052.74 11462.55,-7057.16
11462.55,-7057.16 11351.11,-7071.42
11351.11,-7071.42 11244.73,-7095.2
11244.73,-7095.2 11145.81,-7127.95
11145.81,-7127.95 11056.65,-7168.92
12365.66,-7125.81 12266.44,-7069.59
12266.44,-7069.59 12150.3,-7020.49
12150.3,-7020.49 12017.94,-6979.29
12017.94,-6979.29 11875.37,-6948.12
11757.65,-7352.98 11725.48,-7332.57
11725.48,-7332.57 11687.29,-7316.44
11687.29,-7316.44 11644.66,-7305.14
11644.66,-7305.14 11599.3,-7299.05
11599.3,-7299.05 11553.03,-7298.34
11553.03,-7298.34 11507.69,-7303.01
11507.69,-7303.01 11465.12,-7312.83
11465.12,-7312.83 11427.02,-7327.37
11401.89,-7513 11434.34,-7529.69
11434.34,-7529.69 11471.8,-7542.12
12606.24,-7741.47 12612.93,-7742.76
12612.93,-7742.76 12625.93,-7745.76
11512.69,-7549.8 11555.23,-7552.46
11555.23,-7552.46 11597.61,-7550.03
11597.61,-7550.03 11638.1,-7542.64
11638.1,-7542.64 11675.09,-7530.59
11675.09,-7530.59 11706.85,-7514.5
12318.49,-7405.52 12286.11,-7341.1
12286.11,-7341.1 12237.5,-7280.27
12237.5,-7280.27 12173.8,-7224.42
11192.95,-8094.22 11335.06,-8118.17
11335.06,-8118.17 11481.49,-8130.28
11481.49,-8130.28 11629.34,-8130.33
11629.34,-8130.33 11775.64,-8118.34
10968.31,-7749.78 11043.73,-7798.76
10820.17,-7957.08 10932.89,-8012.89
10932.89,-8012.89 11057.99,-8058.91
11057.99,-8058.91 11192.95,-8094.22
11775.64,-8118.34 11917.5,-8094.56
11917.5,-8094.56 12052.1,-8059.45
12052.1,-8059.45 12176.77,-8013.71
12176.77,-8013.71 12289.02,-7958.26
11760.84,-7420.99 11751.81,-7396.26
11346.9,-7444.07 11357.15,-7469.39
11357.15,-7469.39 11375.79,-7492.66
11375.79,-7492.66 11401.89,-7513
12622.36,-7528.53 12621.46,-7503.03
12621.46,-7503.03 12605.93,-7419.73
12605.93,-7419.73 12571.58,-7338.59
12571.58,-7338.59 12519.24,-7261.41
12519.24,-7261.41 12450.09,-7189.95
12450.09,-7189.95 12365.66,-7125.81
12335.27,-7498.34 12333.93,-7472
12333.93,-7472 12318.49,-7405.52
10829.69,-7571.01 10859.99,-7634.56
10859.99,-7634.56 10906.57,-7694.63
10906.57,-7694.63 10968.31,-7749.78
12288.86,-7651.68 12320.66,-7585.34
12320.66,-7585.34 12334.6,-7517.12
12334.6,-7517.12 12335.27,-7498.71
10815.79,-7488.08 10816.42,-7505.55
10816.42,-7505.55 10829.69,-7571.01
11750.11,-7473.03 11760.02,-7449.25
11760.02,-7449.25 11761.9,-7433.05
11353.4,-7392.49 11345.64,-7418.28
11345.64,-7418.28 11345.07,-7427.46
12244.46,-7708.67 12288.86,-7651.68
10866.52,-7330.84 10833.61,-7393.76
10833.61,-7393.76 10817.47,-7458.82
10817.47,-7458.82 10815.79,-7487.78
11706.85,-7514.5 11732.15,-7495.07
11732.15,-7495.07 11750.11,-7473.03
10796.76,-8005.04 10789.96,-8008.23
10789.96,-8008.23 10775.91,-8014.27
11427.02,-7327.37 11394.9,-7346.03
11394.9,-7346.03 11370.04,-7368.04
11370.04,-7368.04 11353.4,-7392.49
11056.65,-7168.92 10979.28,-7217.15
10979.28,-7217.15 10915.43,-7271.53
10915.43,-7271.53 10866.52,-7330.84
10798.32,-7104.61 10704.9,-7170.68
10704.9,-7170.68 10627.82,-7243.28
10627.82,-7243.28 10569,-7320.15
10511.89,-7579.74 10507.02,-7525.06
10721.38,-7892.09 10640.71,-7821.25
10640.71,-7821.25 10578.13,-7744.58
10578.13,-7744.58 10534.9,-7663.56
10534.9,-7663.56 10511.89,-7579.74
12565.31,-7681.73 12527.95,-7748.98
12527.95,-7748.98 12465.82,-7824.93
12465.82,-7824.93 12385.66,-7895.16
12385.66,-7895.16 12289.02,-7958.26
10820.17,-7957.08 10810.53,-7967.17
11346.31,-7902.48 11462.66,-7918.26
11462.66,-7918.26 11581.69,-7923.6
11581.69,-7923.6 11700.65,-7918.4
11700.65,-7918.4 11816.79,-7902.79
11816.79,-7902.79 11927.41,-7877.14
11039.82,-7797.06 11132.38,-7841.19
11132.38,-7841.19 11235.35,-7876.6
11235.35,-7876.6 11346.31,-7902.48
11927.41,-7877.14 12029.95,-7842.03
12029.95,-7842.03 12122,-7798.3
12122,-7798.3 12201.41,-7746.96
12201.41,-7746.96 12244.46,-7708.67
12155.94,-13371.15 12612.76,-13634.89
12146.5,-13247.64 12146.5,-13354.79
12622.21,-13629.43 12622.21,-13495.66
12146.5,-13354.79 12155.94,-13371.15
12612.76,-13634.89 12622.21,-13629.43
10506.49,-12294.68 10506.49,-12401.79
10982.21,-12676.43 10982.21,-12569.32
10515.94,-12418.15 10972.76,-12681.89
10506.49,-12401.79 10515.94,-12418.15
10972.76,-12681.89 10982.21,-12676.43
6763.35,-13164.02 6763.35,-15199.23
