8465.82,-14868.97 8465.82,-16749.04
8465.82,-16749.04 6265.82,-16749.04
11050.44,-17095.05 6265.82,-17095.05
13857.44,-15210.77 13857.44,-16922.04
6265.82,-16549.04 6265.82,-17295.05
6265.82,-16549.04 5591.73,-16922.04
5591.73,-16922.04 6265.82,-17295.05
5591.73,-16922.04 3766.44,-16922.04
13857.44,-16922.04 11724.54,-16922.04
19452.82,-17268.05 11724.54,-17268.05
11724.54,-16722.04 11724.54,-17468.05
11724.54,-16722.04 11050.44,-17095.05
11050.44,-17095.05 11724.54,-17468.05
6121.07,-8919.05 7000.86,-8411.1
7000.86,-8411.1 7607.94,-8060.6
6117.44,-9184.22 6117.44,-8928.21
6124.49,-13692.86 6124.49,-9188.73
6338.6,-9863.51 6338.6,-11754.79
6338.6,-13513.93 6338.6,-11758.98
6338.6,-11754.79 6338.6,-11758.98
6338.6,-9863.51 6338.6,-9841.32
6338.6,-9841.32 6339.21,-9312.69
8919.8,-15306.7 9251.71,-15306.7
6680.94,-11844.05 6680.94,-11751.86
6680.94,-11746.68 6680.94,-11751.86
6680.94,-11746.68 6685.17,-11744.53
6126.9,-13696.21 6167.56,-13719.69
8873.34,-15281.84 8914,-15305.31
8870.13,-15249.82 8846.24,-15236.02
6206.26,-13711.87 6246.91,-13735.33
6257.24,-13735.15 8836.5,-15224.25
6916.82,-11973.11 6916.82,-11881.06
6911.78,-11977.32 6916.82,-11973.11
9259.24,-10798.21 10747.62,-9938.84
6338.6,-13513.93 8698.61,-14876.45
8744.62,-14876.48 8870.13,-14948.94
10599.49,-10830.9 10599.75,-10830.79
8583.74,-14350.59 6454.73,-13121.43
8113.18,-12573.57 8113.18,-12670.94
10579.38,-10837.37 9391.71,-11522.2
9301.38,-11580.32 9363.96,-11544.27
10599.75,-10830.79 10660.23,-10795.87
8349.07,-12800.14 8349.07,-12707.95
8113.18,-12573.57 8117.42,-12571.41
6183.04,-13719.69 6196.59,-13711.87
8344.02,-12804.21 8348.36,-12801.7
10599.49,-11766.76 10599.75,-11766.65
8583.74,-13364.44 6454.73,-12135.29
10682.02,-14473.94 10668.47,-14466.11
8870.13,-15277.37 8870.13,-10773.89
9384.07,-12463.71 9391.71,-12458.05
10579.38,-11772.37 9391.71,-12458.06
9301.38,-12516.27 9363.96,-12480.13
10599.75,-11766.65 10660.23,-11731.74
8870.13,-13214.37 6342.71,-11755.2
6908.36,-11975.34 6911.78,-11977.32
8340.6,-12802.23 8344.02,-12804.21
6680.94,-11844.05 6908.36,-11975.34
8113.18,-12670.94 8340.6,-12802.23
6685.17,-11744.53 6914.4,-11876.87
8117.42,-12571.41 8346.65,-12703.76
8583.74,-12801.53 6454.73,-11572.37
9301.38,-10773.89 9301.38,-15277.37
9393.01,-15182.94 9393.01,-14801.16
9469.3,-14757.22 9469.3,-11477.46
9384.07,-13282.24 9391.71,-13276.58
9364.18,-13298.51 9363.96,-13298.66
10579.38,-12591.37 9391.71,-13276.59
9301.38,-13334.79 9363.96,-13298.66
10600.38,-12585.37 10659.32,-12550.8
10001.55,-14450.71 10001.55,-11170.55
10599.49,-13403.82 10599.75,-13403.71
6454.73,-10519.18 8583.74,-11748.34
9364.18,-14117.04 9363.96,-14117.19
10579.38,-13409.37 9391.38,-14095.37
9301.38,-14153.32 9363.96,-14117.19
10599.75,-13403.71 10659.09,-13369.45
8870.13,-11317.54 6343.31,-9858.68
10533.8,-14144.19 10533.8,-10863.65
10603.15,-14108.53 10603.15,-14480.92
10740.57,-9942.97 10740.57,-14447.11
10747.62,-9873.85 10747.62,-9938.84
10747.62,-9682.46 10747.62,-9873.85
9384.07,-14807.55 9391.73,-14801.89
9364.18,-14823.82 9363.96,-14823.97
10580.38,-14117.37 9391.71,-14801.9
9301.38,-14860.15 9363.96,-14823.97
10599.75,-14110.5 10658.9,-14076.35
10599.49,-14110.6 10599.75,-14110.5
6117.44,-9184.22 8912.27,-10798.22
10658.79,-14466.11 10618.15,-14489.58
9301.38,-15249.81 9380.91,-15203.9
9257.51,-15305.31 9298.17,-15281.84
10697.5,-14473.94 10738.16,-14450.46
8912.27,-10798.22 9259.24,-10798.21
7950.66,-8060.6 10743.99,-9673.3
7608.26,-8060.1 7950.66,-8060.6
10580.38,-14117.37 10599.49,-14110.6
9364.18,-14823.82 9373.82,-14815.71
9373.82,-14815.71 9384.07,-14807.55
10579.38,-13409.37 10599.49,-13403.82
9364.18,-14117.04 9391.38,-14095.37
9364.18,-13298.51 9373.82,-13290.39
9373.82,-13290.39 9384.07,-13282.24
10579.38,-12591.37 10600.38,-12585.37
9364.18,-12479.98 9373.82,-12471.86
9373.82,-12471.86 9384.07,-12463.71
10579.38,-11772.37 10583.13,-11771.27
10583.13,-11771.27 10591.37,-11768.88
10591.37,-11768.88 10599.49,-11766.76
9364.18,-11544.12 9373.82,-11536
9373.82,-11536 9384.07,-11527.85
10579.38,-10837.37 10583.13,-10835.41
10583.13,-10835.41 10591.37,-10833.02
10591.37,-10833.02 10599.49,-10830.9
9384.07,-11527.85 9391.71,-11522.2
10682.02,-14473.94 10691.35,-14476.05
10691.35,-14476.05 10697.5,-14473.94
10738.16,-14450.46 10740.57,-14447.11
10668.47,-14466.11 10658.79,-14466.11
10618.15,-14489.58 10606.05,-14482.6
10606.05,-14482.6 10603.15,-14480.92
10743.99,-9673.3 10747.62,-9682.46
6121.07,-8919.05 6117.44,-8928.21
8346.65,-12703.76 8349.07,-12707.95
6914.4,-11876.87 6916.82,-11881.06
6124.49,-13692.86 6126.9,-13696.21
6167.56,-13719.69 6183.04,-13719.69
6196.59,-13711.87 6206.26,-13711.87
6246.91,-13735.33 6257.24,-13735.15
8870.13,-15277.37 8873.34,-15281.84
8914,-15305.31 8919.8,-15306.7
9251.71,-15306.7 9257.51,-15305.31
9298.17,-15281.84 9301.38,-15277.37
9380.91,-15203.9 9393.01,-15182.94
8846.24,-15236.02 8836.5,-15224.25
8698.61,-14876.45 8744.62,-14876.48
8348.36,-12801.7 8349.07,-12800.14
8559.64,-9316.28 8452.62,-9373.76
9411.96,-9622.13 9994.79,-9378.25
9067.94,-9788.19 9044.44,-9805.52
9044.44,-9805.52 8474.47,-10226.23
10031.27,-9357.16 9994.99,-9378.11
8419.47,-10287.73 8383.18,-10308.68
8464.84,-10266.17 8451.07,-10274.19
8419.67,-10287.63 8419.47,-10287.73
8430.22,-10283.42 8419.67,-10287.63
8223.3,-9589.3 8183.97,-9667.94
9994.79,-9378.25 9994.99,-9378.11
8183.97,-9667.94 8164.78,-9742.68
8164.78,-9742.71 8161.32,-9792.47
8161.32,-9792.17 8164.76,-9743.08
8164.78,-9742.71 8164.79,-9742.69
8161.32,-9792.47 8161.32,-9792.17
8209.09,-9658.33 8208.91,-9690.79
8464.84,-10236.32 8464.84,-10266.17
10240.58,-9955.6 10262.87,-9896.29
9416.21,-9702.26 9415.14,-9690.14
9490.08,-10445.61 9490.63,-10464.65
9483.62,-10397.8 9485.3,-10434.95
10262.87,-9896.29 10275.04,-9831.73
8999.37,-9696.61 9001.21,-9713.22
9490.63,-10464.65 9490.73,-10465.09
10276.66,-9797.42 10276.66,-9797.68
10228.53,-9971.03 10228.46,-10005.66
10275.04,-9831.73 10276.66,-9797.42
9490.73,-10465.09 9504.02,-10493.71
9485.3,-10434.95 9490.08,-10445.61
8941.56,-9205.04 8933.61,-9187.91
9259.86,-9817.72 9476.63,-10379.67
9476.63,-10379.67 9483.62,-10397.8
8376.41,-10161.72 8474.47,-10226.23
9161.57,-9572.26 8941.56,-9205.04
8999.95,-9687.42 8209.09,-9658.33
8138.64,-9684.76 8151,-9685.53
8151,-9685.53 8165.76,-9686.88
8089.04,-9677.09 8138.61,-9684.76
10290.82,-10017.7 10340.39,-10025.37
8208.91,-9690.79 8180.91,-9689.04
8176.19,-9688.18 8165.76,-9686.88
10228.46,-10005.66 10260.56,-10010.62
9126.11,-9811.26 9167,-9818.95
10290.79,-10017.69 10290.82,-10017.7
10280.23,-10014.9 10290.79,-10017.69
9401.28,-9746.03 9435.63,-9755.37
9435.63,-9755.37 10211.53,-9966.41
10211.53,-9966.41 10228.53,-9971.03
10276.66,-9796.56 10276.66,-9796.81
10276.66,-9796.81 10276.66,-9797.42
8161.33,-9794.21 8161.32,-9793.2
8161.32,-9793.2 8161.32,-9792.89
8161.32,-9792.89 8161.32,-9792.47
10276.66,-9797.68 10276.66,-9798.4
10276.66,-9798.4 10276.66,-9798.65
9529.68,-9217.27 9381.6,-9197.01
9381.6,-9197.01 9231.63,-9188.05
9231.63,-9188.05 9083.38,-9190.7
9083.38,-9190.7 8939.91,-9205.21
8939.91,-9205.21 8803.86,-9231.58
8803.86,-9231.58 8676.91,-9268.85
8676.91,-9268.85 8559.64,-9316.28
9828.1,-9493.57 9750.77,-9443.97
9750.77,-9443.97 9661.63,-9401.73
9661.63,-9401.73 9562.75,-9367.77
9562.75,-9367.77 9456.37,-9342.83
9456.37,-9342.83 9344.91,-9327.43
9344.91,-9327.43 9230.88,-9321.89
9230.88,-9321.89 9116.86,-9326.31
9116.86,-9326.31 9005.41,-9340.57
9005.41,-9340.57 8899.03,-9364.34
8899.03,-9364.34 8800.12,-9397.1
8800.12,-9397.1 8710.96,-9438.07
10019.97,-9394.96 9920.74,-9338.73
9920.74,-9338.73 9804.6,-9289.63
9804.6,-9289.63 9672.25,-9248.44
9672.25,-9248.44 9529.68,-9217.27
9411.96,-9622.13 9379.78,-9601.72
9379.78,-9601.72 9341.59,-9585.59
9341.59,-9585.59 9298.97,-9574.29
9298.97,-9574.29 9253.61,-9568.2
9253.61,-9568.2 9207.34,-9567.49
9207.34,-9567.49 9162,-9572.16
9162,-9572.16 9119.42,-9581.98
9119.42,-9581.98 9081.33,-9596.52
9056.19,-9782.15 9088.64,-9798.83
9088.64,-9798.83 9126.11,-9811.26
10260.55,-10010.62 10267.23,-10011.91
10267.23,-10011.91 10280.23,-10014.9
9167,-9818.95 9209.54,-9821.61
9209.54,-9821.61 9251.91,-9819.17
9251.91,-9819.17 9292.41,-9811.78
9292.41,-9811.78 9329.4,-9799.74
9329.4,-9799.74 9361.16,-9783.65
9972.8,-9674.67 9940.41,-9610.25
9940.41,-9610.25 9891.81,-9549.42
9891.81,-9549.42 9828.1,-9493.57
8847.25,-10363.37 8989.37,-10387.31
8989.37,-10387.31 9135.8,-10399.43
9135.8,-10399.43 9283.64,-10399.48
9283.64,-10399.48 9429.94,-10387.49
8622.61,-10018.93 8698.04,-10067.91
8474.47,-10226.23 8587.2,-10282.04
8587.2,-10282.04 8712.3,-10328.05
8712.3,-10328.05 8847.25,-10363.37
9429.94,-10387.49 9571.8,-10363.71
9571.8,-10363.71 9706.4,-10328.6
9706.4,-10328.6 9831.08,-10282.86
9831.08,-10282.86 9943.33,-10227.41
9415.14,-9690.14 9406.12,-9665.4
9001.21,-9713.22 9011.46,-9738.54
9011.46,-9738.54 9030.1,-9761.81
9030.1,-9761.81 9056.19,-9782.15
10276.66,-9797.68 10275.77,-9772.17
10275.77,-9772.17 10260.24,-9688.88
10260.24,-9688.88 10225.89,-9607.74
10225.89,-9607.74 10173.54,-9530.55
10173.54,-9530.55 10104.4,-9459.1
10104.4,-9459.1 10019.97,-9394.96
9989.58,-9767.49 9988.23,-9741.14
9988.23,-9741.14 9972.8,-9674.67
8484,-9840.16 8514.29,-9903.71
8514.29,-9903.71 8560.87,-9963.78
8560.87,-9963.78 8622.61,-10018.93
9943.17,-9920.82 9974.96,-9854.49
9974.96,-9854.49 9988.91,-9786.27
9988.91,-9786.27 9989.58,-9767.85
8470.1,-9757.22 8470.72,-9774.7
8470.72,-9774.7 8484,-9840.16
9404.41,-9742.18 9414.32,-9718.4
9414.32,-9718.4 9416.21,-9702.2
9007.71,-9661.64 8999.95,-9687.42
8999.95,-9687.42 8999.37,-9696.61
9898.77,-9977.82 9943.17,-9920.82
8520.83,-9599.99 8487.92,-9662.91
8487.92,-9662.91 8471.78,-9727.97
8471.78,-9727.97 8470.1,-9756.93
9361.16,-9783.65 9386.45,-9764.22
9386.45,-9764.22 9404.41,-9742.18
8451.07,-10274.19 8444.26,-10277.37
8444.26,-10277.37 8430.22,-10283.42
9081.33,-9596.52 9049.21,-9615.18
9049.21,-9615.18 9024.34,-9637.19
9024.34,-9637.19 9007.71,-9661.64
8710.96,-9438.07 8633.59,-9486.3
8633.59,-9486.3 8569.74,-9540.68
8569.74,-9540.68 8520.83,-9599.99
8452.62,-9373.76 8359.21,-9439.83
8359.21,-9439.83 8282.13,-9512.42
8282.13,-9512.42 8223.3,-9589.3
8166.2,-9848.89 8161.33,-9794.21
8375.68,-10161.23 8295.02,-10090.4
8295.02,-10090.4 8232.44,-10013.72
8232.44,-10013.72 8189.21,-9932.71
8189.21,-9932.71 8166.2,-9848.89
10219.62,-9950.88 10182.25,-10018.12
10182.25,-10018.12 10120.13,-10094.07
10120.13,-10094.07 10039.96,-10164.31
10039.96,-10164.31 9943.33,-10227.41
8474.47,-10226.23 8464.84,-10236.32
9000.61,-10171.62 9116.96,-10187.41
9116.96,-10187.41 9236,-10192.75
9236,-10192.75 9354.96,-10187.55
9354.96,-10187.55 9471.09,-10171.94
9471.09,-10171.94 9581.72,-10146.28
8694.12,-10066.21 8786.68,-10110.34
8786.68,-10110.34 8889.65,-10145.74
8889.65,-10145.74 9000.61,-10171.62
9581.72,-10146.28 9684.26,-10111.18
9684.26,-10111.18 9776.31,-10067.45
9776.31,-10067.45 9855.71,-10016.11
9855.71,-10016.11 9898.77,-9977.82
7014.28,-8428.94 6907.26,-8486.42
7866.6,-8734.79 8449.43,-8490.92
7522.58,-8900.85 7499.07,-8918.19
7499.07,-8918.19 6929.11,-9338.89
8485.91,-8469.82 8449.62,-8490.77
6874.1,-9400.39 6837.81,-9421.34
6919.48,-9378.84 6905.71,-9386.85
6884.85,-9396.09 6874.3,-9400.3
6677.94,-8701.96 6638.61,-8780.6
8449.43,-8490.92 8449.62,-8490.77
6638.61,-8780.6 6619.42,-8855.34
6619.42,-8855.37 6615.96,-8905.13
6615.96,-8904.83 6619.4,-8855.74
6615.96,-8905.13 6615.96,-8904.83
6663.73,-8770.99 6663.55,-8803.45
6919.48,-9348.98 6919.48,-9378.84
8695.22,-9068.26 8717.51,-9008.95
7870.85,-8814.92 7869.78,-8802.81
7944.72,-9558.27 7945.27,-9577.31
7938.26,-9510.46 7939.93,-9547.61
8717.51,-9008.95 8729.68,-8944.39
7454.01,-8809.27 7455.85,-8825.88
7267.66,-8256.28 7267.56,-8255.84
7945.27,-9577.31 7945.37,-9577.75
8731.3,-8910.08 8731.3,-8910.34
8683.17,-9083.7 8683.1,-9118.32
8729.68,-8944.39 8731.3,-8910.08
7945.37,-9577.75 7958.65,-9606.37
7939.93,-9547.61 7944.72,-9558.27
7396.2,-8317.71 7388.25,-8300.58
7714.5,-8930.39 7931.27,-9492.33
7931.27,-9492.33 7938.26,-9510.46
6831.05,-9274.38 6929.11,-9338.89
7616.21,-8684.92 7396.2,-8317.71
7454.58,-8800.09 6663.73,-8770.99
6593.28,-8797.43 6605.64,-8798.2
6605.64,-8798.2 6620.4,-8799.54
6543.68,-8789.75 6593.25,-8797.42
8745.46,-9130.36 8795.03,-9138.03
6663.55,-8803.45 6635.55,-8801.7
6630.82,-8800.84 6620.4,-8799.54
8683.1,-9118.32 8715.2,-9123.28
8715.19,-9123.28 8715.2,-9123.28
7580.75,-8923.93 7621.64,-8931.61
8745.43,-9130.36 8745.46,-9130.36
8734.87,-9127.57 8745.43,-9130.36
7855.91,-8858.69 7890.27,-8868.04
7890.27,-8868.04 8666.17,-9079.07
8666.17,-9079.07 8683.17,-9083.7
8731.3,-8909.23 8731.3,-8909.47
8731.3,-8909.47 8731.3,-8910.08
6615.97,-8906.87 6615.96,-8905.86
6615.96,-8905.86 6615.96,-8905.56
6615.96,-8905.56 6615.96,-8905.13
8731.3,-8910.34 8731.3,-8911.07
8731.3,-8911.07 8731.3,-8911.31
7984.32,-8329.93 7836.23,-8309.67
7836.23,-8309.67 7686.27,-8300.71
7686.27,-8300.71 7538.02,-8303.36
7538.02,-8303.36 7394.55,-8317.87
7394.55,-8317.87 7258.5,-8344.24
7258.5,-8344.24 7131.55,-8381.51
7131.55,-8381.51 7014.28,-8428.94
8282.74,-8606.24 8205.41,-8556.63
8205.41,-8556.63 8116.27,-8514.39
8116.27,-8514.39 8017.38,-8480.44
8017.38,-8480.44 7911.01,-8455.5
7911.01,-8455.5 7799.55,-8440.09
7799.55,-8440.09 7685.52,-8434.55
7685.52,-8434.55 7571.5,-8438.97
7571.5,-8438.97 7460.05,-8453.23
7460.05,-8453.23 7353.67,-8477.01
7353.67,-8477.01 7254.76,-8509.76
7254.76,-8509.76 7165.6,-8550.73
8474.61,-8507.62 8375.38,-8451.4
8375.38,-8451.4 8259.24,-8402.3
8259.24,-8402.3 8126.89,-8361.1
8126.89,-8361.1 7984.32,-8329.93
7866.6,-8734.79 7834.42,-8714.38
7834.42,-8714.38 7796.23,-8698.25
7796.23,-8698.25 7753.6,-8686.95
7753.6,-8686.95 7708.25,-8680.86
7708.25,-8680.86 7661.98,-8680.15
7661.98,-8680.15 7616.64,-8684.82
7616.64,-8684.82 7574.06,-8694.64
7574.06,-8694.64 7535.96,-8709.18
7510.83,-8894.81 7543.28,-8911.5
7543.28,-8911.5 7580.75,-8923.93
8715.19,-9123.28 8721.87,-9124.58
8721.87,-9124.58 8734.87,-9127.57
7621.64,-8931.61 7664.18,-8934.27
7664.18,-8934.27 7706.55,-8931.84
7706.55,-8931.84 7747.05,-8924.45
7747.05,-8924.45 7784.04,-8912.41
7784.04,-8912.41 7815.8,-8896.31
8427.44,-8787.33 8395.05,-8722.91
8395.05,-8722.91 8346.45,-8662.08
8346.45,-8662.08 8282.74,-8606.24
7301.89,-9476.03 7444,-9499.98
7444,-9499.98 7590.44,-9512.09
7590.44,-9512.09 7738.28,-9512.14
7738.28,-9512.14 7884.58,-9500.16
7077.25,-9131.59 7152.68,-9180.57
6929.11,-9338.89 7041.84,-9394.7
7041.84,-9394.7 7166.94,-9440.72
7166.94,-9440.72 7301.89,-9476.03
7884.58,-9500.16 8026.44,-9476.37
8026.44,-9476.37 8161.04,-9441.26
8161.04,-9441.26 8285.72,-9395.52
8285.72,-9395.52 8397.96,-9340.07
7869.78,-8802.81 7860.75,-8778.07
7455.85,-8825.88 7466.1,-8851.2
7466.1,-8851.2 7484.74,-8874.47
7484.74,-8874.47 7510.83,-8894.81
8731.3,-8910.34 8730.41,-8884.84
8730.41,-8884.84 8714.88,-8801.54
8714.88,-8801.54 8680.53,-8720.4
8680.53,-8720.4 8628.18,-8643.22
8628.18,-8643.22 8559.03,-8571.76
8559.03,-8571.76 8474.61,-8507.62
8444.22,-8880.15 8442.87,-8853.81
8442.87,-8853.81 8427.44,-8787.33
6938.64,-8952.82 6968.93,-9016.37
6968.93,-9016.37 7015.51,-9076.44
7015.51,-9076.44 7077.25,-9131.59
8397.81,-9033.49 8429.6,-8967.15
8429.6,-8967.15 8443.55,-8898.93
8443.55,-8898.93 8444.22,-8880.52
6924.74,-8869.89 6925.36,-8887.36
6925.36,-8887.36 6938.64,-8952.82
7859.05,-8854.84 7868.96,-8831.06
7868.96,-8831.06 7870.85,-8814.86
7462.35,-8774.3 7454.58,-8800.09
7454.58,-8800.09 7454.01,-8809.27
8353.41,-9090.48 8397.81,-9033.49
6975.46,-8712.65 6942.56,-8775.57
6942.56,-8775.57 6926.42,-8840.63
6926.42,-8840.63 6924.74,-8869.59
7815.8,-8896.31 7841.09,-8876.88
7841.09,-8876.88 7859.05,-8854.84
6905.71,-9386.85 6898.9,-9390.04
6898.9,-9390.04 6884.85,-9396.09
7535.96,-8709.18 7503.85,-8727.84
7503.85,-8727.84 7478.98,-8749.85
7478.98,-8749.85 7462.35,-8774.3
7165.6,-8550.73 7088.22,-8598.96
7088.22,-8598.96 7024.38,-8653.34
7024.38,-8653.34 6975.46,-8712.65
6907.26,-8486.42 6813.85,-8552.49
6813.85,-8552.49 6736.77,-8625.09
6736.77,-8625.09 6677.94,-8701.96
6620.84,-8961.55 6615.97,-8906.87
6830.32,-9273.9 6749.65,-9203.06
6749.65,-9203.06 6687.08,-9126.39
6687.08,-9126.39 6643.84,-9045.37
6643.84,-9045.37 6620.84,-8961.55
8674.26,-9063.54 8636.89,-9130.79
8636.89,-9130.79 8574.77,-9206.74
8574.77,-9206.74 8494.6,-9276.97
8494.6,-9276.97 8397.96,-9340.07
6929.11,-9338.89 6919.48,-9348.98
7455.25,-9284.29 7571.6,-9300.07
7571.6,-9300.07 7690.63,-9305.41
7690.63,-9305.41 7809.6,-9300.21
7809.6,-9300.21 7925.73,-9284.6
7925.73,-9284.6 8036.36,-9258.95
7148.76,-9178.87 7241.32,-9223
7241.32,-9223 7344.29,-9258.41
7344.29,-9258.41 7455.25,-9284.29
8036.36,-9258.95 8138.9,-9223.84
8138.9,-9223.84 8230.95,-9180.11
8230.95,-9180.11 8310.35,-9128.77
8310.35,-9128.77 8353.41,-9090.48
8264.89,-14752.96 8721.7,-15016.7
8255.44,-14629.46 8255.44,-14736.6
8731.15,-15011.24 8731.15,-14877.47
8255.44,-14736.6 8264.89,-14752.96
8721.7,-15016.7 8731.15,-15011.24
6615.44,-13676.49 6615.44,-13783.6
7091.15,-14058.24 7091.15,-13951.13
6624.89,-13799.96 7081.7,-14063.7
6615.44,-13783.6 6624.89,-13799.96
7081.7,-14063.7 7091.15,-14058.24
12003.23,-9073.89 13645.26,-8125.68
12003.23,-9287.53 11995.44,-9367.9
12003.23,-9287.53 12003.23,-9073.89
12004,-14350.55 12004,-9372.84
12149.93,-14386.04 12149.93,-14105.37
12236.2,-9506.9 12236.2,-14155.18
12450.32,-14280.33 12450.32,-14387.48
14278.9,-10686.23 14282.91,-10683.91
14662.63,-10686.22 16304.67,-9738.2
14287.45,-15666.7 14654.08,-15666.7
12004,-14350.55 12048.91,-14376.48
14237.39,-15639.97 14281.03,-15665.17
12091.67,-14367.84 12136.57,-14393.76
14235.47,-15598.74 12143.25,-14389.9
12926.04,-14662.12 12926.04,-14552.4
14046.05,-15197.63 14082.95,-15197.63
12459.77,-14403.84 12916.59,-14667.58
13662.42,-15098.17 14119.23,-15361.91
12091.54,-14071.66 14046.05,-15197.63
14082.95,-15197.63 14236.12,-15284.61
13006.21,-12432.25 13006.21,-12539.8
13262.78,-12583 13262.78,-12684.84
16115.35,-10726.2 14803.93,-11483.34
14660.5,-11572.83 14773.28,-11507.72
16138.4,-10719.57 16205.22,-10680.99
13968.33,-14647.55 12311.35,-13690.92
13652.97,-14974.67 13652.97,-15081.81
14082.95,-15197.63 14082.95,-10573.1
14128.68,-15356.45 14128.68,-15223.6
14192.82,-15259.71 14192.56,-15573.97
14281.03,-15665.17 14281.03,-10684.99
16203.11,-11680.83 16136.29,-11719.41
14771.17,-12507.56 14660.5,-12571.45
16105.89,-11743.62 14794.49,-12500.78
14771.17,-12507.56 14771.46,-12507.44
13968.33,-13558.2 12311.35,-12601.57
16234.09,-14746.78 16219.13,-14738.14
14660.5,-15665.16 14660.5,-10684.99
16114.03,-11737.6 16105.89,-11743.62
12066.01,-14376.48 12080.98,-14367.84
14038.83,-13248.01 12240.85,-12209.97
13257.43,-12684.84 13261.21,-12687.02
13006.21,-12539.8 13257.43,-12684.84
13260.11,-12578.38 13006.88,-12432.18
12311.35,-11980.11 13968.33,-12936.74
14810.18,-15529.99 14810.18,-15102.69
14889.64,-15056.81 14889.64,-11433.85
14897.22,-11408.08 14897.22,-10550.79
16203.11,-12585.03 16136.29,-12623.61
14771.17,-13411.75 14660.5,-13475.65
16105.9,-12647.84 14794.49,-13404.97
15477.6,-14717.36 15477.6,-11094.4
16136.29,-13527.8 16136.06,-13527.97
16203.11,-13489.23 16136.29,-13527.8
14771.17,-14315.95 14660.5,-14379.85
16105.9,-13552.03 14794.49,-14309.17
12311.35,-10841.38 13968.33,-11798.01
16059.4,-9879.81 16059.4,-10737.1
16065.55,-14377.9 16065.55,-10754.95
16150.18,-14335.73 16150.18,-14756.35
16298.77,-9741.61 16298.77,-14717.15
16306.33,-9451.72 16306.33,-9733.71
14773.52,-15130.51 14773.28,-15130.67
16115.35,-14349.15 14803.93,-15106.29
14660.5,-15195.79 14773.28,-15130.67
16138.4,-14342.53 16205.22,-14303.95
16138.11,-14342.64 16138.4,-14342.53
14038.83,-11151.87 12240.85,-10113.82
16208.44,-14738.14 16163.54,-14764.06
14709.39,-15603.61 14796.81,-15553.14
14660.5,-15665.16 14705.41,-15639.23
16251.2,-14746.78 16296.11,-14720.85
11995.44,-9367.9 14278.9,-10686.23
14286.68,-10687.18 14654.85,-10687.18
14662.63,-10686.22 14658.63,-10683.91
14013.42,-8125.68 15376.23,-8911.2
15376.23,-8911.2 16297.98,-9443.36
13645.26,-8125.68 14013.42,-8125.68
13393.31,-8752.77 13271.7,-8818.08
14361.86,-9100.32 15024.16,-8823.19
13970.92,-9289.02 13944.21,-9308.72
13944.21,-9308.72 13296.53,-9786.8
15065.62,-8799.22 15024.38,-8823.02
13234.02,-9856.68 13192.78,-9880.49
13285.58,-9832.19 13269.93,-9841.3
13234.25,-9856.58 13234.02,-9856.68
13246.24,-9851.79 13234.25,-9856.58
13011.11,-9063.01 12966.41,-9152.38
15024.16,-8823.19 15024.38,-8823.02
12966.41,-9152.38 12944.61,-9237.31
12944.61,-9237.35 12940.67,-9293.89
12940.67,-9293.55 12944.58,-9237.76
12944.61,-9237.35 12944.61,-9237.32
12940.67,-9293.89 12940.67,-9293.55
12994.96,-9141.46 12994.75,-9178.34
13285.58,-9798.26 13285.58,-9832.19
15303.47,-9479.27 15328.8,-9411.86
14366.68,-9191.37 14365.47,-9177.61
14450.63,-10036.1 14451.26,-10057.73
14443.29,-9981.76 14445.19,-10023.98
15328.8,-9411.86 15342.63,-9338.5
13893.01,-9184.96 13895.09,-9203.83
14451.26,-10057.73 14451.37,-10058.23
15344.47,-9299.52 15344.47,-9299.8
15289.77,-9496.8 15289.7,-9536.15
15342.63,-9338.5 15344.47,-9299.52
14451.37,-10058.23 14466.46,-10090.75
14445.19,-10023.98 14450.63,-10036.1
13827.31,-8626.36 13818.27,-8606.89
14189.02,-9322.59 14435.34,-9961.16
14435.34,-9961.16 14443.29,-9981.76
13185.09,-9713.49 13296.53,-9786.8
14077.32,-9043.65 13827.31,-8626.36
13893.66,-9174.52 12994.96,-9141.46
12914.9,-9171.5 12928.94,-9172.37
12928.94,-9172.37 12945.71,-9173.9
12858.53,-9162.78 12914.86,-9171.49
15360.56,-9549.83 15416.89,-9558.54
12994.75,-9178.34 12962.93,-9176.35
12957.57,-9175.38 12945.71,-9173.9
15289.7,-9536.15 15326.17,-9541.79
15326.16,-9541.79 15326.17,-9541.79
14037.02,-9315.25 14083.49,-9323.98
15360.53,-9549.82 15360.56,-9549.83
15348.53,-9546.66 15360.53,-9549.82
14349.71,-9241.12 14388.75,-9251.73
14388.75,-9251.73 15270.46,-9491.55
15270.46,-9491.55 15289.77,-9496.8
15344.47,-9298.54 15344.47,-9298.82
15344.47,-9298.82 15344.47,-9299.52
12940.68,-9295.87 12940.68,-9294.72
12940.68,-9294.72 12940.67,-9294.37
12940.67,-9294.37 12940.67,-9293.89
15344.47,-9299.8 15344.47,-9300.63
15344.47,-9300.63 15344.47,-9300.91
14495.63,-8640.26 14327.35,-8617.23
14327.35,-8617.23 14156.94,-8607.05
14156.94,-8607.05 13988.46,-8610.06
13988.46,-8610.06 13825.43,-8626.55
13825.43,-8626.55 13670.83,-8656.51
13670.83,-8656.51 13526.57,-8698.86
13526.57,-8698.86 13393.31,-8752.77
14834.74,-8954.23 14746.87,-8897.87
14746.87,-8897.87 14645.57,-8849.86
14645.57,-8849.86 14533.2,-8811.28
14533.2,-8811.28 14412.32,-8782.94
14412.32,-8782.94 14285.66,-8765.44
14285.66,-8765.44 14156.08,-8759.14
14156.08,-8759.14 14026.51,-8764.16
14026.51,-8764.16 13899.87,-8780.36
13899.87,-8780.36 13778.98,-8807.38
13778.98,-8807.38 13666.58,-8844.6
13666.58,-8844.6 13565.26,-8891.16
15052.77,-8842.17 14940.02,-8778.28
14940.02,-8778.28 14808.04,-8722.48
14808.04,-8722.48 14657.64,-8675.67
14657.64,-8675.67 14495.63,-8640.26
14361.86,-9100.32 14325.29,-9077.13
14325.29,-9077.13 14281.89,-9058.8
14281.89,-9058.8 14233.45,-9045.96
14233.45,-9045.96 14181.91,-9039.03
14181.91,-9039.03 14129.33,-9038.23
14129.33,-9038.23 14077.81,-9043.54
14077.81,-9043.54 14029.43,-9054.7
14029.43,-9054.7 13986.13,-9071.22
13957.58,-9282.16 13994.45,-9301.12
13994.45,-9301.12 14037.02,-9315.25
15326.16,-9541.79 15333.75,-9543.26
15333.75,-9543.26 15348.53,-9546.66
14083.49,-9323.98 14131.83,-9327
14131.83,-9327 14179.98,-9324.24
14179.98,-9324.24 14226,-9315.84
14226,-9315.84 14268.04,-9302.15
14268.04,-9302.15 14304.12,-9283.86
14999.17,-9160.02 14962.37,-9086.82
14962.37,-9086.82 14907.14,-9017.69
14907.14,-9017.69 14834.74,-8954.23
13720.14,-9942.64 13881.63,-9969.85
13881.63,-9969.85 14048.04,-9983.61
14048.04,-9983.61 14216.04,-9983.68
14216.04,-9983.68 14382.29,-9970.05
13464.87,-9551.23 13550.58,-9606.89
13296.53,-9786.8 13424.62,-9850.22
13424.62,-9850.22 13566.78,-9902.51
13566.78,-9902.51 13720.14,-9942.64
14382.29,-9970.05 14543.49,-9943.02
14543.49,-9943.02 14696.45,-9903.13
14696.45,-9903.13 14838.12,-9851.15
14838.12,-9851.15 14965.68,-9788.14
14365.47,-9177.61 14355.21,-9149.5
13895.09,-9203.83 13906.74,-9232.6
13906.74,-9232.6 13927.92,-9259.05
13927.92,-9259.05 13957.58,-9282.16
15344.47,-9299.8 15343.45,-9270.83
15343.45,-9270.83 15325.81,-9176.17
15325.81,-9176.17 15286.77,-9083.97
15286.77,-9083.97 15227.29,-8996.26
15227.29,-8996.26 15148.71,-8915.06
15148.71,-8915.06 15052.77,-8842.17
15018.24,-9265.5 15016.71,-9235.56
15016.71,-9235.56 14999.17,-9160.02
13307.35,-9348.08 13341.78,-9420.3
13341.78,-9420.3 13394.71,-9488.55
13394.71,-9488.55 13464.87,-9551.23
14965.5,-9439.75 15001.63,-9364.37
15001.63,-9364.37 15017.48,-9286.85
15017.48,-9286.85 15018.24,-9265.92
13291.56,-9253.84 13292.27,-9273.7
13292.27,-9273.7 13307.35,-9348.08
14353.28,-9236.74 14364.54,-9209.72
14364.54,-9209.72 14366.68,-9191.31
13902.48,-9145.22 13893.66,-9174.52
13893.66,-9174.52 13893.01,-9184.96
14915.04,-9504.51 14965.5,-9439.75
13349.2,-9075.16 13311.81,-9146.66
13311.81,-9146.66 13293.47,-9220.6
13293.47,-9220.6 13291.56,-9253.5
14304.12,-9283.86 14332.87,-9261.78
14332.87,-9261.78 14353.28,-9236.74
13269.93,-9841.3 13262.2,-9844.92
13262.2,-9844.92 13246.24,-9851.79
13986.13,-9071.22 13949.64,-9092.43
13949.64,-9092.43 13921.38,-9117.44
13921.38,-9117.44 13902.48,-9145.22
13565.26,-8891.16 13477.34,-8945.97
13477.34,-8945.97 13404.79,-9007.77
13404.79,-9007.77 13349.2,-9075.16
13271.7,-8818.08 13165.54,-8893.16
13165.54,-8893.16 13077.95,-8975.66
13077.95,-8975.66 13011.11,-9063.01
12946.22,-9358 12940.68,-9295.87
13184.27,-9712.94 13092.6,-9632.45
13092.6,-9632.45 13021.49,-9545.31
13021.49,-9545.31 12972.36,-9453.25
12972.36,-9453.25 12946.22,-9358
15279.65,-9473.9 15237.19,-9550.31
15237.19,-9550.31 15166.59,-9636.62
15166.59,-9636.62 15075.49,-9716.43
15075.49,-9716.43 14965.68,-9788.14
13296.53,-9786.8 13285.58,-9798.26
13894.41,-9724.75 14026.63,-9742.68
14026.63,-9742.68 14161.9,-9748.75
14161.9,-9748.75 14297.08,-9742.85
14297.08,-9742.85 14429.05,-9725.11
14429.05,-9725.11 14554.76,-9695.95
13546.13,-9604.96 13651.31,-9655.11
13651.31,-9655.11 13768.32,-9695.34
13768.32,-9695.34 13894.41,-9724.75
14554.76,-9695.95 14671.29,-9656.06
14671.29,-9656.06 14775.88,-9606.36
14775.88,-9606.36 14866.12,-9548.03
14866.12,-9548.03 14915.04,-9504.51
16297.98,-9443.36 16306.33,-9451.72
14803.93,-11483.34 14773.28,-11507.72
16115.35,-10726.2 16138.4,-10719.57
16114.03,-11737.6 16136.29,-11719.41
14771.46,-12507.44 14794.49,-12500.78
16105.9,-12647.84 16136.29,-12623.61
16105.9,-13552.03 16136.29,-13527.8
14771.17,-14315.95 14794.49,-14309.17
14773.52,-15130.51 14803.93,-15106.29
16115.35,-14349.15 16138.11,-14342.64
12048.91,-14376.48 12066.01,-14376.48
12080.98,-14367.84 12091.67,-14367.84
16163.54,-14764.06 16150.18,-14756.35
16298.77,-14717.15 16296.11,-14720.85
16251.2,-14746.78 16234.09,-14746.78
16208.44,-14738.14 16219.13,-14738.14
14810.18,-15529.99 14796.81,-15553.14
14709.39,-15603.61 14705.41,-15639.23
14654.08,-15666.7 14660.5,-15665.16
14281.03,-15665.17 14287.45,-15666.7
14771.17,-13411.75 14794.49,-13404.97
12450.32,-14387.48 12459.77,-14403.84
12916.59,-14667.58 12926.04,-14662.12
13652.97,-15081.81 13662.42,-15098.17
14119.23,-15361.91 14128.68,-15356.45
14237.39,-15639.97 14235.47,-15598.74
16304.67,-9738.2 16306.33,-9733.71
12136.57,-14393.76 12149.93,-14386.04
17565.23,-9404.89 19207.26,-8456.68
17565.23,-9618.53 17557.44,-9698.9
17565.23,-9618.53 17565.23,-9404.89
17566,-14681.55 17566,-9703.84
17711.93,-14717.04 17711.93,-14436.37
17798.2,-9837.9 17798.2,-14486.18
18012.32,-14611.33 18012.32,-14718.48
19840.9,-11017.23 19844.91,-11014.91
20224.63,-11017.23 21866.67,-10069.2
19849.45,-15997.7 20216.08,-15997.7
17566,-14681.55 17610.91,-14707.48
19799.39,-15970.97 19843.03,-15996.17
17653.67,-14698.84 17698.57,-14724.76
19797.47,-15929.74 17705.25,-14720.9
18488.04,-14993.12 18488.04,-14883.41
19608.05,-15528.63 19644.95,-15528.63
18021.77,-14734.84 18478.59,-14998.58
19224.42,-15429.17 19681.23,-15692.91
17653.54,-14402.66 19608.05,-15528.63
19644.95,-15528.63 19798.12,-15615.61
18568.21,-12763.25 18568.21,-12870.8
18824.78,-12914 18824.78,-13015.84
21677.35,-11057.2 20365.93,-11814.34
20222.5,-11903.83 20335.28,-11838.72
21700.4,-11050.57 21767.22,-11011.99
19530.33,-14978.56 17873.35,-14021.92
19214.97,-15305.67 19214.97,-15412.81
19644.95,-15528.63 19644.95,-10904.1
19690.68,-15687.45 19690.68,-15554.6
19754.82,-15590.71 19754.56,-15904.97
19843.03,-15996.17 19843.03,-11015.99
21765.11,-12011.83 21698.29,-12050.41
20333.17,-12838.56 20222.5,-12902.45
21667.89,-12074.62 20356.49,-12831.78
20333.17,-12838.56 20333.46,-12838.44
19530.33,-13889.2 17873.35,-12932.57
21796.09,-15077.78 21781.13,-15069.14
20222.5,-15996.17 20222.5,-11015.99
21676.03,-12068.6 21667.89,-12074.62
17628.01,-14707.48 17642.98,-14698.84
19600.83,-13579.01 17802.85,-12540.97
18819.43,-13015.84 18823.21,-13018.02
18568.21,-12870.8 18819.43,-13015.84
18822.1,-12909.38 18568.88,-12763.18
17873.35,-12311.11 19530.33,-13267.74
20372.18,-15860.99 20372.18,-15433.69
20451.64,-15387.81 20451.64,-11764.85
20459.22,-11739.08 20459.22,-10881.79
21765.11,-12916.03 21698.29,-12954.61
20333.17,-13742.75 20222.5,-13806.65
21667.9,-12978.84 20356.49,-13735.97
21039.6,-15048.36 21039.6,-11425.4
21698.29,-13858.8 21698.06,-13858.97
21765.11,-13820.23 21698.29,-13858.8
20333.17,-14646.95 20222.5,-14710.85
21667.9,-13883.03 20356.49,-14640.17
17873.35,-11172.38 19530.33,-12129.01
21621.4,-10210.81 21621.4,-11068.1
21627.55,-14708.9 21627.55,-11085.95
21712.18,-14666.73 21712.18,-15087.35
21860.77,-10072.61 21860.77,-15048.15
21868.33,-9782.72 21868.33,-10064.71
20335.52,-15461.51 20335.28,-15461.67
21677.35,-14680.15 20365.93,-15437.29
20222.5,-15526.79 20335.28,-15461.67
21700.4,-14673.53 21767.22,-14634.95
21700.11,-14673.64 21700.4,-14673.53
19600.83,-11482.87 17802.85,-10444.82
21770.44,-15069.14 21725.54,-15095.06
20271.39,-15934.61 20358.81,-15884.14
20222.5,-15996.17 20267.41,-15970.23
21813.2,-15077.78 21858.11,-15051.85
17557.44,-9698.9 19840.9,-11017.23
19848.68,-11018.18 20216.85,-11018.18
20224.63,-11017.23 20220.62,-11014.91
19575.42,-8456.68 20938.23,-9242.2
20938.23,-9242.2 21859.98,-9774.36
19207.26,-8456.68 19575.42,-8456.68
18955.31,-9083.77 18833.7,-9149.08
19923.86,-9431.32 20586.16,-9154.19
19532.92,-9620.02 19506.21,-9639.72
19506.21,-9639.72 18858.53,-10117.8
20627.62,-9130.22 20586.38,-9154.02
18796.02,-10187.68 18754.78,-10211.49
18847.58,-10163.19 18831.93,-10172.3
18796.25,-10187.58 18796.02,-10187.68
18808.24,-10182.79 18796.25,-10187.58
18573.11,-9394.01 18528.41,-9483.38
20586.16,-9154.19 20586.38,-9154.02
18528.41,-9483.38 18506.61,-9568.31
18506.61,-9568.35 18502.67,-9624.89
18502.67,-9624.55 18506.58,-9568.76
18506.61,-9568.35 18506.61,-9568.32
18502.67,-9624.89 18502.67,-9624.55
18556.96,-9472.46 18556.75,-9509.34
18847.58,-10129.26 18847.58,-10163.19
20865.47,-9810.27 20890.8,-9742.86
19928.68,-9522.37 19927.47,-9508.61
20012.63,-10367.1 20013.26,-10388.73
20005.29,-10312.76 20007.19,-10354.98
20890.8,-9742.86 20904.63,-9669.5
19455.01,-9515.96 19457.09,-9534.83
20013.26,-10388.73 20013.37,-10389.23
20906.47,-9630.52 20906.47,-9630.8
20851.77,-9827.8 20851.7,-9867.15
20904.63,-9669.5 20906.47,-9630.52
20013.37,-10389.23 20028.46,-10421.75
20007.19,-10354.98 20012.63,-10367.1
19389.31,-8957.36 19380.27,-8937.89
19751.02,-9653.59 19997.34,-10292.16
19997.34,-10292.16 20005.29,-10312.76
18747.09,-10044.49 18858.53,-10117.8
19639.32,-9374.65 19389.31,-8957.36
19455.66,-9505.52 18556.96,-9472.46
18476.9,-9502.5 18490.94,-9503.37
18490.94,-9503.37 18507.71,-9504.9
18420.53,-9493.78 18476.86,-9502.49
20922.56,-9880.83 20978.89,-9889.55
18556.75,-9509.34 18524.93,-9507.35
18519.57,-9506.38 18507.71,-9504.9
20851.7,-9867.15 20888.17,-9872.79
20888.16,-9872.79 20888.17,-9872.79
19599.02,-9646.25 19645.49,-9654.98
20922.53,-9880.82 20922.56,-9880.83
20910.53,-9877.66 20922.53,-9880.82
19911.71,-9572.12 19950.75,-9582.73
19950.75,-9582.73 20832.46,-9822.55
20832.46,-9822.55 20851.77,-9827.8
20906.47,-9629.54 20906.47,-9629.82
20906.47,-9629.82 20906.47,-9630.52
18502.68,-9626.87 18502.67,-9625.72
18502.67,-9625.72 18502.67,-9625.37
18502.67,-9625.37 18502.67,-9624.89
20906.47,-9630.8 20906.47,-9631.63
20906.47,-9631.63 20906.47,-9631.91
20057.62,-8971.26 19889.35,-8948.23
19889.35,-8948.23 19718.94,-8938.05
19718.94,-8938.05 19550.46,-8941.06
19550.46,-8941.06 19387.43,-8957.55
19387.43,-8957.55 19232.83,-8987.51
19232.83,-8987.51 19088.57,-9029.86
19088.57,-9029.86 18955.31,-9083.77
20396.74,-9285.23 20308.87,-9228.87
20308.87,-9228.87 20207.57,-9180.86
20207.57,-9180.86 20095.2,-9142.28
20095.2,-9142.28 19974.32,-9113.94
19974.32,-9113.94 19847.66,-9096.44
19847.66,-9096.44 19718.08,-9090.14
19718.08,-9090.14 19588.51,-9095.16
19588.51,-9095.16 19461.87,-9111.36
19461.87,-9111.36 19340.98,-9138.38
19340.98,-9138.38 19228.58,-9175.6
19228.58,-9175.6 19127.26,-9222.16
20614.77,-9173.17 20502.02,-9109.28
20502.02,-9109.28 20370.04,-9053.49
20370.04,-9053.49 20219.64,-9006.67
20219.64,-9006.67 20057.62,-8971.26
19923.86,-9431.32 19887.29,-9408.13
19887.29,-9408.13 19843.89,-9389.8
19843.89,-9389.8 19795.45,-9376.96
19795.45,-9376.96 19743.91,-9370.03
19743.91,-9370.03 19691.33,-9369.23
19691.33,-9369.23 19639.81,-9374.54
19639.81,-9374.54 19591.43,-9385.7
19591.43,-9385.7 19548.13,-9402.22
19519.58,-9613.16 19556.45,-9632.12
19556.45,-9632.12 19599.02,-9646.25
20888.16,-9872.79 20895.75,-9874.26
20895.75,-9874.26 20910.53,-9877.66
19645.49,-9654.98 19693.83,-9658
19693.83,-9658 19741.98,-9655.24
19741.98,-9655.24 19788,-9646.84
19788,-9646.84 19830.04,-9633.15
19830.04,-9633.15 19866.12,-9614.86
20561.17,-9491.02 20524.37,-9417.82
20524.37,-9417.82 20469.14,-9348.69
20469.14,-9348.69 20396.74,-9285.23
19282.14,-10273.64 19443.63,-10300.85
19443.63,-10300.85 19610.04,-10314.61
19610.04,-10314.61 19778.04,-10314.68
19778.04,-10314.68 19944.29,-10301.05
19026.87,-9882.23 19112.58,-9937.89
18858.53,-10117.8 18986.62,-10181.22
18986.62,-10181.22 19128.78,-10233.51
19128.78,-10233.51 19282.14,-10273.64
19944.29,-10301.05 20105.49,-10274.02
20105.49,-10274.02 20258.45,-10234.13
20258.45,-10234.13 20400.12,-10182.15
20400.12,-10182.15 20527.68,-10119.14
19927.47,-9508.61 19917.21,-9480.5
19457.09,-9534.83 19468.74,-9563.6
19468.74,-9563.6 19489.92,-9590.05
19489.92,-9590.05 19519.58,-9613.16
20906.47,-9630.8 20905.45,-9601.83
20905.45,-9601.83 20887.81,-9507.17
20887.81,-9507.17 20848.77,-9414.97
20848.77,-9414.97 20789.29,-9327.26
20789.29,-9327.26 20710.71,-9246.06
20710.71,-9246.06 20614.77,-9173.17
20580.24,-9596.5 20578.71,-9566.56
20578.71,-9566.56 20561.17,-9491.02
18869.35,-9679.08 18903.78,-9751.3
18903.78,-9751.3 18956.71,-9819.55
18956.71,-9819.55 19026.87,-9882.23
20527.5,-9770.75 20563.63,-9695.37
20563.63,-9695.37 20579.48,-9617.85
20579.48,-9617.85 20580.24,-9596.92
18853.56,-9584.84 18854.27,-9604.7
18854.27,-9604.7 18869.35,-9679.08
19915.28,-9567.74 19926.54,-9540.72
19926.54,-9540.72 19928.68,-9522.31
19464.48,-9476.22 19455.66,-9505.52
19455.66,-9505.52 19455.01,-9515.96
20477.04,-9835.51 20527.5,-9770.75
18911.2,-9406.16 18873.81,-9477.66
18873.81,-9477.66 18855.47,-9551.6
18855.47,-9551.6 18853.56,-9584.5
19866.12,-9614.86 19894.87,-9592.78
19894.87,-9592.78 19915.28,-9567.74
18831.93,-10172.3 18824.2,-10175.92
18824.2,-10175.92 18808.24,-10182.79
19548.13,-9402.22 19511.64,-9423.43
19511.64,-9423.43 19483.38,-9448.44
19483.38,-9448.44 19464.48,-9476.22
19127.26,-9222.16 19039.34,-9276.97
19039.34,-9276.97 18966.79,-9338.77
18966.79,-9338.77 18911.2,-9406.16
18833.7,-9149.08 18727.54,-9224.16
18727.54,-9224.16 18639.95,-9306.66
18639.95,-9306.66 18573.11,-9394.01
18508.22,-9689 18502.68,-9626.87
18746.27,-10043.94 18654.6,-9963.45
18654.6,-9963.45 18583.49,-9876.31
18583.49,-9876.31 18534.36,-9784.25
18534.36,-9784.25 18508.22,-9689
20841.65,-9804.9 20799.19,-9881.31
20799.19,-9881.31 20728.59,-9967.62
20728.59,-9967.62 20637.49,-10047.43
20637.49,-10047.43 20527.68,-10119.14
18858.53,-10117.8 18847.58,-10129.26
19456.41,-10055.75 19588.63,-10073.68
19588.63,-10073.68 19723.9,-10079.75
19723.9,-10079.75 19859.08,-10073.85
19859.08,-10073.85 19991.05,-10056.11
19991.05,-10056.11 20116.76,-10026.95
19108.13,-9935.96 19213.31,-9986.11
19213.31,-9986.11 19330.32,-10026.34
19330.32,-10026.34 19456.41,-10055.75
20116.76,-10026.95 20233.29,-9987.06
20233.29,-9987.06 20337.88,-9937.36
20337.88,-9937.36 20428.12,-9879.03
20428.12,-9879.03 20477.04,-9835.51
21859.98,-9774.36 21868.33,-9782.72
20365.93,-11814.34 20335.28,-11838.72
21677.35,-11057.2 21700.4,-11050.57
21676.03,-12068.6 21698.29,-12050.41
20333.46,-12838.44 20356.49,-12831.78
21667.9,-12978.84 21698.29,-12954.61
21667.9,-13883.03 21698.29,-13858.8
20333.17,-14646.95 20356.49,-14640.17
20335.52,-15461.51 20365.93,-15437.29
21677.35,-14680.15 21700.11,-14673.64
17610.91,-14707.48 17628.01,-14707.48
17642.98,-14698.84 17653.67,-14698.84
21725.54,-15095.06 21712.18,-15087.35
21860.77,-15048.15 21858.11,-15051.85
21813.2,-15077.78 21796.09,-15077.78
21770.44,-15069.14 21781.13,-15069.14
20372.18,-15860.99 20358.81,-15884.14
20271.39,-15934.61 20267.41,-15970.23
20216.08,-15997.7 20222.5,-15996.17
19843.03,-15996.17 19849.45,-15997.7
20333.17,-13742.75 20356.49,-13735.97
18012.32,-14718.48 18021.77,-14734.84
18478.59,-14998.58 18488.04,-14993.12
19214.97,-15412.81 19224.42,-15429.17
19681.23,-15692.91 19690.68,-15687.45
19799.39,-15970.97 19797.47,-15929.74
21866.67,-10069.2 21868.33,-10064.71
17698.57,-14724.76 17711.93,-14717.04
19452.82,-15561.04 19452.82,-17268.05
