9712.34,-16336.7 9712.34,-18216.77
9712.34,-18216.77 7512.34,-18216.77
12296.96,-18562.78 7512.34,-18562.78
7512.34,-18016.77 7512.34,-18762.78
7512.34,-18016.77 6838.25,-18389.78
6838.25,-18389.78 7512.34,-18762.78
6838.25,-18389.78 5012.96,-18389.78
15483.81,-18389.78 12971.05,-18389.78
21271.81,-18735.78 12971.05,-18735.78
12971.05,-18189.78 12971.05,-18935.78
12971.05,-18189.78 12296.96,-18562.78
12296.96,-18562.78 12971.05,-18935.78
7367.59,-10386.78 8247.38,-9878.84
8247.38,-9878.84 8854.46,-9528.34
7363.96,-10651.96 7363.96,-10395.94
7371.01,-15160.59 7371.01,-10656.46
7585.12,-11331.25 7585.12,-13222.52
7585.12,-14981.66 7585.12,-13226.71
7585.12,-13222.52 7585.12,-13226.71
7585.12,-11331.25 7585.12,-11309.05
7585.12,-11309.05 7585.73,-10780.42
10166.32,-16774.43 10498.22,-16774.43
7927.46,-13311.78 7927.46,-13219.59
7927.46,-13214.41 7927.46,-13219.59
7927.46,-13214.41 7931.69,-13212.26
7373.42,-15163.95 7414.07,-15187.42
10119.86,-16749.57 10160.52,-16773.04
10116.65,-16717.55 10092.76,-16703.76
7452.78,-15179.6 7493.43,-15203.06
7503.76,-15202.88 10083.02,-16691.99
8163.34,-13440.84 8163.34,-13348.79
8158.3,-13445.05 8163.34,-13440.84
10505.76,-12265.95 11994.13,-11406.57
7585.12,-14981.66 9945.12,-16344.18
9991.14,-16344.21 10116.65,-16416.68
11846.01,-12298.63 11846.27,-12298.53
9830.26,-15818.32 7701.25,-14589.16
9359.7,-14041.3 9359.7,-14138.67
11825.9,-12305.1 10638.23,-12989.93
10547.9,-13048.05 10610.48,-13012
11846.27,-12298.53 11906.75,-12263.61
9595.59,-14267.87 9595.59,-14175.68
9359.7,-14041.3 9363.94,-14039.15
7429.56,-15187.42 7443.11,-15179.6
9590.54,-14271.94 9594.88,-14269.44
11846.01,-13234.49 11846.27,-13234.39
9830.26,-14832.18 7701.25,-13603.02
11928.54,-15941.67 11914.99,-15933.85
10116.65,-16745.1 10116.65,-12241.62
10630.59,-13931.44 10638.23,-13925.78
11825.9,-13240.1 10638.23,-13925.79
10547.9,-13984 10610.48,-13947.86
11846.27,-13234.39 11906.75,-13199.47
10116.65,-14682.1 7589.23,-13222.93
8154.87,-13443.08 8158.3,-13445.05
9587.12,-14269.97 9590.54,-14271.94
7927.46,-13311.78 8154.87,-13443.08
9359.7,-14138.67 9587.12,-14269.97
7931.69,-13212.26 8160.92,-13344.6
9363.94,-14039.15 9593.17,-14171.49
9830.26,-14269.26 7701.25,-13040.11
10547.9,-12241.62 10547.9,-16745.1
10639.53,-16650.68 10639.53,-16268.89
10715.82,-16224.95 10715.82,-12945.19
10630.59,-14749.97 10638.23,-14744.31
10610.7,-14766.24 10610.48,-14766.39
11825.9,-14059.1 10638.23,-14744.32
10547.9,-14802.53 10610.48,-14766.39
11846.9,-14053.1 11905.84,-14018.53
11248.07,-15918.44 11248.07,-12638.29
11846.01,-14871.55 11846.27,-14871.45
7701.25,-11986.91 9830.26,-13216.07
10610.7,-15584.77 10610.48,-15584.92
11825.9,-14877.1 10637.9,-15563.1
10547.9,-15621.06 10610.48,-15584.92
11846.27,-14871.45 11905.61,-14837.18
10116.65,-12785.27 7589.83,-11326.41
11780.32,-15611.92 11780.32,-12331.38
11849.67,-15576.27 11849.67,-15948.65
11987.08,-11410.71 11987.08,-15914.84
11994.13,-11341.58 11994.13,-11406.57
11994.13,-11150.19 11994.13,-11341.58
10630.59,-16275.28 10638.25,-16269.62
10610.7,-16291.55 10610.48,-16291.71
11826.9,-15585.1 10638.23,-16269.64
10547.9,-16327.88 10610.48,-16291.71
11846.27,-15578.23 11905.42,-15544.08
11846.01,-15578.34 11846.27,-15578.23
7363.96,-10651.96 10158.79,-12265.95
11905.31,-15933.85 11864.67,-15957.31
10547.9,-16717.55 10627.43,-16671.63
10504.03,-16773.04 10544.69,-16749.57
11944.02,-15941.67 11984.68,-15918.2
10158.79,-12265.95 10505.76,-12265.95
9197.18,-9528.34 11990.5,-11141.03
8854.77,-9527.83 9197.18,-9528.34
11826.9,-15585.1 11846.01,-15578.34
10610.7,-16291.55 10620.34,-16283.44
10620.34,-16283.44 10630.59,-16275.28
11825.9,-14877.1 11846.01,-14871.55
10610.7,-15584.77 10637.9,-15563.1
10610.7,-14766.24 10620.34,-14758.12
10620.34,-14758.12 10630.59,-14749.97
11825.9,-14059.1 11846.9,-14053.1
10610.7,-13947.71 10620.34,-13939.6
10620.34,-13939.6 10630.59,-13931.44
11825.9,-13240.1 11829.65,-13239
11829.65,-13239 11837.89,-13236.62
11837.89,-13236.62 11846.01,-13234.49
10610.7,-13011.85 10620.34,-13003.74
10620.34,-13003.74 10630.59,-12995.58
11825.9,-12305.1 11829.65,-12303.14
11829.65,-12303.14 11837.89,-12300.76
11837.89,-12300.76 11846.01,-12298.63
10630.59,-12995.58 10638.23,-12989.93
11928.54,-15941.67 11937.87,-15943.78
11937.87,-15943.78 11944.02,-15941.67
11984.68,-15918.2 11987.08,-15914.84
11914.99,-15933.85 11905.31,-15933.85
11864.67,-15957.31 11852.57,-15950.33
11852.57,-15950.33 11849.67,-15948.65
11990.5,-11141.03 11994.13,-11150.19
7367.59,-10386.78 7363.96,-10395.94
9593.17,-14171.49 9595.59,-14175.68
8160.92,-13344.6 8163.34,-13348.79
7371.01,-15160.59 7373.42,-15163.95
7414.07,-15187.42 7429.56,-15187.42
7443.11,-15179.6 7452.78,-15179.6
7493.43,-15203.06 7503.76,-15202.88
10116.65,-16745.1 10119.86,-16749.57
10160.52,-16773.04 10166.32,-16774.43
10498.22,-16774.43 10504.03,-16773.04
10544.69,-16749.57 10547.9,-16745.1
10627.43,-16671.63 10639.53,-16650.68
10092.76,-16703.76 10083.02,-16691.99
9945.12,-16344.18 9991.14,-16344.21
9594.88,-14269.44 9595.59,-14267.87
9806.16,-10784.01 9699.14,-10841.49
10658.48,-11089.86 11241.31,-10845.99
10314.46,-11255.92 10290.95,-11273.26
10290.95,-11273.26 9720.99,-11693.96
11277.79,-10824.89 11241.5,-10845.84
9665.98,-11755.46 9629.69,-11776.41
9711.35,-11733.91 9697.59,-11741.92
9666.18,-11755.37 9665.98,-11755.46
9676.73,-11751.16 9666.18,-11755.37
9469.82,-11057.03 9430.49,-11135.67
11241.31,-10845.99 11241.5,-10845.84
9430.49,-11135.67 9411.3,-11210.42
9411.3,-11210.44 9407.84,-11260.2
9407.84,-11259.9 9411.28,-11210.81
9411.3,-11210.44 9411.3,-11210.42
9407.84,-11260.2 9407.84,-11259.9
9455.61,-11126.06 9455.43,-11158.52
9711.35,-11704.05 9711.35,-11733.91
11487.1,-11423.33 11509.39,-11364.02
10662.72,-11169.99 10661.66,-11157.88
10736.6,-11913.34 10737.15,-11932.38
10730.14,-11865.53 10731.81,-11902.68
11509.39,-11364.02 11521.56,-11299.46
10245.89,-11164.34 10247.73,-11180.95
10737.15,-11932.38 10737.25,-11932.82
11523.18,-11265.15 11523.18,-11265.41
11475.05,-11438.77 11474.98,-11473.39
11521.56,-11299.46 11523.18,-11265.15
10737.25,-11932.82 10750.53,-11961.44
10731.81,-11902.68 10736.6,-11913.34
10188.08,-10672.78 10180.13,-10655.65
10506.38,-11285.46 10723.15,-11847.4
10723.15,-11847.4 10730.14,-11865.53
9622.93,-11629.45 9720.99,-11693.96
10408.09,-11039.99 10188.08,-10672.78
10246.46,-11155.16 9455.61,-11126.06
9385.16,-11152.5 9397.51,-11153.27
9397.51,-11153.27 9412.27,-11154.61
9335.55,-11144.82 9385.13,-11152.49
11537.34,-11485.43 11586.91,-11493.1
9455.43,-11158.52 9427.43,-11156.77
9422.7,-11155.91 9412.27,-11154.61
11474.98,-11473.39 11507.08,-11478.35
10372.63,-11279 10413.52,-11286.68
11537.31,-11485.43 11537.34,-11485.43
11526.75,-11482.64 11537.31,-11485.43
10647.79,-11213.76 10682.15,-11223.11
10682.15,-11223.11 11458.05,-11434.14
11458.05,-11434.14 11475.05,-11438.77
11523.18,-11264.3 11523.18,-11264.54
11523.18,-11264.54 11523.18,-11265.15
9407.84,-11261.94 9407.84,-11260.93
9407.84,-11260.93 9407.84,-11260.63
9407.84,-11260.63 9407.84,-11260.2
11523.18,-11265.41 11523.18,-11266.14
11523.18,-11266.14 11523.18,-11266.38
10776.2,-10685 10628.11,-10664.74
10628.11,-10664.74 10478.15,-10655.78
10478.15,-10655.78 10329.89,-10658.43
10329.89,-10658.43 10186.42,-10672.94
10186.42,-10672.94 10050.38,-10699.31
10050.38,-10699.31 9923.43,-10736.58
9923.43,-10736.58 9806.16,-10784.01
11074.62,-10961.31 10997.29,-10911.7
10997.29,-10911.7 10908.15,-10869.46
10908.15,-10869.46 10809.26,-10835.51
10809.26,-10835.51 10702.89,-10810.57
10702.89,-10810.57 10591.43,-10795.16
10591.43,-10795.16 10477.4,-10789.62
10477.4,-10789.62 10363.38,-10794.04
10363.38,-10794.04 10251.93,-10808.3
10251.93,-10808.3 10145.55,-10832.08
10145.55,-10832.08 10046.64,-10864.83
10046.64,-10864.83 9957.48,-10905.8
11266.49,-10862.69 11167.26,-10806.47
11167.26,-10806.47 11051.12,-10757.37
11051.12,-10757.37 10918.77,-10716.17
10918.77,-10716.17 10776.2,-10685
10658.48,-11089.86 10626.3,-11069.45
10626.3,-11069.45 10588.11,-11053.32
10588.11,-11053.32 10545.48,-11042.02
10545.48,-11042.02 10500.13,-11035.93
10500.13,-11035.93 10453.86,-11035.22
10453.86,-11035.22 10408.52,-11039.89
10408.52,-11039.89 10365.94,-11049.71
10365.94,-11049.71 10327.84,-11064.25
10302.71,-11249.88 10335.16,-11266.57
10335.16,-11266.57 10372.63,-11279
11507.06,-11478.35 11513.75,-11479.65
11513.75,-11479.65 11526.75,-11482.64
10413.52,-11286.68 10456.06,-11289.34
10456.06,-11289.34 10498.43,-11286.91
10498.43,-11286.91 10538.93,-11279.52
10538.93,-11279.52 10575.92,-11267.48
10575.92,-11267.48 10607.68,-11251.38
11219.32,-11142.4 11186.93,-11077.98
11186.93,-11077.98 11138.33,-11017.15
11138.33,-11017.15 11074.62,-10961.31
10093.77,-11831.1 10235.88,-11855.05
10235.88,-11855.05 10382.32,-11867.16
10382.32,-11867.16 10530.16,-11867.21
10530.16,-11867.21 10676.46,-11855.23
9869.13,-11486.66 9944.56,-11535.64
9720.99,-11693.96 9833.72,-11749.77
9833.72,-11749.77 9958.82,-11795.79
9958.82,-11795.79 10093.77,-11831.1
10676.46,-11855.23 10818.32,-11831.44
10818.32,-11831.44 10952.92,-11796.33
10952.92,-11796.33 11077.6,-11750.6
11077.6,-11750.6 11189.84,-11695.14
10661.66,-11157.88 10652.63,-11133.14
10247.73,-11180.95 10257.98,-11206.27
10257.98,-11206.27 10276.62,-11229.54
10276.62,-11229.54 10302.71,-11249.88
11523.18,-11265.41 11522.29,-11239.91
11522.29,-11239.91 11506.76,-11156.61
11506.76,-11156.61 11472.41,-11075.48
11472.41,-11075.48 11420.06,-10998.29
11420.06,-10998.29 11350.91,-10926.83
11350.91,-10926.83 11266.49,-10862.69
11236.1,-11235.22 11234.75,-11208.88
11234.75,-11208.88 11219.32,-11142.4
9730.52,-11307.89 9760.81,-11371.45
9760.81,-11371.45 9807.39,-11431.51
9807.39,-11431.51 9869.13,-11486.66
11189.69,-11388.56 11221.48,-11322.22
11221.48,-11322.22 11235.43,-11254
11235.43,-11254 11236.1,-11235.59
9716.62,-11224.96 9717.24,-11242.43
9717.24,-11242.43 9730.52,-11307.89
10650.93,-11209.91 10660.84,-11186.13
10660.84,-11186.13 10662.72,-11169.93
10254.23,-11129.37 10246.46,-11155.16
10246.46,-11155.16 10245.89,-11164.34
11145.29,-11445.55 11189.69,-11388.56
9767.34,-11067.72 9734.44,-11130.64
9734.44,-11130.64 9718.3,-11195.7
9718.3,-11195.7 9716.62,-11224.66
10607.68,-11251.38 10632.97,-11231.95
10632.97,-11231.95 10650.93,-11209.91
9697.59,-11741.92 9690.78,-11745.11
9690.78,-11745.11 9676.73,-11751.16
10327.84,-11064.25 10295.73,-11082.91
10295.73,-11082.91 10270.86,-11104.92
10270.86,-11104.92 10254.23,-11129.37
9957.48,-10905.8 9880.1,-10954.03
9880.1,-10954.03 9816.26,-11008.41
9816.26,-11008.41 9767.34,-11067.72
9699.14,-10841.49 9605.73,-10907.56
9605.73,-10907.56 9528.65,-10980.16
9528.65,-10980.16 9469.82,-11057.03
9412.72,-11316.62 9407.84,-11261.94
9622.2,-11628.97 9541.53,-11558.13
9541.53,-11558.13 9478.96,-11481.46
9478.96,-11481.46 9435.72,-11400.44
9435.72,-11400.44 9412.72,-11316.62
11466.14,-11418.62 11428.77,-11485.86
11428.77,-11485.86 11366.65,-11561.81
11366.65,-11561.81 11286.48,-11632.04
11286.48,-11632.04 11189.84,-11695.14
9720.99,-11693.96 9711.35,-11704.05
10247.13,-11639.36 10363.48,-11655.14
10363.48,-11655.14 10482.51,-11660.48
10482.51,-11660.48 10601.48,-11655.28
10601.48,-11655.28 10717.61,-11639.67
10717.61,-11639.67 10828.24,-11614.02
9940.64,-11533.94 10033.2,-11578.07
10033.2,-11578.07 10136.17,-11613.48
10136.17,-11613.48 10247.13,-11639.36
10828.24,-11614.02 10930.78,-11578.91
10930.78,-11578.91 11022.83,-11535.18
11022.83,-11535.18 11102.23,-11483.84
11102.23,-11483.84 11145.29,-11445.55
8260.8,-9896.68 8153.78,-9954.15
9113.12,-10202.52 9695.94,-9958.65
8769.1,-10368.58 8745.59,-10385.92
8745.59,-10385.92 8175.63,-10806.62
9732.43,-9937.55 9696.14,-9958.5
8120.62,-10868.13 8084.33,-10889.08
8165.99,-10846.57 8152.22,-10854.59
8131.37,-10863.82 8120.82,-10868.03
7924.46,-10169.69 7885.13,-10248.34
9695.94,-9958.65 9696.14,-9958.5
7885.13,-10248.34 7865.94,-10323.08
7865.94,-10323.11 7862.48,-10372.87
7862.48,-10372.57 7865.91,-10323.47
7862.48,-10372.87 7862.48,-10372.57
7910.25,-10238.73 7910.07,-10271.18
8165.99,-10816.71 8165.99,-10846.57
9941.73,-10536 9964.03,-10476.68
9117.36,-10282.65 9116.3,-10270.54
9191.24,-11026.01 9191.79,-11045.04
9184.78,-10978.19 9186.45,-11015.34
9964.03,-10476.68 9976.2,-10412.12
8700.53,-10277.01 8702.37,-10293.61
8514.18,-9724.01 8514.08,-9723.57
9191.79,-11045.04 9191.89,-11045.49
9977.82,-10377.82 9977.82,-10378.07
9929.69,-10551.43 9929.62,-10586.05
9976.2,-10412.12 9977.82,-10377.82
9191.89,-11045.49 9205.17,-11074.11
9186.45,-11015.34 9191.24,-11026.01
8642.72,-9785.44 8634.77,-9768.31
8961.02,-10398.12 9177.79,-10960.06
9177.79,-10960.06 9184.78,-10978.19
8077.56,-10742.11 8175.63,-10806.62
8862.72,-10152.65 8642.72,-9785.44
8701.1,-10267.82 7910.25,-10238.73
7839.8,-10265.16 7852.15,-10265.93
7852.15,-10265.93 7866.91,-10267.27
7790.19,-10257.49 7839.77,-10265.16
9991.98,-10598.09 10041.55,-10605.76
7910.07,-10271.18 7882.07,-10269.43
7877.34,-10268.57 7866.91,-10267.27
9929.62,-10586.05 9961.72,-10591.02
9961.7,-10591.01 9961.72,-10591.02
8827.27,-10391.66 8868.16,-10399.35
9991.95,-10598.09 9991.98,-10598.09
9981.39,-10595.3 9991.95,-10598.09
9102.43,-10326.42 9136.79,-10335.77
9136.79,-10335.77 9912.69,-10546.81
9912.69,-10546.81 9929.69,-10551.43
9977.82,-10376.96 9977.82,-10377.21
9977.82,-10377.21 9977.82,-10377.82
7862.48,-10374.61 7862.48,-10373.6
7862.48,-10373.6 7862.48,-10373.29
7862.48,-10373.29 7862.48,-10372.87
9977.82,-10378.07 9977.82,-10378.8
9977.82,-10378.8 9977.82,-10379.05
9230.84,-9797.67 9082.75,-9777.4
9082.75,-9777.4 8932.79,-9768.44
8932.79,-9768.44 8784.53,-9771.09
8784.53,-9771.09 8641.06,-9785.61
8641.06,-9785.61 8505.02,-9811.97
8505.02,-9811.97 8378.07,-9849.24
8378.07,-9849.24 8260.8,-9896.68
9529.26,-10073.97 9451.93,-10024.37
9451.93,-10024.37 9362.78,-9982.12
9362.78,-9982.12 9263.9,-9948.17
9263.9,-9948.17 9157.53,-9923.23
9157.53,-9923.23 9046.07,-9907.83
9046.07,-9907.83 8932.04,-9902.28
8932.04,-9902.28 8818.02,-9906.7
8818.02,-9906.7 8706.57,-9920.96
8706.57,-9920.96 8600.19,-9944.74
8600.19,-9944.74 8501.28,-9977.49
8501.28,-9977.49 8412.12,-10018.46
9721.13,-9975.35 9621.9,-9919.13
9621.9,-9919.13 9505.76,-9870.03
9505.76,-9870.03 9373.4,-9828.83
9373.4,-9828.83 9230.84,-9797.67
9113.12,-10202.52 9080.94,-10182.11
9080.94,-10182.11 9042.75,-10165.99
9042.75,-10165.99 9000.12,-10154.69
9000.12,-10154.69 8954.77,-10148.59
8954.77,-10148.59 8908.49,-10147.89
8908.49,-10147.89 8863.15,-10152.56
8863.15,-10152.56 8820.58,-10162.37
8820.58,-10162.37 8782.48,-10176.92
8757.35,-10362.54 8789.8,-10379.23
8789.8,-10379.23 8827.27,-10391.66
9961.7,-10591.01 9968.39,-10592.31
9968.39,-10592.31 9981.39,-10595.3
8868.16,-10399.35 8910.7,-10402
8910.7,-10402 8953.07,-10399.57
8953.07,-10399.57 8993.57,-10392.18
8993.57,-10392.18 9030.56,-10380.14
9030.56,-10380.14 9062.32,-10364.04
9673.96,-10255.06 9641.57,-10190.64
9641.57,-10190.64 9592.97,-10129.81
9592.97,-10129.81 9529.26,-10073.97
8548.41,-10943.77 8690.52,-10967.71
8690.52,-10967.71 8836.96,-10979.82
8836.96,-10979.82 8984.8,-10979.88
8984.8,-10979.88 9131.1,-10967.89
8323.77,-10599.32 8399.2,-10648.3
8175.63,-10806.62 8288.36,-10862.44
8288.36,-10862.44 8413.46,-10908.45
8413.46,-10908.45 8548.41,-10943.77
9131.1,-10967.89 9272.96,-10944.1
9272.96,-10944.1 9407.56,-10908.99
9407.56,-10908.99 9532.23,-10863.26
9532.23,-10863.26 9644.48,-10807.8
9116.3,-10270.54 9107.27,-10245.8
8702.37,-10293.61 8712.62,-10318.93
8712.62,-10318.93 8731.25,-10342.2
8731.25,-10342.2 8757.35,-10362.54
9977.82,-10378.07 9976.92,-10352.57
9976.92,-10352.57 9961.4,-10269.27
9961.4,-10269.27 9927.05,-10188.14
9927.05,-10188.14 9874.7,-10110.95
9874.7,-10110.95 9805.55,-10039.5
9805.55,-10039.5 9721.13,-9975.35
9690.74,-10347.89 9689.39,-10321.54
9689.39,-10321.54 9673.96,-10255.06
8185.16,-10420.56 8215.45,-10484.11
8215.45,-10484.11 8262.03,-10544.17
8262.03,-10544.17 8323.77,-10599.32
9644.33,-10501.22 9676.12,-10434.89
9676.12,-10434.89 9690.07,-10366.67
9690.07,-10366.67 9690.74,-10348.25
8171.26,-10337.62 8171.88,-10355.1
8171.88,-10355.1 8185.16,-10420.56
9105.57,-10322.58 9115.48,-10298.8
9115.48,-10298.8 9117.36,-10282.59
8708.87,-10242.03 8701.1,-10267.82
8701.1,-10267.82 8700.53,-10277
9599.92,-10558.21 9644.33,-10501.22
8221.98,-10180.39 8189.07,-10243.3
8189.07,-10243.3 8172.94,-10308.37
8172.94,-10308.37 8171.26,-10337.32
9062.32,-10364.04 9087.61,-10344.61
9087.61,-10344.61 9105.57,-10322.58
8152.22,-10854.59 8145.42,-10857.77
8145.42,-10857.77 8131.37,-10863.82
8782.48,-10176.92 8750.36,-10195.58
8750.36,-10195.58 8725.5,-10217.59
8725.5,-10217.59 8708.87,-10242.03
8412.12,-10018.46 8334.74,-10066.69
8334.74,-10066.69 8270.9,-10121.08
8270.9,-10121.08 8221.98,-10180.39
8153.78,-9954.15 8060.36,-10020.22
8060.36,-10020.22 7983.28,-10092.82
7983.28,-10092.82 7924.46,-10169.69
7867.36,-10429.29 7862.48,-10374.61
8076.84,-10741.63 7996.17,-10670.8
7996.17,-10670.8 7933.6,-10594.12
7933.6,-10594.12 7890.36,-10513.1
7890.36,-10513.1 7867.36,-10429.29
9920.77,-10531.28 9883.41,-10598.52
9883.41,-10598.52 9821.29,-10674.47
9821.29,-10674.47 9741.12,-10744.7
9741.12,-10744.7 9644.48,-10807.8
8175.63,-10806.62 8165.99,-10816.71
8701.77,-10752.02 8818.12,-10767.8
8818.12,-10767.8 8937.15,-10773.15
8937.15,-10773.15 9056.11,-10767.95
9056.11,-10767.95 9172.25,-10752.34
9172.25,-10752.34 9282.88,-10726.68
8395.28,-10646.6 8487.84,-10690.74
8487.84,-10690.74 8590.81,-10726.14
8590.81,-10726.14 8701.77,-10752.02
9282.88,-10726.68 9385.42,-10691.57
9385.42,-10691.57 9477.46,-10647.84
9477.46,-10647.84 9556.87,-10596.51
9556.87,-10596.51 9599.92,-10558.21
9511.41,-16220.7 9968.22,-16484.43
9501.96,-16097.19 9501.96,-16204.33
9977.67,-16478.98 9977.67,-16345.2
9501.96,-16204.33 9511.41,-16220.7
9968.22,-16484.43 9977.67,-16478.98
7861.96,-15144.22 7861.96,-15251.33
8337.67,-15525.98 8337.67,-15418.87
7871.41,-15267.7 8328.22,-15531.43
7861.96,-15251.33 7871.41,-15267.7
8328.22,-15531.43 8337.67,-15525.98
13111.59,-10689.13 13991.38,-10181.18
13991.38,-10181.18 14598.46,-9830.69
13107.96,-10954.3 13107.96,-10698.29
13115.01,-15462.94 13115.01,-10958.81
13329.12,-11633.59 13329.12,-13524.87
13329.12,-15284.01 13329.12,-13529.06
13329.12,-13524.87 13329.12,-13529.06
13329.12,-11633.59 13329.12,-11611.4
13329.12,-11611.4 13329.73,-11082.77
15910.32,-17076.78 16242.22,-17076.78
13671.46,-13614.13 13671.46,-13521.94
13671.46,-13516.76 13671.46,-13521.94
13671.46,-13516.76 13675.69,-13514.61
13117.42,-15466.3 13158.07,-15489.77
15863.86,-17051.92 15904.52,-17075.39
15860.65,-17019.9 15836.76,-17006.1
13196.78,-15481.95 13237.43,-15505.41
13247.76,-15505.23 15827.02,-16994.33
13907.34,-13743.19 13907.34,-13651.14
13902.3,-13747.4 13907.34,-13743.19
16249.76,-12568.3 17738.14,-11708.92
13329.12,-15284.01 15689.12,-16646.53
15735.14,-16646.56 15860.65,-16719.02
17590.01,-12600.98 17590.27,-12600.88
15574.26,-16120.67 13445.25,-14891.51
15103.7,-14343.65 15103.7,-14441.02
17569.9,-12607.45 16382.23,-13292.28
16291.9,-13350.4 16354.48,-13314.35
17590.27,-12600.88 17650.75,-12565.96
15339.59,-14570.22 15339.59,-14478.03
15103.7,-14343.65 15107.94,-14341.5
13173.56,-15489.77 13187.11,-15481.95
15334.54,-14574.29 15338.88,-14571.79
17590.01,-13536.84 17590.27,-13536.74
15574.26,-15134.53 13445.25,-13905.37
17672.54,-16244.02 17658.99,-16236.2
15860.65,-17047.45 15860.65,-12543.97
16374.59,-14233.79 16382.23,-14228.13
17569.9,-13542.45 16382.23,-14228.14
16291.9,-14286.35 16354.48,-14250.21
17590.27,-13536.74 17650.75,-13501.82
15860.65,-14984.45 13333.23,-13525.28
13898.87,-13745.43 13902.3,-13747.4
15331.12,-14572.31 15334.54,-14574.29
13671.46,-13614.13 13898.87,-13745.43
15103.7,-14441.02 15331.12,-14572.31
13675.69,-13514.61 13904.92,-13646.95
15107.94,-14341.5 15337.17,-14473.84
15574.26,-14571.61 13445.25,-13342.45
16291.9,-12543.97 16291.9,-17047.45
16383.53,-16953.03 16383.53,-16571.24
16459.82,-16527.3 16459.82,-13247.54
16374.59,-15052.32 16382.23,-15046.66
16354.7,-15068.59 16354.48,-15068.74
17569.9,-14361.45 16382.23,-15046.67
16291.9,-15104.88 16354.48,-15068.74
17590.9,-14355.45 17649.84,-14320.88
16992.07,-16220.79 16992.07,-12940.64
17590.01,-15173.9 17590.27,-15173.79
13445.25,-12289.26 15574.26,-13518.42
16354.7,-15887.12 16354.48,-15887.27
17569.9,-15179.45 16381.9,-15865.45
16291.9,-15923.4 16354.48,-15887.27
17590.27,-15173.79 17649.61,-15139.53
15860.65,-13087.62 13333.83,-11628.76
17524.32,-15914.27 17524.32,-12633.73
17593.67,-15878.62 17593.67,-16251
17731.08,-11713.06 17731.08,-16217.19
17738.14,-11643.93 17738.14,-11708.92
17738.13,-11452.54 17738.14,-11643.93
16374.59,-16577.63 16382.25,-16571.97
16354.7,-16593.9 16354.48,-16594.06
17570.9,-15887.45 16382.23,-16571.98
16291.9,-16630.23 16354.48,-16594.06
17590.27,-15880.58 17649.42,-15846.43
17590.01,-15880.69 17590.27,-15880.58
13107.96,-10954.3 15902.79,-12568.3
17649.31,-16236.2 17608.67,-16259.66
16291.9,-17019.9 16371.43,-16973.98
16248.03,-17075.39 16288.69,-17051.92
17688.02,-16244.02 17728.68,-16220.54
15902.79,-12568.3 16249.76,-12568.3
14941.18,-9830.69 17734.5,-11443.38
14598.77,-9830.18 14941.18,-9830.69
17570.9,-15887.45 17590.01,-15880.69
16354.7,-16593.9 16364.34,-16585.79
16364.34,-16585.79 16374.59,-16577.63
17569.9,-15179.45 17590.01,-15173.9
16354.7,-15887.12 16381.9,-15865.45
16354.7,-15068.59 16364.34,-15060.47
16364.34,-15060.47 16374.59,-15052.32
17569.9,-14361.45 17590.9,-14355.45
16354.7,-14250.06 16364.34,-14241.94
16364.34,-14241.94 16374.59,-14233.79
17569.9,-13542.45 17573.65,-13541.35
17573.65,-13541.35 17581.89,-13538.97
17581.89,-13538.97 17590.01,-13536.84
16354.7,-13314.2 16364.34,-13306.08
16364.34,-13306.08 16374.59,-13297.93
17569.9,-12607.45 17573.65,-12605.49
17573.65,-12605.49 17581.89,-12603.1
17581.89,-12603.1 17590.01,-12600.98
16374.59,-13297.93 16382.23,-13292.28
17672.54,-16244.02 17681.87,-16246.13
17681.87,-16246.13 17688.02,-16244.02
17728.68,-16220.54 17731.08,-16217.19
17658.99,-16236.2 17649.31,-16236.2
17608.67,-16259.66 17596.57,-16252.68
17596.57,-16252.68 17593.67,-16251
17734.5,-11443.38 17738.13,-11452.54
13111.59,-10689.13 13107.96,-10698.29
15337.17,-14473.84 15339.59,-14478.03
13904.92,-13646.95 13907.34,-13651.14
13115.01,-15462.94 13117.42,-15466.3
13158.07,-15489.77 13173.56,-15489.77
13187.11,-15481.95 13196.78,-15481.95
13237.43,-15505.41 13247.76,-15505.23
15860.65,-17047.45 15863.86,-17051.92
15904.52,-17075.39 15910.32,-17076.78
16242.22,-17076.78 16248.03,-17075.39
16288.69,-17051.92 16291.9,-17047.45
16371.43,-16973.98 16383.53,-16953.03
15836.76,-17006.1 15827.02,-16994.33
15689.12,-16646.53 15735.14,-16646.56
15338.88,-14571.79 15339.59,-14570.22
15550.16,-11086.36 15443.14,-11143.84
16402.48,-11392.21 16985.31,-11148.33
16058.46,-11558.27 16034.95,-11575.6
16034.95,-11575.6 15464.99,-11996.31
17021.79,-11127.24 16985.5,-11148.19
15409.98,-12057.81 15373.69,-12078.76
15455.35,-12036.26 15441.59,-12044.27
15410.18,-12057.72 15409.98,-12057.81
15420.73,-12053.5 15410.18,-12057.72
15213.82,-11359.38 15174.49,-11438.02
16985.31,-11148.33 16985.5,-11148.19
15174.49,-11438.02 15155.3,-11512.76
15155.3,-11512.79 15151.84,-11562.55
15151.84,-11562.25 15155.28,-11513.16
15155.3,-11512.79 15155.3,-11512.77
15151.84,-11562.55 15151.84,-11562.25
15199.61,-11428.41 15199.43,-11460.87
15455.35,-12006.4 15455.35,-12036.26
17231.1,-11725.68 17253.39,-11666.37
16406.72,-11472.34 16405.66,-11460.22
16480.6,-12215.69 16481.15,-12234.73
16474.14,-12167.88 16475.81,-12205.03
17253.39,-11666.37 17265.56,-11601.81
15989.89,-11466.69 15991.73,-11483.3
16481.15,-12234.73 16481.25,-12235.17
17267.18,-11567.5 17267.18,-11567.76
17219.05,-11741.12 17218.98,-11775.74
17265.56,-11601.81 17267.18,-11567.5
16481.25,-12235.17 16494.53,-12263.79
16475.81,-12205.03 16480.6,-12215.69
15932.08,-10975.12 15924.13,-10958
16250.38,-11587.81 16467.15,-12149.75
16467.15,-12149.75 16474.14,-12167.88
15366.93,-11931.8 15464.99,-11996.31
16152.09,-11342.34 15932.08,-10975.12
15990.46,-11457.51 15199.61,-11428.41
15129.16,-11454.84 15141.51,-11455.62
15141.51,-11455.62 15156.27,-11456.96
15079.55,-11447.17 15129.13,-11454.84
17281.34,-11787.78 17330.91,-11795.45
15199.43,-11460.87 15171.43,-11459.12
15166.7,-11458.26 15156.27,-11456.96
17218.98,-11775.74 17251.08,-11780.7
16116.63,-11581.35 16157.52,-11589.03
17281.31,-11787.77 17281.34,-11787.78
17270.75,-11784.99 17281.31,-11787.77
16391.79,-11516.11 16426.15,-11525.45
16426.15,-11525.45 17202.05,-11736.49
17202.05,-11736.49 17219.05,-11741.12
17267.18,-11566.65 17267.18,-11566.89
17267.18,-11566.89 17267.18,-11567.5
15151.84,-11564.29 15151.84,-11563.28
15151.84,-11563.28 15151.84,-11562.97
15151.84,-11562.97 15151.84,-11562.55
17267.18,-11567.76 17267.18,-11568.49
17267.18,-11568.49 17267.18,-11568.73
16520.2,-10987.35 16372.11,-10967.09
16372.11,-10967.09 16222.15,-10958.13
16222.15,-10958.13 16073.9,-10960.78
16073.9,-10960.78 15930.42,-10975.29
15930.42,-10975.29 15794.38,-11001.66
15794.38,-11001.66 15667.43,-11038.93
15667.43,-11038.93 15550.16,-11086.36
16818.62,-11263.65 16741.29,-11214.05
16741.29,-11214.05 16652.15,-11171.81
16652.15,-11171.81 16553.26,-11137.86
16553.26,-11137.86 16446.89,-11112.92
16446.89,-11112.92 16335.43,-11097.51
16335.43,-11097.51 16221.4,-11091.97
16221.4,-11091.97 16107.38,-11096.39
16107.38,-11096.39 15995.93,-11110.65
15995.93,-11110.65 15889.55,-11134.43
15889.55,-11134.43 15790.64,-11167.18
15790.64,-11167.18 15701.48,-11208.15
17010.49,-11165.04 16911.26,-11108.82
16911.26,-11108.82 16795.12,-11059.72
16795.12,-11059.72 16662.77,-11018.52
16662.77,-11018.52 16520.2,-10987.35
16402.48,-11392.21 16370.3,-11371.8
16370.3,-11371.8 16332.11,-11355.67
16332.11,-11355.67 16289.48,-11344.37
16289.48,-11344.37 16244.13,-11338.28
16244.13,-11338.28 16197.86,-11337.57
16197.86,-11337.57 16152.52,-11342.24
16152.52,-11342.24 16109.94,-11352.06
16109.94,-11352.06 16071.84,-11366.6
16046.71,-11552.23 16079.16,-11568.92
16079.16,-11568.92 16116.63,-11581.35
17251.06,-11780.7 17257.75,-11781.99
17257.75,-11781.99 17270.75,-11784.99
16157.52,-11589.03 16200.06,-11591.69
16200.06,-11591.69 16242.43,-11589.26
16242.43,-11589.26 16282.93,-11581.87
16282.93,-11581.87 16319.92,-11569.82
16319.92,-11569.82 16351.68,-11553.73
16963.32,-11444.75 16930.93,-11380.33
16930.93,-11380.33 16882.33,-11319.5
16882.33,-11319.5 16818.62,-11263.65
15837.77,-12133.45 15979.88,-12157.4
15979.88,-12157.4 16126.32,-12169.51
16126.32,-12169.51 16274.16,-12169.56
16274.16,-12169.56 16420.46,-12157.57
15613.13,-11789.01 15688.56,-11837.99
15464.99,-11996.31 15577.72,-12052.12
15577.72,-12052.12 15702.82,-12098.14
15702.82,-12098.14 15837.77,-12133.45
16420.46,-12157.57 16562.32,-12133.79
16562.32,-12133.79 16696.92,-12098.68
16696.92,-12098.68 16821.6,-12052.94
16821.6,-12052.94 16933.84,-11997.49
16405.66,-11460.22 16396.63,-11435.49
15991.73,-11483.3 16001.98,-11508.62
16001.98,-11508.62 16020.62,-11531.89
16020.62,-11531.89 16046.71,-11552.23
17267.18,-11567.76 17266.29,-11542.26
17266.29,-11542.26 17250.76,-11458.96
17250.76,-11458.96 17216.41,-11377.82
17216.41,-11377.82 17164.06,-11300.64
17164.06,-11300.64 17094.91,-11229.18
17094.91,-11229.18 17010.49,-11165.04
16980.1,-11537.57 16978.75,-11511.23
16978.75,-11511.23 16963.32,-11444.75
15474.52,-11610.24 15504.81,-11673.79
15504.81,-11673.79 15551.39,-11733.86
15551.39,-11733.86 15613.13,-11789.01
16933.69,-11690.91 16965.48,-11624.57
16965.48,-11624.57 16979.43,-11556.35
16979.43,-11556.35 16980.1,-11537.94
15460.62,-11527.31 15461.24,-11544.78
15461.24,-11544.78 15474.52,-11610.24
16394.93,-11512.26 16404.84,-11488.48
16404.84,-11488.48 16406.72,-11472.28
15998.23,-11431.72 15990.46,-11457.51
15990.46,-11457.51 15989.89,-11466.69
16889.29,-11747.9 16933.69,-11690.91
15511.34,-11370.07 15478.44,-11432.99
15478.44,-11432.99 15462.3,-11498.05
15462.3,-11498.05 15460.62,-11527.01
16351.68,-11553.73 16376.97,-11534.3
16376.97,-11534.3 16394.93,-11512.26
15441.59,-12044.27 15434.78,-12047.46
15434.78,-12047.46 15420.73,-12053.5
16071.84,-11366.6 16039.73,-11385.26
16039.73,-11385.26 16014.86,-11407.27
16014.86,-11407.27 15998.23,-11431.72
15701.48,-11208.15 15624.1,-11256.38
15624.1,-11256.38 15560.26,-11310.76
15560.26,-11310.76 15511.34,-11370.07
15443.14,-11143.84 15349.73,-11209.91
15349.73,-11209.91 15272.65,-11282.51
15272.65,-11282.51 15213.82,-11359.38
15156.72,-11618.97 15151.84,-11564.29
15366.2,-11931.32 15285.53,-11860.48
15285.53,-11860.48 15222.96,-11783.81
15222.96,-11783.81 15179.72,-11702.79
15179.72,-11702.79 15156.72,-11618.97
17210.14,-11720.96 17172.77,-11788.21
17172.77,-11788.21 17110.65,-11864.16
17110.65,-11864.16 17030.48,-11934.39
17030.48,-11934.39 16933.84,-11997.49
15464.99,-11996.31 15455.35,-12006.4
15991.13,-11941.71 16107.48,-11957.49
16107.48,-11957.49 16226.51,-11962.83
16226.51,-11962.83 16345.48,-11957.63
16345.48,-11957.63 16461.61,-11942.02
16461.61,-11942.02 16572.24,-11916.37
15684.64,-11836.29 15777.2,-11880.42
15777.2,-11880.42 15880.17,-11915.83
15880.17,-11915.83 15991.13,-11941.71
16572.24,-11916.37 16674.78,-11881.26
16674.78,-11881.26 16766.83,-11837.53
16766.83,-11837.53 16846.23,-11786.19
16846.23,-11786.19 16889.29,-11747.9
14004.8,-10199.03 13897.78,-10256.5
14857.12,-10504.87 15439.94,-10261
14513.1,-10670.93 14489.59,-10688.27
14489.59,-10688.27 13919.63,-11108.97
15476.43,-10239.9 15440.14,-10260.85
13864.62,-11170.47 13828.33,-11191.43
13909.99,-11148.92 13896.22,-11156.93
13875.37,-11166.17 13864.82,-11170.38
13668.46,-10472.04 13629.13,-10550.69
15439.94,-10261 15440.14,-10260.85
13629.13,-10550.69 13609.94,-10625.43
13609.94,-10625.46 13606.48,-10675.22
13606.48,-10674.92 13609.91,-10625.82
13606.48,-10675.22 13606.48,-10674.92
13654.25,-10541.08 13654.07,-10573.53
13909.99,-11119.06 13909.99,-11148.92
15685.73,-10838.35 15708.03,-10779.03
14861.36,-10585 14860.3,-10572.89
14935.24,-11328.36 14935.79,-11347.39
14928.78,-11280.54 14930.45,-11317.69
15708.03,-10779.03 15720.2,-10714.47
14444.53,-10579.36 14446.37,-10595.96
14258.18,-10026.36 14258.08,-10025.92
14935.79,-11347.39 14935.89,-11347.83
15721.82,-10680.17 15721.82,-10680.42
15673.69,-10853.78 15673.62,-10888.4
15720.2,-10714.47 15721.82,-10680.17
14935.89,-11347.83 14949.17,-11376.46
14930.45,-11317.69 14935.24,-11328.36
14386.72,-10087.79 14378.77,-10070.66
14705.02,-10700.47 14921.79,-11262.41
14921.79,-11262.41 14928.78,-11280.54
13821.56,-11044.46 13919.63,-11108.97
14606.72,-10455 14386.72,-10087.79
14445.1,-10570.17 13654.25,-10541.08
13583.8,-10567.51 13596.15,-10568.28
13596.15,-10568.28 13610.91,-10569.62
13534.19,-10559.84 13583.77,-10567.5
15735.98,-10900.44 15785.55,-10908.11
13654.07,-10573.53 13626.07,-10571.78
13621.34,-10570.92 13610.91,-10569.62
15673.62,-10888.4 15705.72,-10893.37
15705.7,-10893.36 15705.72,-10893.37
14571.27,-10694.01 14612.16,-10701.69
15735.95,-10900.44 15735.98,-10900.44
15725.39,-10897.65 15735.95,-10900.44
14846.43,-10628.77 14880.79,-10638.12
14880.79,-10638.12 15656.69,-10849.16
15656.69,-10849.16 15673.69,-10853.78
15721.82,-10679.31 15721.82,-10679.56
15721.82,-10679.56 15721.82,-10680.17
13606.48,-10676.96 13606.48,-10675.94
13606.48,-10675.94 13606.48,-10675.64
13606.48,-10675.64 13606.48,-10675.22
15721.82,-10680.42 15721.82,-10681.15
15721.82,-10681.15 15721.82,-10681.39
14974.84,-10100.02 14826.75,-10079.75
14826.75,-10079.75 14676.79,-10070.79
14676.79,-10070.79 14528.53,-10073.44
14528.53,-10073.44 14385.06,-10087.95
14385.06,-10087.95 14249.02,-10114.32
14249.02,-10114.32 14122.07,-10151.59
14122.07,-10151.59 14004.8,-10199.03
15273.26,-10376.32 15195.93,-10326.72
15195.93,-10326.72 15106.79,-10284.47
15106.79,-10284.47 15007.9,-10250.52
15007.9,-10250.52 14901.53,-10225.58
14901.53,-10225.58 14790.07,-10210.18
14790.07,-10210.18 14676.04,-10204.63
14676.04,-10204.63 14562.02,-10209.05
14562.02,-10209.05 14450.57,-10223.31
14450.57,-10223.31 14344.19,-10247.09
14344.19,-10247.09 14245.28,-10279.84
14245.28,-10279.84 14156.12,-10320.81
15465.13,-10277.7 15365.9,-10221.48
15365.9,-10221.48 15249.76,-10172.38
15249.76,-10172.38 15117.4,-10131.18
15117.4,-10131.18 14974.84,-10100.02
14857.12,-10504.87 14824.94,-10484.46
14824.94,-10484.46 14786.75,-10468.33
14786.75,-10468.33 14744.12,-10457.04
14744.12,-10457.04 14698.77,-10450.94
14698.77,-10450.94 14652.49,-10450.24
14652.49,-10450.24 14607.16,-10454.9
14607.16,-10454.9 14564.58,-10464.72
14564.58,-10464.72 14526.48,-10479.27
14501.35,-10664.89 14533.8,-10681.58
14533.8,-10681.58 14571.27,-10694.01
15705.7,-10893.36 15712.39,-10894.66
15712.39,-10894.66 15725.39,-10897.65
14612.16,-10701.69 14654.7,-10704.35
14654.7,-10704.35 14697.07,-10701.92
14697.07,-10701.92 14737.57,-10694.53
14737.57,-10694.53 14774.56,-10682.49
14774.56,-10682.49 14806.32,-10666.39
15417.96,-10557.41 15385.57,-10492.99
15385.57,-10492.99 15336.97,-10432.16
15336.97,-10432.16 15273.26,-10376.32
14292.41,-11246.12 14434.52,-11270.06
14434.52,-11270.06 14580.96,-11282.17
14580.96,-11282.17 14728.8,-11282.23
14728.8,-11282.23 14875.1,-11270.24
14067.77,-10901.67 14143.2,-10950.65
13919.63,-11108.97 14032.36,-11164.78
14032.36,-11164.78 14157.46,-11210.8
14157.46,-11210.8 14292.41,-11246.12
14875.1,-11270.24 15016.96,-11246.45
15016.96,-11246.45 15151.56,-11211.34
15151.56,-11211.34 15276.23,-11165.61
15276.23,-11165.61 15388.48,-11110.15
14860.3,-10572.89 14851.27,-10548.15
14446.37,-10595.96 14456.62,-10621.28
14456.62,-10621.28 14475.25,-10644.55
14475.25,-10644.55 14501.35,-10664.89
15721.82,-10680.42 15720.92,-10654.92
15720.92,-10654.92 15705.4,-10571.62
15705.4,-10571.62 15671.05,-10490.49
15671.05,-10490.49 15618.7,-10413.3
15618.7,-10413.3 15549.55,-10341.85
15549.55,-10341.85 15465.13,-10277.7
15434.74,-10650.24 15433.39,-10623.89
15433.39,-10623.89 15417.96,-10557.41
13929.16,-10722.91 13959.45,-10786.46
13959.45,-10786.46 14006.03,-10846.52
14006.03,-10846.52 14067.77,-10901.67
15388.33,-10803.57 15420.12,-10737.24
15420.12,-10737.24 15434.07,-10669.02
15434.07,-10669.02 15434.74,-10650.6
13915.26,-10639.97 13915.88,-10657.45
13915.88,-10657.45 13929.16,-10722.91
14849.57,-10624.92 14859.48,-10601.14
14859.48,-10601.14 14861.36,-10584.94
14452.87,-10544.38 14445.1,-10570.17
14445.1,-10570.17 14444.53,-10579.35
15343.92,-10860.56 15388.33,-10803.57
13965.98,-10482.74 13933.07,-10545.65
13933.07,-10545.65 13916.94,-10610.72
13916.94,-10610.72 13915.26,-10639.67
14806.32,-10666.39 14831.61,-10646.96
14831.61,-10646.96 14849.57,-10624.92
13896.22,-11156.93 13889.42,-11160.12
13889.42,-11160.12 13875.37,-11166.17
14526.48,-10479.27 14494.36,-10497.93
14494.36,-10497.93 14469.5,-10519.94
14469.5,-10519.94 14452.87,-10544.38
14156.12,-10320.81 14078.74,-10369.04
14078.74,-10369.04 14014.9,-10423.43
14014.9,-10423.43 13965.98,-10482.74
13897.78,-10256.5 13804.36,-10322.57
13804.36,-10322.57 13727.28,-10395.17
13727.28,-10395.17 13668.46,-10472.04
13611.36,-10731.64 13606.48,-10676.96
13820.84,-11043.98 13740.17,-10973.14
13740.17,-10973.14 13677.6,-10896.47
13677.6,-10896.47 13634.36,-10815.45
13634.36,-10815.45 13611.36,-10731.64
15664.77,-10833.63 15627.41,-10900.87
15627.41,-10900.87 15565.29,-10976.82
15565.29,-10976.82 15485.12,-11047.05
15485.12,-11047.05 15388.48,-11110.15
13919.63,-11108.97 13909.99,-11119.06
14445.77,-11054.37 14562.12,-11070.15
14562.12,-11070.15 14681.15,-11075.5
14681.15,-11075.5 14800.11,-11070.3
14800.11,-11070.3 14916.25,-11054.68
14916.25,-11054.68 15026.88,-11029.03
14139.28,-10948.95 14231.84,-10993.09
14231.84,-10993.09 14334.81,-11028.49
14334.81,-11028.49 14445.77,-11054.37
15026.88,-11029.03 15129.42,-10993.92
15129.42,-10993.92 15221.46,-10950.19
15221.46,-10950.19 15300.87,-10898.85
15300.87,-10898.85 15343.92,-10860.56
15255.41,-16523.05 15712.22,-16786.78
15245.96,-16399.54 15245.96,-16506.68
15721.67,-16781.33 15721.67,-16647.55
15245.96,-16506.68 15255.41,-16523.05
15712.22,-16786.78 15721.67,-16781.33
13605.96,-15446.57 13605.96,-15553.68
14081.67,-15828.33 14081.67,-15721.22
13615.41,-15570.05 14072.22,-15833.78
13605.96,-15553.68 13615.41,-15570.05
14072.22,-15833.78 14081.67,-15828.33
15483.81,-16654.91 15483.81,-18389.78
18899.59,-11304.13 19779.38,-10796.18
19779.38,-10796.18 20386.46,-10445.69
18895.96,-11569.3 18895.96,-11313.29
18903.01,-16077.94 18903.01,-11573.81
19117.12,-12248.59 19117.12,-14139.87
19117.12,-15899.01 19117.12,-14144.06
19117.12,-14139.87 19117.12,-14144.06
19117.12,-12248.59 19117.12,-12226.4
19117.12,-12226.4 19117.73,-11697.77
21698.32,-17691.78 22030.22,-17691.78
19459.46,-14229.13 19459.46,-14136.94
19459.46,-14131.76 19459.46,-14136.94
19459.46,-14131.76 19463.69,-14129.61
18905.42,-16081.3 18946.07,-16104.77
21651.86,-17666.92 21692.52,-17690.39
21648.65,-17634.9 21624.76,-17621.1
18984.78,-16096.95 19025.43,-16120.41
19035.76,-16120.23 21615.02,-17609.33
19695.34,-14358.19 19695.34,-14266.14
19690.3,-14362.4 19695.34,-14358.19
22037.76,-13183.3 23526.13,-12323.92
19117.12,-15899.01 21477.12,-17261.53
21523.14,-17261.56 21648.65,-17334.02
23378.01,-13215.98 23378.27,-13215.88
21362.26,-16735.67 19233.25,-15506.51
20891.7,-14958.65 20891.7,-15056.02
23357.9,-13222.45 22170.23,-13907.28
22079.9,-13965.4 22142.48,-13929.35
23378.27,-13215.88 23438.75,-13180.96
21127.59,-15185.22 21127.59,-15093.03
20891.7,-14958.65 20895.94,-14956.5
18961.56,-16104.77 18975.11,-16096.95
21122.54,-15189.29 21126.88,-15186.79
23378.01,-14151.84 23378.27,-14151.74
21362.26,-15749.53 19233.25,-14520.37
23460.54,-16859.02 23446.99,-16851.2
21648.65,-17662.45 21648.65,-13158.97
22162.59,-14848.79 22170.23,-14843.13
23357.9,-14157.45 22170.23,-14843.14
22079.9,-14901.35 22142.48,-14865.21
23378.27,-14151.74 23438.75,-14116.82
21648.65,-15599.45 19121.23,-14140.28
19686.87,-14360.43 19690.3,-14362.4
21119.12,-15187.31 21122.54,-15189.29
19459.46,-14229.13 19686.87,-14360.43
20891.7,-15056.02 21119.12,-15187.31
19463.69,-14129.61 19692.92,-14261.95
20895.94,-14956.5 21125.17,-15088.84
21362.26,-15186.61 19233.25,-13957.45
22079.9,-13158.97 22079.9,-17662.45
22171.53,-17568.03 22171.53,-17186.24
22247.82,-17142.3 22247.82,-13862.54
22162.59,-15667.32 22170.23,-15661.66
22142.7,-15683.59 22142.48,-15683.74
23357.9,-14976.45 22170.23,-15661.67
22079.9,-15719.88 22142.48,-15683.74
23378.9,-14970.45 23437.84,-14935.88
22780.07,-16835.79 22780.07,-13555.64
23378.01,-15788.9 23378.27,-15788.79
19233.25,-12904.26 21362.26,-14133.42
22142.7,-16502.12 22142.48,-16502.27
23357.9,-15794.45 22169.9,-16480.45
22079.9,-16538.4 22142.48,-16502.27
23378.27,-15788.79 23437.61,-15754.53
21648.65,-13702.62 19121.83,-12243.76
23312.32,-16529.27 23312.32,-13248.73
23381.67,-16493.62 23381.67,-16866
23519.08,-12328.06 23519.08,-16832.19
23526.13,-12258.93 23526.13,-12323.92
23526.13,-12067.54 23526.13,-12258.93
22162.59,-17192.63 22170.25,-17186.97
22142.7,-17208.9 22142.48,-17209.06
23358.9,-16502.45 22170.23,-17186.98
22079.9,-17245.23 22142.48,-17209.06
23378.27,-16495.58 23437.42,-16461.43
23378.01,-16495.69 23378.27,-16495.58
18895.96,-11569.3 21690.79,-13183.3
23437.31,-16851.2 23396.67,-16874.66
22079.9,-17634.9 22159.43,-17588.98
22036.03,-17690.39 22076.69,-17666.92
23476.02,-16859.02 23516.68,-16835.54
21690.79,-13183.3 22037.76,-13183.3
20729.18,-10445.69 23522.5,-12058.38
20386.77,-10445.18 20729.18,-10445.69
23358.9,-16502.45 23378.01,-16495.69
22142.7,-17208.9 22152.34,-17200.79
22152.34,-17200.79 22162.59,-17192.63
23357.9,-15794.45 23378.01,-15788.9
22142.7,-16502.12 22169.9,-16480.45
22142.7,-15683.59 22152.34,-15675.47
22152.34,-15675.47 22162.59,-15667.32
23357.9,-14976.45 23378.9,-14970.45
22142.7,-14865.06 22152.34,-14856.94
22152.34,-14856.94 22162.59,-14848.79
23357.9,-14157.45 23361.65,-14156.35
23361.65,-14156.35 23369.89,-14153.97
23369.89,-14153.97 23378.01,-14151.84
22142.7,-13929.2 22152.34,-13921.08
22152.34,-13921.08 22162.59,-13912.93
23357.9,-13222.45 23361.65,-13220.49
23361.65,-13220.49 23369.89,-13218.1
23369.89,-13218.1 23378.01,-13215.98
22162.59,-13912.93 22170.23,-13907.28
23460.54,-16859.02 23469.87,-16861.13
23469.87,-16861.13 23476.02,-16859.02
23516.68,-16835.54 23519.08,-16832.19
23446.99,-16851.2 23437.31,-16851.2
23396.67,-16874.66 23384.57,-16867.68
23384.57,-16867.68 23381.67,-16866
23522.5,-12058.38 23526.13,-12067.54
18899.59,-11304.13 18895.96,-11313.29
21125.17,-15088.84 21127.59,-15093.03
19692.92,-14261.95 19695.34,-14266.14
18903.01,-16077.94 18905.42,-16081.3
18946.07,-16104.77 18961.56,-16104.77
18975.11,-16096.95 18984.78,-16096.95
19025.43,-16120.41 19035.76,-16120.23
21648.65,-17662.45 21651.86,-17666.92
21692.52,-17690.39 21698.32,-17691.78
22030.22,-17691.78 22036.03,-17690.39
22076.69,-17666.92 22079.9,-17662.45
22159.43,-17588.98 22171.53,-17568.03
21624.76,-17621.1 21615.02,-17609.33
21477.12,-17261.53 21523.14,-17261.56
21126.88,-15186.79 21127.59,-15185.22
21338.16,-11701.36 21231.14,-11758.84
22190.48,-12007.21 22773.3,-11763.33
21846.46,-12173.27 21822.95,-12190.6
21822.95,-12190.6 21252.99,-12611.31
22809.79,-11742.24 22773.5,-11763.19
21197.98,-12672.81 21161.69,-12693.76
21243.35,-12651.26 21229.59,-12659.27
21198.18,-12672.72 21197.98,-12672.81
21208.73,-12668.5 21198.18,-12672.72
21001.82,-11974.38 20962.49,-12053.02
22773.3,-11763.33 22773.5,-11763.19
20962.49,-12053.02 20943.3,-12127.76
20943.3,-12127.79 20939.84,-12177.55
20939.84,-12177.25 20943.28,-12128.16
20943.3,-12127.79 20943.3,-12127.77
20939.84,-12177.55 20939.84,-12177.25
20987.61,-12043.41 20987.43,-12075.87
21243.35,-12621.4 21243.35,-12651.26
23019.1,-12340.68 23041.39,-12281.37
22194.72,-12087.34 22193.66,-12075.22
22268.6,-12830.69 22269.15,-12849.73
22262.14,-12782.88 22263.81,-12820.03
23041.39,-12281.37 23053.56,-12216.81
21777.89,-12081.69 21779.73,-12098.3
22269.15,-12849.73 22269.25,-12850.17
23055.18,-12182.5 23055.18,-12182.76
23007.05,-12356.12 23006.98,-12390.74
23053.56,-12216.81 23055.18,-12182.5
22269.25,-12850.17 22282.53,-12878.79
22263.81,-12820.03 22268.6,-12830.69
21720.08,-11590.12 21712.13,-11573
22038.38,-12202.81 22255.15,-12764.75
22255.15,-12764.75 22262.14,-12782.88
21154.93,-12546.8 21252.99,-12611.31
21940.09,-11957.34 21720.08,-11590.12
21778.46,-12072.51 20987.61,-12043.41
20917.16,-12069.84 20929.51,-12070.61
20929.51,-12070.61 20944.27,-12071.96
20867.55,-12062.17 20917.13,-12069.84
23069.34,-12402.78 23118.91,-12410.45
20987.43,-12075.87 20959.43,-12074.12
20954.7,-12073.26 20944.27,-12071.96
23006.98,-12390.74 23039.08,-12395.7
21904.63,-12196.34 21945.52,-12204.03
23069.31,-12402.77 23069.34,-12402.78
23058.75,-12399.99 23069.31,-12402.77
22179.79,-12131.11 22214.15,-12140.45
22214.15,-12140.45 22990.05,-12351.49
22990.05,-12351.49 23007.05,-12356.12
23055.18,-12181.65 23055.18,-12181.89
23055.18,-12181.89 23055.18,-12182.5
20939.84,-12179.29 20939.84,-12178.28
20939.84,-12178.28 20939.84,-12177.97
20939.84,-12177.97 20939.84,-12177.55
23055.18,-12182.76 23055.18,-12183.48
23055.18,-12183.48 23055.18,-12183.73
22308.2,-11602.35 22160.11,-11582.09
22160.11,-11582.09 22010.15,-11573.13
22010.15,-11573.13 21861.89,-11575.78
21861.89,-11575.78 21718.42,-11590.29
21718.42,-11590.29 21582.38,-11616.66
21582.38,-11616.66 21455.43,-11653.93
21455.43,-11653.93 21338.16,-11701.36
22606.62,-11878.65 22529.29,-11829.05
22529.29,-11829.05 22440.15,-11786.81
22440.15,-11786.81 22341.26,-11752.86
22341.26,-11752.86 22234.89,-11727.92
22234.89,-11727.92 22123.43,-11712.51
22123.43,-11712.51 22009.4,-11706.97
22009.4,-11706.97 21895.38,-11711.39
21895.38,-11711.39 21783.93,-11725.65
21783.93,-11725.65 21677.55,-11749.43
21677.55,-11749.43 21578.64,-11782.18
21578.64,-11782.18 21489.48,-11823.15
22798.49,-11780.04 22699.26,-11723.81
22699.26,-11723.81 22583.12,-11674.72
22583.12,-11674.72 22450.77,-11633.52
22450.77,-11633.52 22308.2,-11602.35
22190.48,-12007.21 22158.3,-11986.8
22158.3,-11986.8 22120.11,-11970.67
22120.11,-11970.67 22077.48,-11959.37
22077.48,-11959.37 22032.13,-11953.28
22032.13,-11953.28 21985.86,-11952.57
21985.86,-11952.57 21940.52,-11957.24
21940.52,-11957.24 21897.94,-11967.06
21897.94,-11967.06 21859.84,-11981.6
21834.71,-12167.23 21867.16,-12183.92
21867.16,-12183.92 21904.63,-12196.34
23039.06,-12395.7 23045.75,-12396.99
23045.75,-12396.99 23058.75,-12399.99
21945.52,-12204.03 21988.06,-12206.69
21988.06,-12206.69 22030.43,-12204.26
22030.43,-12204.26 22070.93,-12196.87
22070.93,-12196.87 22107.92,-12184.82
22107.92,-12184.82 22139.68,-12168.73
22751.32,-12059.75 22718.93,-11995.33
22718.93,-11995.33 22670.33,-11934.5
22670.33,-11934.5 22606.62,-11878.65
21625.77,-12748.45 21767.88,-12772.4
21767.88,-12772.4 21914.32,-12784.51
21914.32,-12784.51 22062.16,-12784.56
22062.16,-12784.56 22208.46,-12772.57
21401.13,-12404.01 21476.56,-12452.99
21252.99,-12611.31 21365.72,-12667.12
21365.72,-12667.12 21490.82,-12713.14
21490.82,-12713.14 21625.77,-12748.45
22208.46,-12772.57 22350.32,-12748.79
22350.32,-12748.79 22484.92,-12713.68
22484.92,-12713.68 22609.6,-12667.94
22609.6,-12667.94 22721.84,-12612.49
22193.66,-12075.22 22184.63,-12050.49
21779.73,-12098.3 21789.98,-12123.62
21789.98,-12123.62 21808.62,-12146.89
21808.62,-12146.89 21834.71,-12167.23
23055.18,-12182.76 23054.29,-12157.26
23054.29,-12157.26 23038.76,-12073.96
23038.76,-12073.96 23004.41,-11992.82
23004.41,-11992.82 22952.06,-11915.64
22952.06,-11915.64 22882.91,-11844.18
22882.91,-11844.18 22798.49,-11780.04
22768.1,-12152.57 22766.75,-12126.23
22766.75,-12126.23 22751.32,-12059.75
21262.52,-12225.24 21292.81,-12288.79
21292.81,-12288.79 21339.39,-12348.86
21339.39,-12348.86 21401.13,-12404.01
22721.69,-12305.91 22753.48,-12239.57
22753.48,-12239.57 22767.43,-12171.35
22767.43,-12171.35 22768.1,-12152.93
21248.62,-12142.31 21249.24,-12159.78
21249.24,-12159.78 21262.52,-12225.24
22182.93,-12127.26 22192.84,-12103.48
22192.84,-12103.48 22194.72,-12087.28
21786.23,-12046.72 21778.46,-12072.51
21778.46,-12072.51 21777.89,-12081.69
22677.29,-12362.9 22721.69,-12305.91
21299.34,-11985.07 21266.44,-12047.99
21266.44,-12047.99 21250.3,-12113.05
21250.3,-12113.05 21248.62,-12142.01
22139.68,-12168.73 22164.97,-12149.3
22164.97,-12149.3 22182.93,-12127.26
21229.59,-12659.27 21222.78,-12662.46
21222.78,-12662.46 21208.73,-12668.5
21859.84,-11981.6 21827.73,-12000.26
21827.73,-12000.26 21802.86,-12022.27
21802.86,-12022.27 21786.23,-12046.72
21489.48,-11823.15 21412.1,-11871.38
21412.1,-11871.38 21348.26,-11925.76
21348.26,-11925.76 21299.34,-11985.07
21231.14,-11758.84 21137.73,-11824.91
21137.73,-11824.91 21060.65,-11897.51
21060.65,-11897.51 21001.82,-11974.38
20944.72,-12233.97 20939.84,-12179.29
21154.2,-12546.32 21073.53,-12475.48
21073.53,-12475.48 21010.96,-12398.81
21010.96,-12398.81 20967.72,-12317.79
20967.72,-12317.79 20944.72,-12233.97
22998.14,-12335.96 22960.77,-12403.21
22960.77,-12403.21 22898.65,-12479.16
22898.65,-12479.16 22818.48,-12549.39
22818.48,-12549.39 22721.84,-12612.49
21252.99,-12611.31 21243.35,-12621.4
21779.13,-12556.71 21895.48,-12572.49
21895.48,-12572.49 22014.51,-12577.83
22014.51,-12577.83 22133.48,-12572.63
22133.48,-12572.63 22249.61,-12557.02
22249.61,-12557.02 22360.24,-12531.37
21472.64,-12451.29 21565.2,-12495.42
21565.2,-12495.42 21668.17,-12530.83
21668.17,-12530.83 21779.13,-12556.71
22360.24,-12531.37 22462.78,-12496.26
22462.78,-12496.26 22554.83,-12452.53
22554.83,-12452.53 22634.23,-12401.19
22634.23,-12401.19 22677.29,-12362.9
19792.8,-10814.03 19685.78,-10871.5
20645.12,-11119.87 21227.94,-10876
20301.1,-11285.93 20277.59,-11303.27
20277.59,-11303.27 19707.63,-11723.97
21264.43,-10854.9 21228.14,-10875.85
19652.62,-11785.47 19616.33,-11806.43
19697.99,-11763.92 19684.22,-11771.93
19663.37,-11781.17 19652.82,-11785.38
19456.46,-11087.04 19417.13,-11165.68
21227.94,-10876 21228.14,-10875.85
19417.13,-11165.68 19397.94,-11240.43
19397.94,-11240.46 19394.48,-11290.21
19394.48,-11289.92 19397.91,-11240.82
19394.48,-11290.21 19394.48,-11289.92
19442.25,-11156.08 19442.07,-11188.53
19697.99,-11734.06 19697.99,-11763.92
21473.73,-11453.35 21496.03,-11394.03
20649.36,-11200 20648.3,-11187.89
20723.24,-11943.36 20723.79,-11962.39
20716.78,-11895.54 20718.45,-11932.69
21496.03,-11394.03 21508.2,-11329.47
20232.53,-11194.36 20234.37,-11210.96
20046.18,-10641.36 20046.08,-10640.92
20723.79,-11962.39 20723.89,-11962.83
21509.82,-11295.17 21509.82,-11295.42
21461.69,-11468.78 21461.62,-11503.4
21508.2,-11329.47 21509.82,-11295.17
20723.89,-11962.83 20737.17,-11991.46
20718.45,-11932.69 20723.24,-11943.36
20174.72,-10702.79 20166.77,-10685.66
20493.02,-11315.47 20709.79,-11877.41
20709.79,-11877.41 20716.78,-11895.54
19609.56,-11659.46 19707.63,-11723.97
20394.72,-11070 20174.72,-10702.79
20233.1,-11185.17 19442.25,-11156.08
19371.8,-11182.51 19384.15,-11183.28
19384.15,-11183.28 19398.91,-11184.62
19322.19,-11174.84 19371.77,-11182.5
21523.98,-11515.44 21573.55,-11523.11
19442.07,-11188.53 19414.07,-11186.78
19409.34,-11185.92 19398.91,-11184.62
21461.62,-11503.4 21493.72,-11508.37
21493.7,-11508.36 21493.72,-11508.37
20359.27,-11309.01 20400.16,-11316.69
21523.95,-11515.44 21523.98,-11515.44
21513.39,-11512.65 21523.95,-11515.44
20634.43,-11243.77 20668.79,-11253.12
20668.79,-11253.12 21444.69,-11464.16
21444.69,-11464.16 21461.69,-11468.78
21509.82,-11294.31 21509.82,-11294.56
21509.82,-11294.56 21509.82,-11295.17
19394.48,-11291.96 19394.48,-11290.94
19394.48,-11290.94 19394.48,-11290.64
19394.48,-11290.64 19394.48,-11290.21
21509.82,-11295.42 21509.82,-11296.15
21509.82,-11296.15 21509.82,-11296.39
20762.84,-10715.02 20614.75,-10694.75
20614.75,-10694.75 20464.79,-10685.79
20464.79,-10685.79 20316.53,-10688.44
20316.53,-10688.44 20173.06,-10702.95
20173.06,-10702.95 20037.02,-10729.32
20037.02,-10729.32 19910.07,-10766.59
19910.07,-10766.59 19792.8,-10814.03
21061.26,-10991.32 20983.93,-10941.71
20983.93,-10941.71 20894.78,-10899.47
20894.78,-10899.47 20795.9,-10865.52
20795.9,-10865.52 20689.53,-10840.58
20689.53,-10840.58 20578.07,-10825.18
20578.07,-10825.18 20464.04,-10819.63
20464.04,-10819.63 20350.02,-10824.05
20350.02,-10824.05 20238.57,-10838.31
20238.57,-10838.31 20132.19,-10862.09
20132.19,-10862.09 20033.28,-10894.84
20033.28,-10894.84 19944.12,-10935.81
21253.13,-10892.7 21153.9,-10836.48
21153.9,-10836.48 21037.76,-10787.38
21037.76,-10787.38 20905.4,-10746.18
20905.4,-10746.18 20762.84,-10715.02
20645.12,-11119.87 20612.94,-11099.46
20612.94,-11099.46 20574.75,-11083.33
20574.75,-11083.33 20532.12,-11072.04
20532.12,-11072.04 20486.77,-11065.94
20486.77,-11065.94 20440.49,-11065.23
20440.49,-11065.23 20395.15,-11069.9
20395.15,-11069.9 20352.58,-11079.72
20352.58,-11079.72 20314.48,-11094.26
20289.35,-11279.89 20321.8,-11296.58
20321.8,-11296.58 20359.27,-11309.01
21493.7,-11508.36 21500.39,-11509.66
21500.39,-11509.66 21513.39,-11512.65
20400.16,-11316.69 20442.7,-11319.35
20442.7,-11319.35 20485.07,-11316.92
20485.07,-11316.92 20525.57,-11309.53
20525.57,-11309.53 20562.56,-11297.49
20562.56,-11297.49 20594.31,-11281.39
21205.96,-11172.41 21173.57,-11107.99
21173.57,-11107.99 21124.97,-11047.16
21124.97,-11047.16 21061.26,-10991.32
20080.41,-11861.12 20222.52,-11885.06
20222.52,-11885.06 20368.96,-11897.17
20368.96,-11897.17 20516.8,-11897.23
20516.8,-11897.23 20663.1,-11885.24
19855.77,-11516.67 19931.2,-11565.65
19707.63,-11723.97 19820.36,-11779.78
19820.36,-11779.78 19945.46,-11825.8
19945.46,-11825.8 20080.41,-11861.12
20663.1,-11885.24 20804.96,-11861.45
20804.96,-11861.45 20939.56,-11826.34
20939.56,-11826.34 21064.23,-11780.61
21064.23,-11780.61 21176.48,-11725.15
20648.3,-11187.89 20639.27,-11163.15
20234.37,-11210.96 20244.62,-11236.28
20244.62,-11236.28 20263.25,-11259.55
20263.25,-11259.55 20289.35,-11279.89
21509.82,-11295.42 21508.92,-11269.92
21508.92,-11269.92 21493.4,-11186.62
21493.4,-11186.62 21459.05,-11105.49
21459.05,-11105.49 21406.7,-11028.3
21406.7,-11028.3 21337.55,-10956.85
21337.55,-10956.85 21253.13,-10892.7
21222.74,-11265.24 21221.39,-11238.89
21221.39,-11238.89 21205.96,-11172.41
19717.16,-11337.91 19747.45,-11401.46
19747.45,-11401.46 19794.03,-11461.52
19794.03,-11461.52 19855.77,-11516.67
21176.33,-11418.57 21208.12,-11352.24
21208.12,-11352.24 21222.07,-11284.02
21222.07,-11284.02 21222.74,-11265.6
19703.26,-11254.97 19703.88,-11272.45
19703.88,-11272.45 19717.16,-11337.91
20637.57,-11239.92 20647.48,-11216.14
20647.48,-11216.14 20649.36,-11199.94
20240.87,-11159.38 20233.1,-11185.17
20233.1,-11185.17 20232.53,-11194.35
21131.92,-11475.56 21176.33,-11418.57
19753.98,-11097.74 19721.07,-11160.65
19721.07,-11160.65 19704.94,-11225.72
19704.94,-11225.72 19703.26,-11254.67
20594.31,-11281.39 20619.61,-11261.96
20619.61,-11261.96 20637.57,-11239.92
19684.22,-11771.93 19677.42,-11775.12
19677.42,-11775.12 19663.37,-11781.17
20314.48,-11094.26 20282.36,-11112.93
20282.36,-11112.93 20257.5,-11134.94
20257.5,-11134.94 20240.87,-11159.38
19944.12,-10935.81 19866.74,-10984.04
19866.74,-10984.04 19802.9,-11038.43
19802.9,-11038.43 19753.98,-11097.74
19685.78,-10871.5 19592.36,-10937.57
19592.36,-10937.57 19515.28,-11010.17
19515.28,-11010.17 19456.46,-11087.04
19399.36,-11346.64 19394.48,-11291.96
19608.84,-11658.98 19528.17,-11588.14
19528.17,-11588.14 19465.6,-11511.47
19465.6,-11511.47 19422.36,-11430.45
19422.36,-11430.45 19399.36,-11346.64
21452.77,-11448.63 21415.41,-11515.87
21415.41,-11515.87 21353.29,-11591.82
21353.29,-11591.82 21273.12,-11662.05
21273.12,-11662.05 21176.48,-11725.15
19707.63,-11723.97 19697.99,-11734.06
20233.77,-11669.37 20350.12,-11685.15
20350.12,-11685.15 20469.15,-11690.5
20469.15,-11690.5 20588.11,-11685.3
20588.11,-11685.3 20704.25,-11669.68
20704.25,-11669.68 20814.88,-11644.03
19927.28,-11563.95 20019.84,-11608.08
20019.84,-11608.08 20122.81,-11643.49
20122.81,-11643.49 20233.77,-11669.37
20814.88,-11644.03 20917.42,-11608.92
20917.42,-11608.92 21009.46,-11565.19
21009.46,-11565.19 21088.87,-11513.85
21088.87,-11513.85 21131.92,-11475.56
21043.41,-17138.05 21500.22,-17401.78
21033.96,-17014.54 21033.96,-17121.68
21509.67,-17396.33 21509.67,-17262.55
21033.96,-17121.68 21043.41,-17138.05
21500.22,-17401.78 21509.67,-17396.33
19393.96,-16061.57 19393.96,-16168.68
19869.67,-16443.33 19869.67,-16336.22
19403.41,-16185.05 19860.22,-16448.78
19393.96,-16168.68 19403.41,-16185.05
19860.22,-16448.78 19869.67,-16443.33
21271.81,-17269.91 21271.81,-18735.78
