8226.2,-15706.89 8226.2,-17586.96
8226.2,-17586.96 6026.2,-17586.96
10810.82,-17932.97 6026.2,-17932.97
6026.2,-17386.96 6026.2,-18132.97
6026.2,-17386.96 5352.11,-17759.96
5352.11,-17759.96 6026.2,-18132.97
5352.11,-17759.96 3526.82,-17759.96
13997.67,-17759.96 11484.91,-17759.96
19785.67,-18105.97 11484.91,-18105.97
11484.91,-17559.96 11484.91,-18305.97
11484.91,-17559.96 10810.82,-17932.97
10810.82,-17932.97 11484.91,-18305.97
5881.45,-9756.97 6761.24,-9249.02
6761.24,-9249.02 7368.32,-8898.52
5877.82,-10022.14 5877.82,-9766.13
5884.87,-14530.78 5884.87,-10026.65
6098.98,-10701.43 6098.98,-12592.71
6098.98,-14351.85 6098.98,-12596.9
6098.98,-12592.71 6098.98,-12596.9
6098.98,-10701.43 6098.98,-10679.24
6098.98,-10679.24 6099.59,-10150.61
8680.18,-16144.62 9012.08,-16144.62
6441.32,-12681.97 6441.32,-12589.78
6441.32,-12584.6 6441.32,-12589.78
6441.32,-12584.6 6445.55,-12582.45
5887.27,-14534.13 5927.93,-14557.61
8633.72,-16119.76 8674.38,-16143.23
8630.51,-16087.74 8606.62,-16073.94
5966.64,-14549.79 6007.29,-14573.25
6017.62,-14573.07 8596.88,-16062.17
6677.2,-12811.03 6677.2,-12718.98
6672.16,-12815.24 6677.2,-12811.03
9019.62,-11636.14 10507.99,-10776.76
6098.98,-14351.85 8458.98,-15714.37
8505,-15714.4 8630.51,-15786.86
10359.87,-11668.82 10360.13,-11668.71
8344.12,-15188.51 6215.11,-13959.35
7873.56,-13411.49 7873.56,-13508.86
10339.76,-11675.29 9152.09,-12360.12
9061.76,-12418.24 9124.34,-12382.19
10360.13,-11668.71 10420.61,-11633.8
8109.45,-13638.06 8109.45,-13545.87
7873.56,-13411.49 7877.8,-13409.33
5943.42,-14557.61 5956.97,-14549.79
8104.4,-13642.13 8108.74,-13639.62
10359.87,-12604.68 10360.13,-12604.58
8344.12,-14202.36 6215.11,-12973.21
10442.4,-15311.86 10428.85,-15304.04
8630.51,-16115.29 8630.51,-11611.81
9144.45,-13301.63 9152.09,-13295.97
10339.76,-12610.29 9152.09,-13295.98
9061.76,-13354.19 9124.34,-13318.05
10360.13,-12604.58 10420.61,-12569.66
8630.51,-14052.29 6103.09,-12593.12
6668.73,-12813.26 6672.16,-12815.24
8100.98,-13640.15 8104.4,-13642.13
6441.32,-12681.97 6668.73,-12813.26
7873.56,-13508.86 8100.98,-13640.15
6445.55,-12582.45 6674.78,-12714.79
7877.8,-13409.33 8107.03,-13541.68
8344.12,-13639.45 6215.11,-12410.29
9061.76,-11611.81 9061.76,-16115.29
9153.39,-16020.86 9153.39,-15639.08
9229.68,-15595.14 9229.68,-12315.38
9144.45,-14120.16 9152.09,-14114.5
9124.56,-14136.43 9124.34,-14136.58
10339.76,-13429.29 9152.09,-14114.51
9061.76,-14172.71 9124.34,-14136.58
10360.76,-13423.29 10419.7,-13388.72
9761.93,-15288.63 9761.93,-12008.47
10359.87,-14241.74 10360.13,-14241.63
6215.11,-11357.1 8344.12,-12586.26
9124.56,-14954.96 9124.34,-14955.11
10339.76,-14247.29 9151.76,-14933.29
9061.76,-14991.24 9124.34,-14955.11
10360.13,-14241.63 10419.47,-14207.37
8630.51,-12155.46 6103.69,-10696.6
10294.18,-14982.11 10294.18,-11701.57
10363.53,-14946.45 10363.53,-15318.84
10500.94,-10780.9 10500.94,-15285.03
10507.99,-10711.77 10507.99,-10776.76
10507.99,-10520.38 10507.99,-10711.77
9144.45,-15645.47 9152.11,-15639.81
9124.56,-15661.74 9124.34,-15661.89
10340.76,-14955.29 9152.09,-15639.82
9061.76,-15698.07 9124.34,-15661.89
10360.13,-14948.42 10419.28,-14914.27
10359.87,-14948.52 10360.13,-14948.42
5877.82,-10022.14 8672.65,-11636.14
10419.17,-15304.04 10378.53,-15327.5
9061.76,-16087.73 9141.29,-16041.82
9017.89,-16143.23 9058.55,-16119.76
10457.88,-15311.86 10498.54,-15288.38
8672.65,-11636.14 9019.62,-11636.14
7711.04,-8898.52 10504.36,-10511.22
7368.63,-8898.02 7711.04,-8898.52
10340.76,-14955.29 10359.87,-14948.52
9124.56,-15661.74 9134.2,-15653.63
9134.2,-15653.63 9144.45,-15645.47
10339.76,-14247.29 10359.87,-14241.74
9124.56,-14954.96 9151.76,-14933.29
9124.56,-14136.43 9134.2,-14128.31
9134.2,-14128.31 9144.45,-14120.16
10339.76,-13429.29 10360.76,-13423.29
9124.56,-13317.9 9134.2,-13309.78
9134.2,-13309.78 9144.45,-13301.63
10339.76,-12610.29 10343.51,-12609.19
10343.51,-12609.19 10351.75,-12606.8
10351.75,-12606.8 10359.87,-12604.68
9124.56,-12382.04 9134.2,-12373.92
9134.2,-12373.92 9144.45,-12365.77
10339.76,-11675.29 10343.51,-11673.33
10343.51,-11673.33 10351.75,-11670.94
10351.75,-11670.94 10359.87,-11668.82
9144.45,-12365.77 9152.09,-12360.12
10442.4,-15311.86 10451.73,-15313.97
10451.73,-15313.97 10457.88,-15311.86
10498.54,-15288.38 10500.94,-15285.03
10428.85,-15304.04 10419.17,-15304.04
10378.53,-15327.5 10366.43,-15320.52
10366.43,-15320.52 10363.53,-15318.84
10504.36,-10511.22 10507.99,-10520.38
5881.45,-9756.97 5877.82,-9766.13
8107.03,-13541.68 8109.45,-13545.87
6674.78,-12714.79 6677.2,-12718.98
5884.87,-14530.78 5887.27,-14534.13
5927.93,-14557.61 5943.42,-14557.61
5956.97,-14549.79 5966.64,-14549.79
6007.29,-14573.25 6017.62,-14573.07
8630.51,-16115.29 8633.72,-16119.76
8674.38,-16143.23 8680.18,-16144.62
9012.08,-16144.62 9017.89,-16143.23
9058.55,-16119.76 9061.76,-16115.29
9141.29,-16041.82 9153.39,-16020.86
8606.62,-16073.94 8596.88,-16062.17
8458.98,-15714.37 8505,-15714.4
8108.74,-13639.62 8109.45,-13638.06
8320.02,-10154.2 8213,-10211.68
9172.34,-10460.05 9755.16,-10216.17
8828.32,-10626.11 8804.81,-10643.44
8804.81,-10643.44 8234.85,-11064.15
9791.65,-10195.08 9755.36,-10216.03
8179.84,-11125.65 8143.55,-11146.6
8225.21,-11104.09 8211.44,-11112.11
8180.04,-11125.56 8179.84,-11125.65
8190.59,-11121.34 8180.04,-11125.56
7983.68,-10427.22 7944.35,-10505.86
9755.16,-10216.17 9755.36,-10216.03
7944.35,-10505.86 7925.16,-10580.6
7925.16,-10580.63 7921.7,-10630.39
7921.7,-10630.09 7925.14,-10581
7925.16,-10580.63 7925.16,-10580.61
7921.7,-10630.39 7921.7,-10630.09
7969.47,-10496.25 7969.29,-10528.71
8225.21,-11074.24 8225.21,-11104.09
10000.96,-10793.52 10023.25,-10734.21
9176.58,-10540.18 9175.52,-10528.06
9250.46,-11283.53 9251.01,-11302.57
9244,-11235.72 9245.67,-11272.87
10023.25,-10734.21 10035.42,-10669.65
8759.75,-10534.53 8761.59,-10551.14
9251.01,-11302.57 9251.11,-11303.01
10037.04,-10635.34 10037.04,-10635.6
9988.91,-10808.96 9988.84,-10843.58
10035.42,-10669.65 10037.04,-10635.34
9251.11,-11303.01 9264.39,-11331.63
9245.67,-11272.87 9250.46,-11283.53
8701.94,-10042.96 8693.99,-10025.83
9020.24,-10655.64 9237.01,-11217.59
9237.01,-11217.59 9244,-11235.72
8136.78,-10999.64 8234.85,-11064.15
8921.95,-10410.18 8701.94,-10042.96
8760.32,-10525.35 7969.47,-10496.25
7899.02,-10522.68 7911.37,-10523.45
7911.37,-10523.45 7926.13,-10524.8
7849.41,-10515.01 7898.99,-10522.68
10051.2,-10855.62 10100.77,-10863.29
7969.29,-10528.71 7941.29,-10526.96
7936.56,-10526.1 7926.13,-10524.8
9988.84,-10843.58 10020.94,-10848.54
8886.49,-10649.18 8927.38,-10656.87
10051.17,-10855.61 10051.2,-10855.62
10040.61,-10852.82 10051.17,-10855.61
9161.65,-10583.95 9196.01,-10593.29
9196.01,-10593.29 9971.91,-10804.33
9971.91,-10804.33 9988.91,-10808.96
10037.04,-10634.48 10037.04,-10634.73
10037.04,-10634.73 10037.04,-10635.34
7921.7,-10632.13 7921.7,-10631.12
7921.7,-10631.12 7921.7,-10630.81
7921.7,-10630.81 7921.7,-10630.39
10037.04,-10635.6 10037.04,-10636.32
10037.04,-10636.32 10037.04,-10636.57
9290.06,-10055.19 9141.97,-10034.93
9141.97,-10034.93 8992.01,-10025.97
8992.01,-10025.97 8843.75,-10028.62
8843.75,-10028.62 8700.28,-10043.13
8700.28,-10043.13 8564.24,-10069.5
8564.24,-10069.5 8437.29,-10106.77
8437.29,-10106.77 8320.02,-10154.2
9588.48,-10331.49 9511.15,-10281.89
9511.15,-10281.89 9422.01,-10239.65
9422.01,-10239.65 9323.12,-10205.69
9323.12,-10205.69 9216.75,-10180.75
9216.75,-10180.75 9105.29,-10165.35
9105.29,-10165.35 8991.26,-10159.81
8991.26,-10159.81 8877.24,-10164.23
8877.24,-10164.23 8765.79,-10178.49
8765.79,-10178.49 8659.41,-10202.26
8659.41,-10202.26 8560.5,-10235.02
8560.5,-10235.02 8471.34,-10275.99
9780.35,-10232.88 9681.12,-10176.65
9681.12,-10176.65 9564.98,-10127.55
9564.98,-10127.55 9432.63,-10086.36
9432.63,-10086.36 9290.06,-10055.19
9172.34,-10460.05 9140.16,-10439.64
9140.16,-10439.64 9101.97,-10423.51
9101.97,-10423.51 9059.34,-10412.21
9059.34,-10412.21 9013.99,-10406.12
9013.99,-10406.12 8967.72,-10405.41
8967.72,-10405.41 8922.38,-10410.08
8922.38,-10410.08 8879.8,-10419.9
8879.8,-10419.9 8841.7,-10434.44
8816.57,-10620.07 8849.02,-10636.75
8849.02,-10636.75 8886.49,-10649.18
10020.92,-10848.54 10027.61,-10849.83
10027.61,-10849.83 10040.61,-10852.82
8927.38,-10656.87 8969.92,-10659.53
8969.92,-10659.53 9012.29,-10657.1
9012.29,-10657.1 9052.79,-10649.7
9052.79,-10649.7 9089.78,-10637.66
9089.78,-10637.66 9121.54,-10621.57
9733.18,-10512.59 9700.79,-10448.17
9700.79,-10448.17 9652.19,-10387.34
9652.19,-10387.34 9588.48,-10331.49
8607.63,-11201.29 8749.74,-11225.23
8749.74,-11225.23 8896.18,-11237.35
8896.18,-11237.35 9044.02,-11237.4
9044.02,-11237.4 9190.32,-11225.41
8382.99,-10856.85 8458.42,-10905.83
8234.85,-11064.15 8347.58,-11119.96
8347.58,-11119.96 8472.68,-11165.97
8472.68,-11165.97 8607.63,-11201.29
9190.32,-11225.41 9332.18,-11201.63
9332.18,-11201.63 9466.78,-11166.52
9466.78,-11166.52 9591.46,-11120.78
9591.46,-11120.78 9703.7,-11065.33
9175.52,-10528.06 9166.49,-10503.33
8761.59,-10551.14 8771.84,-10576.46
8771.84,-10576.46 8790.48,-10599.73
8790.48,-10599.73 8816.57,-10620.07
10037.04,-10635.6 10036.14,-10610.09
10036.14,-10610.09 10020.62,-10526.8
10020.62,-10526.8 9986.27,-10445.66
9986.27,-10445.66 9933.92,-10368.47
9933.92,-10368.47 9864.77,-10297.02
9864.77,-10297.02 9780.35,-10232.88
9749.96,-10605.41 9748.61,-10579.06
9748.61,-10579.06 9733.18,-10512.59
8244.38,-10678.08 8274.67,-10741.63
8274.67,-10741.63 8321.25,-10801.7
8321.25,-10801.7 8382.99,-10856.85
9703.55,-10758.75 9735.34,-10692.41
9735.34,-10692.41 9749.29,-10624.19
9749.29,-10624.19 9749.96,-10605.77
8230.48,-10595.14 8231.1,-10612.62
8231.1,-10612.62 8244.38,-10678.08
9164.79,-10580.1 9174.7,-10556.32
9174.7,-10556.32 9176.58,-10540.12
8768.09,-10499.56 8760.32,-10525.35
8760.32,-10525.35 8759.75,-10534.53
9659.14,-10815.74 9703.55,-10758.75
8281.2,-10437.91 8248.3,-10500.83
8248.3,-10500.83 8232.16,-10565.89
8232.16,-10565.89 8230.48,-10594.85
9121.54,-10621.57 9146.83,-10602.14
9146.83,-10602.14 9164.79,-10580.1
8211.44,-11112.11 8204.64,-11115.29
8204.64,-11115.29 8190.59,-11121.34
8841.7,-10434.44 8809.59,-10453.1
8809.59,-10453.1 8784.72,-10475.11
8784.72,-10475.11 8768.09,-10499.56
8471.34,-10275.99 8393.96,-10324.22
8393.96,-10324.22 8330.12,-10378.6
8330.12,-10378.6 8281.2,-10437.91
8213,-10211.68 8119.59,-10277.75
8119.59,-10277.75 8042.51,-10350.35
8042.51,-10350.35 7983.68,-10427.22
7926.58,-10686.81 7921.7,-10632.13
8136.06,-10999.15 8055.39,-10928.32
8055.39,-10928.32 7992.82,-10851.64
7992.82,-10851.64 7949.58,-10770.63
7949.58,-10770.63 7926.58,-10686.81
9980,-10788.8 9942.63,-10856.04
9942.63,-10856.04 9880.51,-10931.99
9880.51,-10931.99 9800.34,-11002.23
9800.34,-11002.23 9703.7,-11065.33
8234.85,-11064.15 8225.21,-11074.24
8760.99,-11009.55 8877.34,-11025.33
8877.34,-11025.33 8996.37,-11030.67
8996.37,-11030.67 9115.33,-11025.47
9115.33,-11025.47 9231.47,-11009.86
9231.47,-11009.86 9342.1,-10984.2
8454.5,-10904.13 8547.06,-10948.26
8547.06,-10948.26 8650.03,-10983.67
8650.03,-10983.67 8760.99,-11009.55
9342.1,-10984.2 9444.64,-10949.1
9444.64,-10949.1 9536.68,-10905.37
9536.68,-10905.37 9616.09,-10854.03
9616.09,-10854.03 9659.14,-10815.74
6774.66,-9266.86 6667.64,-9324.34
7626.98,-9572.71 8209.8,-9328.84
7282.96,-9738.77 7259.45,-9756.11
7259.45,-9756.11 6689.49,-10176.81
8246.29,-9307.74 8210,-9328.69
6634.48,-10238.31 6598.19,-10259.26
6679.85,-10216.76 6666.08,-10224.77
6645.23,-10234.01 6634.68,-10238.22
6438.32,-9539.88 6398.99,-9618.52
8209.8,-9328.84 8210,-9328.69
6398.99,-9618.52 6379.8,-9693.27
6379.8,-9693.29 6376.34,-9743.05
6376.34,-9742.75 6379.77,-9693.66
6376.34,-9743.05 6376.34,-9742.75
6424.11,-9608.92 6423.93,-9641.37
6679.85,-10186.9 6679.85,-10216.76
8455.59,-9906.18 8477.89,-9846.87
7631.22,-9652.84 7630.16,-9640.73
7705.1,-10396.19 7705.65,-10415.23
7698.64,-10348.38 7700.31,-10385.53
8477.89,-9846.87 8490.06,-9782.31
7214.39,-9647.2 7216.23,-9663.8
7028.04,-9094.2 7027.94,-9093.76
7705.65,-10415.23 7705.75,-10415.67
8491.68,-9748 8491.68,-9748.26
8443.55,-9921.62 8443.48,-9956.24
8490.06,-9782.31 8491.68,-9748
7705.75,-10415.67 7719.03,-10444.29
7700.31,-10385.53 7705.1,-10396.19
7156.57,-9155.63 7148.63,-9138.5
7474.88,-9768.31 7691.65,-10330.25
7691.65,-10330.25 7698.64,-10348.38
6591.42,-10112.3 6689.49,-10176.81
7376.58,-9522.84 7156.57,-9155.63
7214.96,-9638.01 6424.11,-9608.92
6353.66,-9635.35 6366.01,-9636.12
6366.01,-9636.12 6380.77,-9637.46
6304.05,-9627.67 6353.63,-9635.34
8505.84,-9968.28 8555.41,-9975.95
6423.93,-9641.37 6395.92,-9639.62
6391.2,-9638.76 6380.77,-9637.46
8443.48,-9956.24 8475.58,-9961.21
8475.56,-9961.2 8475.58,-9961.2
7341.13,-9761.85 7382.02,-9769.53
8505.81,-9968.28 8505.84,-9968.28
8495.25,-9965.49 8505.81,-9968.28
7616.29,-9696.61 7650.65,-9705.96
7650.65,-9705.96 8426.55,-9917
8426.55,-9917 8443.55,-9921.62
8491.68,-9747.15 8491.68,-9747.39
8491.68,-9747.39 8491.68,-9748
6376.34,-9744.79 6376.34,-9743.78
6376.34,-9743.78 6376.34,-9743.48
6376.34,-9743.48 6376.34,-9743.05
8491.68,-9748.26 8491.68,-9748.99
8491.68,-9748.99 8491.68,-9749.23
7744.7,-9167.86 7596.61,-9147.59
7596.61,-9147.59 7446.65,-9138.63
7446.65,-9138.63 7298.39,-9141.28
7298.39,-9141.28 7154.92,-9155.79
7154.92,-9155.79 7018.88,-9182.16
7018.88,-9182.16 6891.93,-9219.43
6891.93,-9219.43 6774.66,-9266.86
8043.12,-9444.16 7965.79,-9394.55
7965.79,-9394.55 7876.64,-9352.31
7876.64,-9352.31 7777.76,-9318.36
7777.76,-9318.36 7671.39,-9293.42
7671.39,-9293.42 7559.93,-9278.01
7559.93,-9278.01 7445.9,-9272.47
7445.9,-9272.47 7331.88,-9276.89
7331.88,-9276.89 7220.43,-9291.15
7220.43,-9291.15 7114.05,-9314.93
7114.05,-9314.93 7015.14,-9347.68
7015.14,-9347.68 6925.98,-9388.65
8234.99,-9345.54 8135.76,-9289.32
8135.76,-9289.32 8019.62,-9240.22
8019.62,-9240.22 7887.26,-9199.02
7887.26,-9199.02 7744.7,-9167.86
7626.98,-9572.71 7594.8,-9552.3
7594.8,-9552.3 7556.61,-9536.17
7556.61,-9536.17 7513.98,-9524.88
7513.98,-9524.88 7468.63,-9518.78
7468.63,-9518.78 7422.35,-9518.07
7422.35,-9518.07 7377.01,-9522.74
7377.01,-9522.74 7334.44,-9532.56
7334.44,-9532.56 7296.34,-9547.1
7271.21,-9732.73 7303.66,-9749.42
7303.66,-9749.42 7341.13,-9761.85
8475.56,-9961.2 8482.25,-9962.5
8482.25,-9962.5 8495.25,-9965.49
7382.02,-9769.53 7424.56,-9772.19
7424.56,-9772.19 7466.93,-9769.76
7466.93,-9769.76 7507.43,-9762.37
7507.43,-9762.37 7544.42,-9750.33
7544.42,-9750.33 7576.17,-9734.23
8187.82,-9625.25 8155.43,-9560.83
8155.43,-9560.83 8106.82,-9500
8106.82,-9500 8043.12,-9444.16
7062.27,-10313.95 7204.38,-10337.9
7204.38,-10337.9 7350.82,-10350.01
7350.82,-10350.01 7498.66,-10350.07
7498.66,-10350.07 7644.96,-10338.08
6837.63,-9969.51 6913.06,-10018.49
6689.49,-10176.81 6802.21,-10232.62
6802.21,-10232.62 6927.32,-10278.64
6927.32,-10278.64 7062.27,-10313.95
7644.96,-10338.08 7786.82,-10314.29
7786.82,-10314.29 7921.42,-10279.18
7921.42,-10279.18 8046.09,-10233.45
8046.09,-10233.45 8158.34,-10177.99
7630.16,-9640.73 7621.13,-9615.99
7216.23,-9663.8 7226.47,-9689.12
7226.47,-9689.12 7245.11,-9712.39
7245.11,-9712.39 7271.21,-9732.73
8491.68,-9748.26 8490.78,-9722.76
8490.78,-9722.76 8475.26,-9639.46
8475.26,-9639.46 8440.91,-9558.33
8440.91,-9558.33 8388.56,-9481.14
8388.56,-9481.14 8319.41,-9409.68
8319.41,-9409.68 8234.99,-9345.54
8204.6,-9718.07 8203.25,-9691.73
8203.25,-9691.73 8187.82,-9625.25
6699.02,-9790.74 6729.31,-9854.3
6729.31,-9854.3 6775.89,-9914.36
6775.89,-9914.36 6837.63,-9969.51
8158.19,-9871.41 8189.98,-9805.07
8189.98,-9805.07 8203.93,-9736.86
8203.93,-9736.86 8204.6,-9718.44
6685.12,-9707.81 6685.74,-9725.29
6685.74,-9725.29 6699.02,-9790.74
7619.43,-9692.76 7629.34,-9668.98
7629.34,-9668.98 7631.22,-9652.78
7222.73,-9612.22 7214.96,-9638.01
7214.96,-9638.01 7214.39,-9647.19
8113.78,-9928.4 8158.19,-9871.41
6735.84,-9550.57 6702.93,-9613.49
6702.93,-9613.49 6686.8,-9678.56
6686.8,-9678.56 6685.12,-9707.51
7576.17,-9734.23 7601.47,-9714.8
7601.47,-9714.8 7619.43,-9692.76
6666.08,-10224.77 6659.28,-10227.96
6659.28,-10227.96 6645.23,-10234.01
7296.34,-9547.1 7264.22,-9565.76
7264.22,-9565.76 7239.36,-9587.77
7239.36,-9587.77 7222.73,-9612.22
6925.98,-9388.65 6848.6,-9436.88
6848.6,-9436.88 6784.76,-9491.27
6784.76,-9491.27 6735.84,-9550.57
6667.64,-9324.34 6574.22,-9390.41
6574.22,-9390.41 6497.14,-9463.01
6497.14,-9463.01 6438.32,-9539.88
6381.22,-9799.47 6376.34,-9744.79
6590.7,-10111.82 6510.03,-10040.98
6510.03,-10040.98 6447.45,-9964.31
6447.45,-9964.31 6404.22,-9883.29
6404.22,-9883.29 6381.22,-9799.47
8434.63,-9901.47 8397.27,-9968.71
8397.27,-9968.71 8335.15,-10044.66
8335.15,-10044.66 8254.98,-10114.89
8254.98,-10114.89 8158.34,-10177.99
6689.49,-10176.81 6679.85,-10186.9
7215.63,-10122.21 7331.98,-10137.99
7331.98,-10137.99 7451.01,-10143.33
7451.01,-10143.33 7569.97,-10138.13
7569.97,-10138.13 7686.11,-10122.52
7686.11,-10122.52 7796.74,-10096.87
6909.14,-10016.79 7001.7,-10060.92
7001.7,-10060.92 7104.67,-10096.33
7104.67,-10096.33 7215.63,-10122.21
7796.74,-10096.87 7899.28,-10061.76
7899.28,-10061.76 7991.32,-10018.03
7991.32,-10018.03 8070.73,-9966.69
8070.73,-9966.69 8113.78,-9928.4
8025.27,-15590.88 8482.08,-15854.62
8015.82,-15467.38 8015.82,-15574.52
8491.53,-15849.16 8491.53,-15715.39
8015.82,-15574.52 8025.27,-15590.88
8482.08,-15854.62 8491.53,-15849.16
6375.82,-14514.41 6375.82,-14621.52
6851.53,-14896.16 6851.53,-14789.05
6385.27,-14637.88 6842.08,-14901.62
6375.82,-14621.52 6385.27,-14637.88
6842.08,-14901.62 6851.53,-14896.16
11625.45,-10059.32 12505.24,-9551.37
12505.24,-9551.37 13112.32,-9200.87
11621.82,-10324.49 11621.82,-10068.48
11628.87,-14833.13 11628.87,-10329
11842.98,-11003.78 11842.98,-12895.06
11842.98,-14654.2 11842.98,-12899.25
11842.98,-12895.06 11842.98,-12899.25
11842.98,-11003.78 11842.98,-10981.59
11842.98,-10981.59 11843.59,-10452.96
14424.18,-16446.97 14756.08,-16446.97
12185.32,-12984.32 12185.32,-12892.13
12185.32,-12886.95 12185.32,-12892.13
12185.32,-12886.95 12189.55,-12884.79
11631.27,-14836.48 11671.93,-14859.96
14377.72,-16422.11 14418.38,-16445.58
14374.51,-16390.08 14350.62,-16376.29
11710.64,-14852.14 11751.29,-14875.6
11761.62,-14875.42 14340.88,-16364.52
12421.2,-13113.38 12421.2,-13021.33
12416.16,-13117.59 12421.2,-13113.38
14763.62,-11938.48 16251.99,-11079.11
11842.98,-14654.2 14202.98,-16016.71
14249,-16016.75 14374.51,-16089.21
16103.87,-11971.17 16104.13,-11971.06
14088.12,-15490.86 11959.11,-14261.7
13617.56,-13713.84 13617.56,-13811.21
16083.76,-11977.64 14896.09,-12662.47
14805.76,-12720.59 14868.34,-12684.54
16104.13,-11971.06 16164.61,-11936.14
13853.45,-13940.41 13853.45,-13848.22
13617.56,-13713.84 13621.8,-13711.68
11687.42,-14859.96 11700.97,-14852.14
13848.4,-13944.48 13852.74,-13941.97
16103.87,-12907.03 16104.13,-12906.92
14088.12,-14504.71 11959.11,-13275.56
16186.4,-15614.21 16172.85,-15606.38
14374.51,-16417.64 14374.51,-11914.16
14888.45,-13603.98 14896.09,-13598.32
16083.76,-12912.64 14896.09,-13598.33
14805.76,-13656.53 14868.34,-13620.4
16104.13,-12906.92 16164.61,-12872
14374.51,-14354.64 11847.09,-12895.47
12412.73,-13115.61 12416.16,-13117.59
13844.98,-13942.5 13848.4,-13944.48
12185.32,-12984.32 12412.73,-13115.61
13617.56,-13811.21 13844.98,-13942.5
12189.55,-12884.79 12418.78,-13017.14
13621.8,-13711.68 13851.03,-13844.03
14088.12,-13941.8 11959.11,-12712.64
14805.76,-11914.15 14805.76,-16417.64
14897.39,-16323.21 14897.39,-15941.43
14973.68,-15897.49 14973.68,-12617.73
14888.45,-14422.5 14896.09,-14416.85
14868.56,-14438.78 14868.34,-14438.93
16083.76,-13731.64 14896.09,-14416.86
14805.76,-14475.06 14868.34,-14438.93
16104.76,-13725.64 16163.7,-13691.07
15505.93,-15590.97 15505.93,-12310.82
16103.87,-14544.09 16104.13,-14543.98
11959.11,-11659.45 14088.12,-12888.61
14868.56,-15257.31 14868.34,-15257.46
16083.76,-14549.64 14895.76,-15235.64
14805.76,-15293.59 14868.34,-15257.46
16104.13,-14543.98 16163.47,-14509.72
14374.51,-12457.81 11847.69,-10998.95
16038.18,-15284.46 16038.18,-12003.92
16107.53,-15248.8 16107.53,-15621.19
16244.94,-11083.24 16244.94,-15587.38
16251.99,-11014.12 16251.99,-11079.11
16251.99,-10822.73 16251.99,-11014.12
14888.45,-15947.82 14896.11,-15942.16
14868.56,-15964.09 14868.34,-15964.24
16084.76,-15257.64 14896.09,-15942.17
14805.76,-16000.42 14868.34,-15964.24
16104.13,-15250.77 16163.28,-15216.62
16103.87,-15250.87 16104.13,-15250.77
11621.82,-10324.49 14416.65,-11938.49
16163.17,-15606.38 16122.53,-15629.85
14805.76,-16390.08 14885.29,-16344.17
14761.89,-16445.58 14802.55,-16422.11
16201.88,-15614.21 16242.54,-15590.73
14416.65,-11938.49 14763.62,-11938.48
13455.04,-9200.87 16248.36,-10813.57
13112.63,-9200.37 13455.04,-9200.87
16084.76,-15257.64 16103.87,-15250.87
14868.56,-15964.09 14878.2,-15955.97
14878.2,-15955.97 14888.45,-15947.82
16083.76,-14549.64 16103.87,-14544.09
14868.56,-15257.31 14895.76,-15235.64
14868.56,-14438.78 14878.2,-14430.66
14878.2,-14430.66 14888.45,-14422.5
16083.76,-13731.64 16104.76,-13725.64
14868.56,-13620.25 14878.2,-13612.13
14878.2,-13612.13 14888.45,-13603.98
16083.76,-12912.64 16087.51,-12911.54
16087.51,-12911.54 16095.75,-12909.15
16095.75,-12909.15 16103.87,-12907.03
14868.56,-12684.39 14878.2,-12676.27
14878.2,-12676.27 14888.45,-12668.12
16083.76,-11977.64 16087.51,-11975.68
16087.51,-11975.68 16095.75,-11973.29
16095.75,-11973.29 16103.87,-11971.17
14888.45,-12668.12 14896.09,-12662.47
16186.4,-15614.21 16195.73,-15616.32
16195.73,-15616.32 16201.88,-15614.21
16242.54,-15590.73 16244.94,-15587.38
16172.85,-15606.38 16163.17,-15606.38
16122.53,-15629.85 16110.43,-15622.87
16110.43,-15622.87 16107.53,-15621.19
16248.36,-10813.57 16251.99,-10822.73
11625.45,-10059.32 11621.82,-10068.48
13851.03,-13844.03 13853.45,-13848.22
12418.78,-13017.14 12421.2,-13021.33
11628.87,-14833.13 11631.27,-14836.48
11671.93,-14859.96 11687.42,-14859.96
11700.97,-14852.14 11710.64,-14852.14
11751.29,-14875.6 11761.62,-14875.42
14374.51,-16417.64 14377.72,-16422.11
14418.38,-16445.58 14424.18,-16446.97
14756.08,-16446.97 14761.89,-16445.58
14802.55,-16422.11 14805.76,-16417.64
14885.29,-16344.17 14897.39,-16323.21
14350.62,-16376.29 14340.88,-16364.52
14202.98,-16016.71 14249,-16016.75
13852.74,-13941.97 13853.45,-13940.41
14064.02,-10456.55 13957,-10514.03
14916.34,-10762.39 15499.16,-10518.52
14572.32,-10928.46 14548.81,-10945.79
14548.81,-10945.79 13978.85,-11366.5
15535.65,-10497.43 15499.36,-10518.38
13923.84,-11428 13887.55,-11448.95
13969.21,-11406.44 13955.45,-11414.46
13924.04,-11427.9 13923.84,-11428
13934.59,-11423.69 13924.04,-11427.9
13727.68,-10729.57 13688.35,-10808.21
15499.16,-10518.52 15499.36,-10518.38
13688.35,-10808.21 13669.16,-10882.95
13669.16,-10882.98 13665.7,-10932.74
13665.7,-10932.44 13669.14,-10883.34
13669.16,-10882.98 13669.16,-10882.95
13665.7,-10932.74 13665.7,-10932.44
13713.47,-10798.6 13713.29,-10831.06
13969.21,-11376.59 13969.21,-11406.44
15744.96,-11095.87 15767.25,-11036.56
14920.58,-10842.53 14919.52,-10830.41
14994.46,-11585.88 14995.01,-11604.92
14988,-11538.06 14989.67,-11575.22
15767.25,-11036.56 15779.42,-10972
14503.75,-10836.88 14505.59,-10853.49
14995.01,-11604.92 14995.11,-11605.36
15781.04,-10937.69 15781.04,-10937.94
15732.91,-11111.3 15732.84,-11145.93
15779.42,-10972 15781.04,-10937.69
14995.11,-11605.36 15008.39,-11633.98
14989.67,-11575.22 14994.46,-11585.88
14445.94,-10345.31 14437.99,-10328.18
14764.24,-10957.99 14981.01,-11519.93
14981.01,-11519.93 14988,-11538.06
13880.79,-11301.99 13978.85,-11366.5
14665.95,-10712.53 14445.94,-10345.31
14504.32,-10827.69 13713.47,-10798.6
13643.02,-10825.03 13655.37,-10825.8
13655.37,-10825.8 13670.13,-10827.15
13593.41,-10817.36 13642.99,-10825.03
15795.2,-11157.97 15844.77,-11165.64
13713.29,-10831.06 13685.29,-10829.31
13680.56,-10828.45 13670.13,-10827.15
15732.84,-11145.93 15764.94,-11150.89
14630.49,-10951.53 14671.38,-10959.22
15795.17,-11157.96 15795.2,-11157.97
15784.61,-11155.17 15795.17,-11157.96
14905.65,-10886.3 14940.01,-10895.64
14940.01,-10895.64 15715.91,-11106.68
15715.91,-11106.68 15732.91,-11111.3
15781.04,-10936.83 15781.04,-10937.08
15781.04,-10937.08 15781.04,-10937.69
13665.7,-10934.48 13665.7,-10933.47
13665.7,-10933.47 13665.7,-10933.16
13665.7,-10933.16 13665.7,-10932.74
15781.04,-10937.94 15781.04,-10938.67
15781.04,-10938.67 15781.04,-10938.92
15034.06,-10357.54 14885.97,-10337.28
14885.97,-10337.28 14736.01,-10328.32
14736.01,-10328.32 14587.75,-10330.97
14587.75,-10330.97 14444.28,-10345.48
14444.28,-10345.48 14308.24,-10371.85
14308.24,-10371.85 14181.29,-10409.12
14181.29,-10409.12 14064.02,-10456.55
15332.48,-10633.84 15255.15,-10584.24
15255.15,-10584.24 15166.01,-10542
15166.01,-10542 15067.12,-10508.04
15067.12,-10508.04 14960.75,-10483.1
14960.75,-10483.1 14849.29,-10467.7
14849.29,-10467.7 14735.26,-10462.16
14735.26,-10462.16 14621.24,-10466.58
14621.24,-10466.58 14509.79,-10480.84
14509.79,-10480.84 14403.41,-10504.61
14403.41,-10504.61 14304.5,-10537.37
14304.5,-10537.37 14215.34,-10578.33
15524.35,-10535.23 15425.12,-10479
15425.12,-10479 15308.98,-10429.9
15308.98,-10429.9 15176.63,-10388.71
15176.63,-10388.71 15034.06,-10357.54
14916.34,-10762.39 14884.16,-10741.99
14884.16,-10741.99 14845.97,-10725.86
14845.97,-10725.86 14803.34,-10714.56
14803.34,-10714.56 14757.99,-10708.47
14757.99,-10708.47 14711.72,-10707.76
14711.72,-10707.76 14666.38,-10712.43
14666.38,-10712.43 14623.8,-10722.25
14623.8,-10722.25 14585.7,-10736.79
14560.57,-10922.41 14593.02,-10939.1
14593.02,-10939.1 14630.49,-10951.53
15764.92,-11150.89 15771.61,-11152.18
15771.61,-11152.18 15784.61,-11155.17
14671.38,-10959.22 14713.92,-10961.88
14713.92,-10961.88 14756.29,-10959.44
14756.29,-10959.44 14796.79,-10952.05
14796.79,-10952.05 14833.78,-10940.01
14833.78,-10940.01 14865.54,-10923.92
15477.18,-10814.94 15444.79,-10750.52
15444.79,-10750.52 15396.19,-10689.69
15396.19,-10689.69 15332.48,-10633.84
14351.63,-11503.64 14493.74,-11527.58
14493.74,-11527.58 14640.18,-11539.7
14640.18,-11539.7 14788.02,-11539.75
14788.02,-11539.75 14934.32,-11527.76
14126.99,-11159.2 14202.42,-11208.18
13978.85,-11366.5 14091.58,-11422.31
14091.58,-11422.31 14216.68,-11468.32
14216.68,-11468.32 14351.63,-11503.64
14934.32,-11527.76 15076.18,-11503.98
15076.18,-11503.98 15210.78,-11468.87
15210.78,-11468.87 15335.46,-11423.13
15335.46,-11423.13 15447.7,-11367.68
14919.52,-10830.41 14910.49,-10805.67
14505.59,-10853.49 14515.84,-10878.8
14515.84,-10878.8 14534.48,-10902.08
14534.48,-10902.08 14560.57,-10922.41
15781.04,-10937.94 15780.14,-10912.44
15780.14,-10912.44 15764.62,-10829.15
15764.62,-10829.15 15730.27,-10748.01
15730.27,-10748.01 15677.92,-10670.82
15677.92,-10670.82 15608.77,-10599.37
15608.77,-10599.37 15524.35,-10535.23
15493.96,-10907.76 15492.61,-10881.41
15492.61,-10881.41 15477.18,-10814.94
13988.38,-10980.43 14018.67,-11043.98
14018.67,-11043.98 14065.25,-11104.04
14065.25,-11104.04 14126.99,-11159.2
15447.55,-11061.09 15479.34,-10994.76
15479.34,-10994.76 15493.29,-10926.54
15493.29,-10926.54 15493.96,-10908.12
13974.48,-10897.49 13975.1,-10914.97
13975.1,-10914.97 13988.38,-10980.43
14908.79,-10882.45 14918.7,-10858.67
14918.7,-10858.67 14920.58,-10842.47
14512.09,-10801.91 14504.32,-10827.69
14504.32,-10827.69 14503.75,-10836.88
15403.15,-11118.08 15447.55,-11061.09
14025.2,-10740.26 13992.3,-10803.18
13992.3,-10803.18 13976.16,-10868.24
13976.16,-10868.24 13974.48,-10897.2
14865.54,-10923.92 14890.83,-10904.49
14890.83,-10904.49 14908.79,-10882.45
13955.45,-11414.46 13948.64,-11417.64
13948.64,-11417.64 13934.59,-11423.69
14585.7,-10736.79 14553.59,-10755.45
14553.59,-10755.45 14528.72,-10777.46
14528.72,-10777.46 14512.09,-10801.91
14215.34,-10578.33 14137.96,-10626.57
14137.96,-10626.57 14074.12,-10680.95
14074.12,-10680.95 14025.2,-10740.26
13957,-10514.03 13863.59,-10580.1
13863.59,-10580.1 13786.51,-10652.69
13786.51,-10652.69 13727.68,-10729.57
13670.58,-10989.16 13665.7,-10934.48
13880.06,-11301.5 13799.39,-11230.67
13799.39,-11230.67 13736.82,-11153.99
13736.82,-11153.99 13693.58,-11072.98
13693.58,-11072.98 13670.58,-10989.16
15724,-11091.15 15686.63,-11158.39
15686.63,-11158.39 15624.51,-11234.34
15624.51,-11234.34 15544.34,-11304.58
15544.34,-11304.58 15447.7,-11367.68
13978.85,-11366.5 13969.21,-11376.59
14504.99,-11311.89 14621.34,-11327.68
14621.34,-11327.68 14740.37,-11333.02
14740.37,-11333.02 14859.34,-11327.82
14859.34,-11327.82 14975.47,-11312.21
14975.47,-11312.21 15086.1,-11286.55
14198.5,-11206.48 14291.06,-11250.61
14291.06,-11250.61 14394.03,-11286.01
14394.03,-11286.01 14504.99,-11311.89
15086.1,-11286.55 15188.64,-11251.45
15188.64,-11251.45 15280.68,-11207.71
15280.68,-11207.71 15360.09,-11156.38
15360.09,-11156.38 15403.15,-11118.08
12518.66,-9569.21 12411.64,-9626.69
13370.98,-9875.06 13953.8,-9631.18
13026.96,-10041.12 13003.45,-10058.46
13003.45,-10058.46 12433.49,-10479.16
13990.29,-9610.09 13954,-9631.04
12378.48,-10540.66 12342.19,-10561.61
12423.85,-10519.11 12410.08,-10527.12
12389.23,-10536.35 12378.68,-10540.57
12182.32,-9842.23 12142.99,-9920.87
13953.8,-9631.18 13954,-9631.04
12142.99,-9920.87 12123.8,-9995.61
12123.8,-9995.64 12120.34,-10045.4
12120.34,-10045.1 12123.77,-9996.01
12120.34,-10045.4 12120.34,-10045.1
12168.11,-9911.26 12167.93,-9943.72
12423.85,-10489.25 12423.85,-10519.11
14199.59,-10208.53 14221.89,-10149.22
13375.22,-9955.19 13374.16,-9943.07
13449.1,-10698.54 13449.65,-10717.58
13442.64,-10650.73 13444.31,-10687.88
14221.89,-10149.22 14234.06,-10084.66
12958.39,-9949.54 12960.23,-9966.15
12772.04,-9396.55 12771.94,-9396.11
13449.65,-10717.58 13449.75,-10718.02
14235.68,-10050.35 14235.68,-10050.61
14187.55,-10223.97 14187.48,-10258.59
14234.06,-10084.66 14235.68,-10050.35
13449.75,-10718.02 13463.03,-10746.64
13444.31,-10687.88 13449.1,-10698.54
12900.58,-9457.97 12892.63,-9440.85
13218.88,-10070.66 13435.65,-10632.6
13435.65,-10632.6 13442.64,-10650.73
12335.42,-10414.65 12433.49,-10479.16
13120.58,-9825.19 12900.58,-9457.97
12958.96,-9940.36 12168.11,-9911.26
12097.66,-9937.7 12110.01,-9938.47
12110.01,-9938.47 12124.77,-9939.81
12048.05,-9930.02 12097.63,-9937.69
14249.84,-10270.63 14299.41,-10278.3
12167.93,-9943.72 12139.92,-9941.97
12135.2,-9941.11 12124.77,-9939.81
14187.48,-10258.59 14219.58,-10263.55
14219.56,-10263.55 14219.58,-10263.55
13085.13,-10064.2 13126.02,-10071.88
14249.81,-10270.62 14249.84,-10270.63
14239.25,-10267.84 14249.81,-10270.62
13360.29,-9998.96 13394.65,-10008.31
13394.65,-10008.31 14170.55,-10219.34
14170.55,-10219.34 14187.55,-10223.97
14235.68,-10049.5 14235.68,-10049.74
14235.68,-10049.74 14235.68,-10050.35
12120.34,-10047.14 12120.34,-10046.13
12120.34,-10046.13 12120.34,-10045.82
12120.34,-10045.82 12120.34,-10045.4
14235.68,-10050.61 14235.68,-10051.34
14235.68,-10051.34 14235.68,-10051.58
13488.7,-9470.2 13340.61,-9449.94
13340.61,-9449.94 13190.65,-9440.98
13190.65,-9440.98 13042.39,-9443.63
13042.39,-9443.63 12898.92,-9458.14
12898.92,-9458.14 12762.88,-9484.51
12762.88,-9484.51 12635.93,-9521.78
12635.93,-9521.78 12518.66,-9569.21
13787.12,-9746.5 13709.79,-9696.9
13709.79,-9696.9 13620.64,-9654.66
13620.64,-9654.66 13521.76,-9620.71
13521.76,-9620.71 13415.39,-9595.77
13415.39,-9595.77 13303.93,-9580.36
13303.93,-9580.36 13189.9,-9574.82
13189.9,-9574.82 13075.88,-9579.24
13075.88,-9579.24 12964.43,-9593.5
12964.43,-9593.5 12858.05,-9617.28
12858.05,-9617.28 12759.14,-9650.03
12759.14,-9650.03 12669.98,-9691
13978.99,-9647.89 13879.76,-9591.67
13879.76,-9591.67 13763.62,-9542.57
13763.62,-9542.57 13631.26,-9501.37
13631.26,-9501.37 13488.7,-9470.2
13370.98,-9875.06 13338.8,-9854.65
13338.8,-9854.65 13300.61,-9838.52
13300.61,-9838.52 13257.98,-9827.22
13257.98,-9827.22 13212.63,-9821.13
13212.63,-9821.13 13166.35,-9820.42
13166.35,-9820.42 13121.01,-9825.09
13121.01,-9825.09 13078.44,-9834.91
13078.44,-9834.91 13040.34,-9849.45
13015.21,-10035.08 13047.66,-10051.77
13047.66,-10051.77 13085.13,-10064.2
14219.56,-10263.55 14226.25,-10264.84
14226.25,-10264.84 14239.25,-10267.84
13126.02,-10071.88 13168.56,-10074.54
13168.56,-10074.54 13210.93,-10072.11
13210.93,-10072.11 13251.43,-10064.72
13251.43,-10064.72 13288.42,-10052.67
13288.42,-10052.67 13320.17,-10036.58
13931.82,-9927.6 13899.43,-9863.18
13899.43,-9863.18 13850.83,-9802.35
13850.83,-9802.35 13787.12,-9746.5
12806.27,-10616.3 12948.38,-10640.25
12948.38,-10640.25 13094.82,-10652.36
13094.82,-10652.36 13242.66,-10652.41
13242.66,-10652.41 13388.96,-10640.43
12581.63,-10271.86 12657.06,-10320.84
12433.49,-10479.16 12546.21,-10534.97
12546.21,-10534.97 12671.32,-10580.99
12671.32,-10580.99 12806.27,-10616.3
13388.96,-10640.43 13530.82,-10616.64
13530.82,-10616.64 13665.42,-10581.53
13665.42,-10581.53 13790.09,-10535.79
13790.09,-10535.79 13902.34,-10480.34
13374.16,-9943.07 13365.13,-9918.34
12960.23,-9966.15 12970.47,-9991.47
12970.47,-9991.47 12989.11,-10014.74
12989.11,-10014.74 13015.21,-10035.08
14235.68,-10050.61 14234.78,-10025.11
14234.78,-10025.11 14219.26,-9941.81
14219.26,-9941.81 14184.91,-9860.67
14184.91,-9860.67 14132.56,-9783.49
14132.56,-9783.49 14063.41,-9712.03
14063.41,-9712.03 13978.99,-9647.89
13948.6,-10020.42 13947.25,-9994.08
13947.25,-9994.08 13931.82,-9927.6
12443.02,-10093.09 12473.31,-10156.64
12473.31,-10156.64 12519.89,-10216.71
12519.89,-10216.71 12581.63,-10271.86
13902.19,-10173.76 13933.98,-10107.42
13933.98,-10107.42 13947.93,-10039.2
13947.93,-10039.2 13948.6,-10020.79
12429.12,-10010.16 12429.74,-10027.63
12429.74,-10027.63 12443.02,-10093.09
13363.43,-9995.11 13373.34,-9971.33
13373.34,-9971.33 13375.22,-9955.13
12966.73,-9914.57 12958.96,-9940.36
12958.96,-9940.36 12958.39,-9949.54
13857.78,-10230.75 13902.19,-10173.76
12479.84,-9852.92 12446.93,-9915.84
12446.93,-9915.84 12430.8,-9980.9
12430.8,-9980.9 12429.12,-10009.86
13320.17,-10036.58 13345.47,-10017.15
13345.47,-10017.15 13363.43,-9995.11
12410.08,-10527.12 12403.28,-10530.31
12403.28,-10530.31 12389.23,-10536.35
13040.34,-9849.45 13008.22,-9868.11
13008.22,-9868.11 12983.36,-9890.12
12983.36,-9890.12 12966.73,-9914.57
12669.98,-9691 12592.6,-9739.23
12592.6,-9739.23 12528.76,-9793.61
12528.76,-9793.61 12479.84,-9852.92
12411.64,-9626.69 12318.22,-9692.76
12318.22,-9692.76 12241.14,-9765.36
12241.14,-9765.36 12182.32,-9842.23
12125.22,-10101.82 12120.34,-10047.14
12334.7,-10414.17 12254.03,-10343.33
12254.03,-10343.33 12191.45,-10266.66
12191.45,-10266.66 12148.22,-10185.64
12148.22,-10185.64 12125.22,-10101.82
14178.63,-10203.81 14141.27,-10271.06
14141.27,-10271.06 14079.15,-10347.01
14079.15,-10347.01 13998.98,-10417.24
13998.98,-10417.24 13902.34,-10480.34
12433.49,-10479.16 12423.85,-10489.25
12959.63,-10424.56 13075.98,-10440.34
13075.98,-10440.34 13195.01,-10445.68
13195.01,-10445.68 13313.97,-10440.48
13313.97,-10440.48 13430.11,-10424.87
13430.11,-10424.87 13540.74,-10399.22
12653.14,-10319.14 12745.7,-10363.27
12745.7,-10363.27 12848.67,-10398.68
12848.67,-10398.68 12959.63,-10424.56
13540.74,-10399.22 13643.28,-10364.11
13643.28,-10364.11 13735.32,-10320.38
13735.32,-10320.38 13814.73,-10269.04
13814.73,-10269.04 13857.78,-10230.75
13769.27,-15893.23 14226.08,-16156.97
13759.82,-15769.72 13759.82,-15876.87
14235.53,-16151.51 14235.53,-16017.74
13759.82,-15876.87 13769.27,-15893.23
14226.08,-16156.97 14235.53,-16151.51
12119.82,-14816.76 12119.82,-14923.87
12595.53,-15198.51 12595.53,-15091.4
12129.27,-14940.23 12586.08,-15203.97
12119.82,-14923.87 12129.27,-14940.23
12586.08,-15203.97 12595.53,-15198.51
13997.67,-16025.1 13997.67,-17759.96
17413.45,-10674.32 18293.24,-10166.37
18293.24,-10166.37 18900.32,-9815.87
17409.82,-10939.49 17409.82,-10683.48
17416.87,-15448.13 17416.87,-10944
17630.98,-11618.78 17630.98,-13510.06
17630.98,-15269.2 17630.98,-13514.25
17630.98,-13510.06 17630.98,-13514.25
17630.98,-11618.78 17630.98,-11596.59
17630.98,-11596.59 17631.59,-11067.96
20212.18,-17061.97 20544.08,-17061.97
17973.32,-13599.32 17973.32,-13507.13
17973.32,-13501.95 17973.32,-13507.13
17973.32,-13501.95 17977.55,-13499.79
17419.27,-15451.48 17459.93,-15474.96
20165.72,-17037.11 20206.38,-17060.58
20162.51,-17005.08 20138.62,-16991.29
17498.64,-15467.14 17539.29,-15490.6
17549.62,-15490.42 20128.88,-16979.52
18209.2,-13728.38 18209.2,-13636.33
18204.16,-13732.59 18209.2,-13728.38
20551.62,-12553.48 22039.99,-11694.11
17630.98,-15269.2 19990.98,-16631.71
20037,-16631.75 20162.51,-16704.21
21891.87,-12586.17 21892.13,-12586.06
19876.12,-16105.86 17747.11,-14876.7
19405.56,-14328.84 19405.56,-14426.21
21871.76,-12592.64 20684.09,-13277.47
20593.76,-13335.59 20656.34,-13299.54
21892.13,-12586.06 21952.61,-12551.14
19641.45,-14555.41 19641.45,-14463.22
19405.56,-14328.84 19409.8,-14326.68
17475.42,-15474.96 17488.97,-15467.14
19636.4,-14559.48 19640.74,-14556.97
21891.87,-13522.03 21892.13,-13521.92
19876.12,-15119.71 17747.11,-13890.55
21974.4,-16229.21 21960.85,-16221.38
20162.51,-17032.64 20162.51,-12529.16
20676.45,-14218.98 20684.09,-14213.32
21871.76,-13527.64 20684.09,-14213.33
20593.76,-14271.53 20656.34,-14235.4
21892.13,-13521.92 21952.61,-13487
20162.51,-14969.64 17635.09,-13510.46
18200.73,-13730.61 18204.16,-13732.59
19632.98,-14557.5 19636.4,-14559.48
17973.32,-13599.32 18200.73,-13730.61
19405.56,-14426.21 19632.98,-14557.5
17977.55,-13499.79 18206.78,-13632.14
19409.8,-14326.68 19639.03,-14459.03
19876.12,-14556.8 17747.11,-13327.64
20593.76,-12529.15 20593.76,-17032.64
20685.39,-16938.21 20685.39,-16556.43
20761.68,-16512.49 20761.68,-13232.73
20676.45,-15037.5 20684.09,-15031.85
20656.56,-15053.78 20656.34,-15053.93
21871.76,-14346.64 20684.09,-15031.86
20593.76,-15090.06 20656.34,-15053.93
21892.76,-14340.64 21951.7,-14306.07
21293.93,-16205.97 21293.93,-12925.82
21891.87,-15159.09 21892.13,-15158.98
17747.11,-12274.45 19876.12,-13503.61
20656.56,-15872.31 20656.34,-15872.46
21871.76,-15164.64 20683.76,-15850.64
20593.76,-15908.59 20656.34,-15872.46
21892.13,-15158.98 21951.47,-15124.72
20162.51,-13072.81 17635.69,-11613.95
21826.18,-15899.46 21826.18,-12618.92
21895.53,-15863.8 21895.53,-16236.19
22032.94,-11698.24 22032.94,-16202.38
22039.99,-11629.12 22039.99,-11694.11
22039.99,-11437.73 22039.99,-11629.12
20676.45,-16562.82 20684.11,-16557.16
20656.56,-16579.09 20656.34,-16579.24
21872.76,-15872.64 20684.09,-16557.17
20593.76,-16615.42 20656.34,-16579.24
21892.13,-15865.77 21951.28,-15831.62
21891.87,-15865.87 21892.13,-15865.77
17409.82,-10939.49 20204.65,-12553.48
21951.17,-16221.38 21910.53,-16244.85
20593.76,-17005.08 20673.29,-16959.17
20549.89,-17060.58 20590.55,-17037.11
21989.88,-16229.21 22030.54,-16205.73
20204.65,-12553.48 20551.62,-12553.48
19243.04,-9815.87 22036.36,-11428.57
18900.63,-9815.37 19243.04,-9815.87
21872.76,-15872.64 21891.87,-15865.87
20656.56,-16579.09 20666.2,-16570.97
20666.2,-16570.97 20676.45,-16562.82
21871.76,-15164.64 21891.87,-15159.09
20656.56,-15872.31 20683.76,-15850.64
20656.56,-15053.78 20666.2,-15045.66
20666.2,-15045.66 20676.45,-15037.5
21871.76,-14346.64 21892.76,-14340.64
20656.56,-14235.25 20666.2,-14227.13
20666.2,-14227.13 20676.45,-14218.98
21871.76,-13527.64 21875.51,-13526.54
21875.51,-13526.54 21883.75,-13524.15
21883.75,-13524.15 21891.87,-13522.03
20656.56,-13299.39 20666.2,-13291.27
20666.2,-13291.27 20676.45,-13283.12
21871.76,-12592.64 21875.51,-12590.68
21875.51,-12590.68 21883.75,-12588.29
21883.75,-12588.29 21891.87,-12586.17
20676.45,-13283.12 20684.09,-13277.47
21974.4,-16229.21 21983.73,-16231.32
21983.73,-16231.32 21989.88,-16229.21
22030.54,-16205.73 22032.94,-16202.38
21960.85,-16221.38 21951.17,-16221.38
21910.53,-16244.85 21898.43,-16237.87
21898.43,-16237.87 21895.53,-16236.19
22036.36,-11428.57 22039.99,-11437.73
17413.45,-10674.32 17409.82,-10683.48
19639.03,-14459.03 19641.45,-14463.22
18206.78,-13632.14 18209.2,-13636.33
17416.87,-15448.13 17419.27,-15451.48
17459.93,-15474.96 17475.42,-15474.96
17488.97,-15467.14 17498.64,-15467.14
17539.29,-15490.6 17549.62,-15490.42
20162.51,-17032.64 20165.72,-17037.11
20206.38,-17060.58 20212.18,-17061.97
20544.08,-17061.97 20549.89,-17060.58
20590.55,-17037.11 20593.76,-17032.64
20673.29,-16959.17 20685.39,-16938.21
20138.62,-16991.29 20128.88,-16979.52
19990.98,-16631.71 20037,-16631.75
19640.74,-14556.97 19641.45,-14555.41
19852.02,-11071.55 19745,-11129.03
20704.34,-11377.39 21287.16,-11133.52
20360.32,-11543.46 20336.81,-11560.79
20336.81,-11560.79 19766.85,-11981.5
21323.65,-11112.43 21287.36,-11133.38
19711.84,-12043 19675.55,-12063.95
19757.21,-12021.44 19743.44,-12029.46
19712.04,-12042.9 19711.84,-12043
19722.59,-12038.69 19712.04,-12042.9
19515.68,-11344.57 19476.35,-11423.21
21287.16,-11133.52 21287.36,-11133.38
19476.35,-11423.21 19457.16,-11497.95
19457.16,-11497.98 19453.7,-11547.74
19453.7,-11547.44 19457.14,-11498.34
19457.16,-11497.98 19457.16,-11497.95
19453.7,-11547.74 19453.7,-11547.44
19501.47,-11413.6 19501.29,-11446.06
19757.21,-11991.59 19757.21,-12021.44
21532.96,-11710.87 21555.25,-11651.56
20708.58,-11457.53 20707.52,-11445.41
20782.46,-12200.88 20783.01,-12219.92
20776,-12153.06 20777.67,-12190.22
21555.25,-11651.56 21567.42,-11587
20291.75,-11451.88 20293.59,-11468.49
20783.01,-12219.92 20783.11,-12220.36
21569.04,-11552.69 21569.04,-11552.94
21520.91,-11726.3 21520.84,-11760.93
21567.42,-11587 21569.04,-11552.69
20783.11,-12220.36 20796.39,-12248.98
20777.67,-12190.22 20782.46,-12200.88
20233.94,-10960.31 20225.99,-10943.18
20552.24,-11572.99 20769.01,-12134.93
20769.01,-12134.93 20776,-12153.06
19668.78,-11916.99 19766.85,-11981.5
20453.95,-11327.53 20233.94,-10960.31
20292.32,-11442.69 19501.47,-11413.6
19431.02,-11440.03 19443.37,-11440.8
19443.37,-11440.8 19458.13,-11442.15
19381.41,-11432.36 19430.99,-11440.03
21583.2,-11772.97 21632.77,-11780.64
19501.29,-11446.06 19473.29,-11444.31
19468.56,-11443.45 19458.13,-11442.15
21520.84,-11760.93 21552.94,-11765.89
20418.49,-11566.53 20459.38,-11574.22
21583.17,-11772.96 21583.2,-11772.97
21572.61,-11770.17 21583.17,-11772.96
20693.65,-11501.3 20728.01,-11510.64
20728.01,-11510.64 21503.91,-11721.68
21503.91,-11721.68 21520.91,-11726.3
21569.04,-11551.83 21569.04,-11552.08
21569.04,-11552.08 21569.04,-11552.69
19453.7,-11549.48 19453.7,-11548.47
19453.7,-11548.47 19453.7,-11548.16
19453.7,-11548.16 19453.7,-11547.74
21569.04,-11552.94 21569.04,-11553.67
21569.04,-11553.67 21569.04,-11553.92
20822.06,-10972.54 20673.97,-10952.28
20673.97,-10952.28 20524.01,-10943.32
20524.01,-10943.32 20375.75,-10945.97
20375.75,-10945.97 20232.28,-10960.48
20232.28,-10960.48 20096.24,-10986.85
20096.24,-10986.85 19969.29,-11024.12
19969.29,-11024.12 19852.02,-11071.55
21120.48,-11248.84 21043.15,-11199.24
21043.15,-11199.24 20954.01,-11157
20954.01,-11157 20855.12,-11123.04
20855.12,-11123.04 20748.75,-11098.1
20748.75,-11098.1 20637.29,-11082.7
20637.29,-11082.7 20523.26,-11077.16
20523.26,-11077.16 20409.24,-11081.58
20409.24,-11081.58 20297.79,-11095.84
20297.79,-11095.84 20191.41,-11119.61
20191.41,-11119.61 20092.5,-11152.37
20092.5,-11152.37 20003.34,-11193.33
21312.35,-11150.23 21213.12,-11094
21213.12,-11094 21096.98,-11044.9
21096.98,-11044.9 20964.63,-11003.71
20964.63,-11003.71 20822.06,-10972.54
20704.34,-11377.39 20672.16,-11356.99
20672.16,-11356.99 20633.97,-11340.86
20633.97,-11340.86 20591.34,-11329.56
20591.34,-11329.56 20545.99,-11323.47
20545.99,-11323.47 20499.72,-11322.76
20499.72,-11322.76 20454.38,-11327.43
20454.38,-11327.43 20411.8,-11337.25
20411.8,-11337.25 20373.7,-11351.79
20348.57,-11537.41 20381.02,-11554.1
20381.02,-11554.1 20418.49,-11566.53
21552.92,-11765.89 21559.61,-11767.18
21559.61,-11767.18 21572.61,-11770.17
20459.38,-11574.22 20501.92,-11576.88
20501.92,-11576.88 20544.29,-11574.44
20544.29,-11574.44 20584.79,-11567.05
20584.79,-11567.05 20621.78,-11555.01
20621.78,-11555.01 20653.54,-11538.92
21265.18,-11429.93 21232.79,-11365.52
21232.79,-11365.52 21184.19,-11304.69
21184.19,-11304.69 21120.48,-11248.84
20139.63,-12118.64 20281.74,-12142.58
20281.74,-12142.58 20428.18,-12154.7
20428.18,-12154.7 20576.02,-12154.75
20576.02,-12154.75 20722.32,-12142.76
19914.99,-11774.2 19990.42,-11823.18
19766.85,-11981.5 19879.58,-12037.31
19879.58,-12037.31 20004.68,-12083.32
20004.68,-12083.32 20139.63,-12118.64
20722.32,-12142.76 20864.18,-12118.98
20864.18,-12118.98 20998.78,-12083.87
20998.78,-12083.87 21123.46,-12038.13
21123.46,-12038.13 21235.7,-11982.68
20707.52,-11445.41 20698.49,-11420.67
20293.59,-11468.49 20303.84,-11493.8
20303.84,-11493.8 20322.48,-11517.08
20322.48,-11517.08 20348.57,-11537.41
21569.04,-11552.94 21568.14,-11527.44
21568.14,-11527.44 21552.62,-11444.15
21552.62,-11444.15 21518.27,-11363.01
21518.27,-11363.01 21465.92,-11285.82
21465.92,-11285.82 21396.77,-11214.37
21396.77,-11214.37 21312.35,-11150.23
21281.96,-11522.76 21280.61,-11496.41
21280.61,-11496.41 21265.18,-11429.93
19776.38,-11595.43 19806.67,-11658.98
19806.67,-11658.98 19853.25,-11719.04
19853.25,-11719.04 19914.99,-11774.2
21235.55,-11676.09 21267.34,-11609.76
21267.34,-11609.76 21281.29,-11541.54
21281.29,-11541.54 21281.96,-11523.12
19762.48,-11512.49 19763.1,-11529.97
19763.1,-11529.97 19776.38,-11595.43
20696.79,-11497.45 20706.7,-11473.67
20706.7,-11473.67 20708.58,-11457.47
20300.09,-11416.91 20292.32,-11442.69
20292.32,-11442.69 20291.75,-11451.88
21191.14,-11733.08 21235.55,-11676.09
19813.2,-11355.26 19780.3,-11418.18
19780.3,-11418.18 19764.16,-11483.24
19764.16,-11483.24 19762.48,-11512.2
20653.54,-11538.92 20678.83,-11519.49
20678.83,-11519.49 20696.79,-11497.45
19743.44,-12029.46 19736.64,-12032.64
19736.64,-12032.64 19722.59,-12038.69
20373.7,-11351.79 20341.59,-11370.45
20341.59,-11370.45 20316.72,-11392.46
20316.72,-11392.46 20300.09,-11416.91
20003.34,-11193.33 19925.96,-11241.57
19925.96,-11241.57 19862.12,-11295.95
19862.12,-11295.95 19813.2,-11355.26
19745,-11129.03 19651.59,-11195.1
19651.59,-11195.1 19574.51,-11267.69
19574.51,-11267.69 19515.68,-11344.57
19458.58,-11604.16 19453.7,-11549.48
19668.06,-11916.5 19587.39,-11845.67
19587.39,-11845.67 19524.82,-11768.99
19524.82,-11768.99 19481.58,-11687.98
19481.58,-11687.98 19458.58,-11604.16
21512,-11706.15 21474.63,-11773.39
21474.63,-11773.39 21412.51,-11849.34
21412.51,-11849.34 21332.34,-11919.58
21332.34,-11919.58 21235.7,-11982.68
19766.85,-11981.5 19757.21,-11991.59
20292.99,-11926.89 20409.34,-11942.68
20409.34,-11942.68 20528.37,-11948.02
20528.37,-11948.02 20647.33,-11942.82
20647.33,-11942.82 20763.47,-11927.21
20763.47,-11927.21 20874.1,-11901.55
19986.5,-11821.48 20079.06,-11865.61
20079.06,-11865.61 20182.03,-11901.01
20182.03,-11901.01 20292.99,-11926.89
20874.1,-11901.55 20976.64,-11866.45
20976.64,-11866.45 21068.68,-11822.71
21068.68,-11822.71 21148.09,-11771.38
21148.09,-11771.38 21191.14,-11733.08
18306.66,-10184.21 18199.64,-10241.69
19158.98,-10490.06 19741.8,-10246.18
18814.96,-10656.12 18791.45,-10673.46
18791.45,-10673.46 18221.49,-11094.16
19778.29,-10225.09 19742,-10246.04
18166.48,-11155.66 18130.19,-11176.61
18211.85,-11134.11 18198.08,-11142.12
18177.23,-11151.35 18166.68,-11155.57
17970.32,-10457.23 17930.99,-10535.87
19741.8,-10246.18 19742,-10246.04
17930.99,-10535.87 17911.8,-10610.61
17911.8,-10610.64 17908.34,-10660.4
17908.34,-10660.1 17911.77,-10611.01
17908.34,-10660.4 17908.34,-10660.1
17956.11,-10526.26 17955.93,-10558.72
18211.85,-11104.25 18211.85,-11134.11
19987.59,-10823.53 20009.89,-10764.22
19163.22,-10570.19 19162.16,-10558.07
19237.1,-11313.54 19237.65,-11332.58
19230.64,-11265.73 19232.31,-11302.88
20009.89,-10764.22 20022.06,-10699.66
18746.39,-10564.54 18748.23,-10581.15
18560.04,-10011.55 18559.94,-10011.11
19237.65,-11332.58 19237.75,-11333.02
20023.68,-10665.35 20023.68,-10665.61
19975.55,-10838.97 19975.48,-10873.59
20022.06,-10699.66 20023.68,-10665.35
19237.75,-11333.02 19251.03,-11361.64
19232.31,-11302.88 19237.1,-11313.54
18688.57,-10072.97 18680.63,-10055.85
19006.88,-10685.66 19223.65,-11247.6
19223.65,-11247.6 19230.64,-11265.73
18123.42,-11029.65 18221.49,-11094.16
18908.58,-10440.19 18688.57,-10072.97
18746.96,-10555.36 17956.11,-10526.26
17885.66,-10552.69 17898.01,-10553.47
17898.01,-10553.47 17912.77,-10554.81
17836.05,-10545.02 17885.63,-10552.69
20037.84,-10885.63 20087.41,-10893.3
17955.93,-10558.72 17927.92,-10556.97
17923.2,-10556.11 17912.77,-10554.81
19975.48,-10873.59 20007.58,-10878.55
20007.56,-10878.55 20007.58,-10878.55
18873.13,-10679.2 18914.02,-10686.88
20037.81,-10885.62 20037.84,-10885.63
20027.25,-10882.84 20037.81,-10885.62
19148.29,-10613.96 19182.65,-10623.3
19182.65,-10623.3 19958.55,-10834.34
19958.55,-10834.34 19975.55,-10838.97
20023.68,-10664.5 20023.68,-10664.74
20023.68,-10664.74 20023.68,-10665.35
17908.34,-10662.14 17908.34,-10661.13
17908.34,-10661.13 17908.34,-10660.82
17908.34,-10660.82 17908.34,-10660.4
20023.68,-10665.61 20023.68,-10666.34
20023.68,-10666.34 20023.68,-10666.58
19276.69,-10085.2 19128.61,-10064.94
19128.61,-10064.94 18978.65,-10055.98
18978.65,-10055.98 18830.39,-10058.63
18830.39,-10058.63 18686.92,-10073.14
18686.92,-10073.14 18550.88,-10099.51
18550.88,-10099.51 18423.93,-10136.78
18423.93,-10136.78 18306.66,-10184.21
19575.12,-10361.5 19497.79,-10311.9
19497.79,-10311.9 19408.64,-10269.66
19408.64,-10269.66 19309.76,-10235.71
19309.76,-10235.71 19203.39,-10210.77
19203.39,-10210.77 19091.93,-10195.36
19091.93,-10195.36 18977.9,-10189.82
18977.9,-10189.82 18863.88,-10194.24
18863.88,-10194.24 18752.43,-10208.5
18752.43,-10208.5 18646.05,-10232.28
18646.05,-10232.28 18547.14,-10265.03
18547.14,-10265.03 18457.98,-10306
19766.99,-10262.89 19667.76,-10206.67
19667.76,-10206.67 19551.62,-10157.57
19551.62,-10157.57 19419.26,-10116.37
19419.26,-10116.37 19276.69,-10085.2
19158.98,-10490.06 19126.8,-10469.65
19126.8,-10469.65 19088.61,-10453.52
19088.61,-10453.52 19045.98,-10442.22
19045.98,-10442.22 19000.63,-10436.13
19000.63,-10436.13 18954.35,-10435.42
18954.35,-10435.42 18909.01,-10440.09
18909.01,-10440.09 18866.44,-10449.91
18866.44,-10449.91 18828.34,-10464.45
18803.21,-10650.08 18835.66,-10666.77
18835.66,-10666.77 18873.13,-10679.2
20007.56,-10878.55 20014.25,-10879.84
20014.25,-10879.84 20027.25,-10882.84
18914.02,-10686.88 18956.56,-10689.54
18956.56,-10689.54 18998.93,-10687.11
18998.93,-10687.11 19039.43,-10679.72
19039.43,-10679.72 19076.42,-10667.67
19076.42,-10667.67 19108.17,-10651.58
19719.82,-10542.6 19687.43,-10478.18
19687.43,-10478.18 19638.82,-10417.35
19638.82,-10417.35 19575.12,-10361.5
18594.27,-11231.3 18736.38,-11255.25
18736.38,-11255.25 18882.82,-11267.36
18882.82,-11267.36 19030.66,-11267.41
19030.66,-11267.41 19176.96,-11255.43
18369.63,-10886.86 18445.06,-10935.84
18221.49,-11094.16 18334.21,-11149.97
18334.21,-11149.97 18459.32,-11195.99
18459.32,-11195.99 18594.27,-11231.3
19176.96,-11255.43 19318.82,-11231.64
19318.82,-11231.64 19453.42,-11196.53
19453.42,-11196.53 19578.09,-11150.79
19578.09,-11150.79 19690.34,-11095.34
19162.16,-10558.07 19153.13,-10533.34
18748.23,-10581.15 18758.47,-10606.47
18758.47,-10606.47 18777.11,-10629.74
18777.11,-10629.74 18803.21,-10650.08
20023.68,-10665.61 20022.78,-10640.11
20022.78,-10640.11 20007.26,-10556.81
20007.26,-10556.81 19972.91,-10475.67
19972.91,-10475.67 19920.56,-10398.49
19920.56,-10398.49 19851.41,-10327.03
19851.41,-10327.03 19766.99,-10262.89
19736.6,-10635.42 19735.25,-10609.08
19735.25,-10609.08 19719.82,-10542.6
18231.02,-10708.09 18261.31,-10771.64
18261.31,-10771.64 18307.89,-10831.71
18307.89,-10831.71 18369.63,-10886.86
19690.19,-10788.76 19721.98,-10722.42
19721.98,-10722.42 19735.93,-10654.2
19735.93,-10654.2 19736.6,-10635.79
18217.12,-10625.16 18217.74,-10642.63
18217.74,-10642.63 18231.02,-10708.09
19151.43,-10610.11 19161.34,-10586.33
19161.34,-10586.33 19163.22,-10570.13
18754.73,-10529.57 18746.96,-10555.36
18746.96,-10555.36 18746.39,-10564.54
19645.78,-10845.75 19690.19,-10788.76
18267.84,-10467.92 18234.93,-10530.84
18234.93,-10530.84 18218.8,-10595.9
18218.8,-10595.9 18217.12,-10624.86
19108.17,-10651.58 19133.47,-10632.15
19133.47,-10632.15 19151.43,-10610.11
18198.08,-11142.12 18191.28,-11145.31
18191.28,-11145.31 18177.23,-11151.35
18828.34,-10464.45 18796.22,-10483.11
18796.22,-10483.11 18771.36,-10505.12
18771.36,-10505.12 18754.73,-10529.57
18457.98,-10306 18380.6,-10354.23
18380.6,-10354.23 18316.76,-10408.61
18316.76,-10408.61 18267.84,-10467.92
18199.64,-10241.69 18106.22,-10307.76
18106.22,-10307.76 18029.14,-10380.36
18029.14,-10380.36 17970.32,-10457.23
17913.22,-10716.82 17908.34,-10662.14
18122.7,-11029.17 18042.03,-10958.33
18042.03,-10958.33 17979.45,-10881.66
17979.45,-10881.66 17936.22,-10800.64
17936.22,-10800.64 17913.22,-10716.82
19966.63,-10818.81 19929.27,-10886.06
19929.27,-10886.06 19867.15,-10962.01
19867.15,-10962.01 19786.98,-11032.24
19786.98,-11032.24 19690.34,-11095.34
18221.49,-11094.16 18211.85,-11104.25
18747.63,-11039.56 18863.98,-11055.34
18863.98,-11055.34 18983.01,-11060.68
18983.01,-11060.68 19101.97,-11055.48
19101.97,-11055.48 19218.11,-11039.87
19218.11,-11039.87 19328.74,-11014.22
18441.14,-10934.14 18533.7,-10978.27
18533.7,-10978.27 18636.67,-11013.68
18636.67,-11013.68 18747.63,-11039.56
19328.74,-11014.22 19431.28,-10979.11
19431.28,-10979.11 19523.32,-10935.38
19523.32,-10935.38 19602.73,-10884.04
19602.73,-10884.04 19645.78,-10845.75
19557.27,-16508.23 20014.08,-16771.97
19547.82,-16384.72 19547.82,-16491.87
20023.53,-16766.51 20023.53,-16632.74
19547.82,-16491.87 19557.27,-16508.23
20014.08,-16771.97 20023.53,-16766.51
17907.82,-15431.76 17907.82,-15538.87
18383.53,-15813.51 18383.53,-15706.4
17917.27,-15555.23 18374.08,-15818.97
17907.82,-15538.87 17917.27,-15555.23
18374.08,-15818.97 18383.53,-15813.51
19785.67,-16640.1 19785.67,-18105.97
