4190.23,-7833.78 6953.89,-6238.19
7119.11,-6386.22 4468.4,-7947.07
5083.26,-8434.55 7878.24,-6820.88
9241.94,-7601.21 6440.91,-9218.37
10332.84,-8226.34 7635.9,-9783.77
7465.47,-9950.78 10504.79,-8195.93
10604.89,-8253.72 7565.88,-10008.83
10621.06,-20196.46 11223.68,-20196.46
4190,-8193.22 4190,-8304.19
4190.23,-7833.78 4190,-8193.22
4208.69,-16497.8 4208.69,-8314.98
4340.94,-16021.16 4340.94,-8391.33
4362.69,-16586.63 4362.69,-16033.72
4468.27,-8181.6 4468.4,-7947.07
4517.01,-8492.98 4515.76,-16154.87
4588.4,-15461.68 4588.4,-14992.13
4588.4,-14304.76 4588.26,-13835.69
4588.4,-13149.32 4588.4,-12679.67
4588.43,-11993.45 4588.26,-11523.74
4588.47,-10836.67 4589.18,-10367.72
4208.69,-16497.8 10621.06,-20196.46
5625.21,-16060.74 5625.25,-15590.54
5625.21,-13747.91 5625.25,-13278.11
5625.25,-12591.58 5625.25,-12122.37
5625.25,-11435.59 5625.25,-10965.76
5718.56,-16804.27 5718.56,-10870.12
5894.63,-16918.17 5894.63,-10988.84
10311.57,-19504.72 9150.87,-18834.95
8935.01,-18707.19 5875.93,-16944.14
10531.97,-19595.48 10343.1,-19486.44
9150.87,-18798.12 8966.73,-18688.84
5894.63,-16918.17 5718.56,-16804.27
4515.76,-16122.1 4340.94,-16021.16
10260.32,-18736.28 9223.51,-18136.57
5625.21,-16060.74 4588.4,-15461.68
10260.32,-18266.75 9223.27,-17667.68
5625.25,-15590.54 4588.4,-14992.13
11231.84,-12008.81 13872.61,-10484.22
10260.32,-17579.63 9223.48,-16980.52
5625.24,-14903.56 4588.4,-14304.76
10260.32,-17110.45 9223.27,-16511.68
5624.39,-14433.99 4588.26,-13835.69
10312.48,-13522.37 10347.81,-13501.97
5718.56,-16804.27 5683.01,-16824.79
13764.87,-18729.21 13699.9,-18691.75
8929.45,-15716.17 5898.07,-13966.05
10260.33,-16423.94 9223.51,-15825.34
5625.21,-13747.91 4588.4,-13149.32
8939.25,-12740.19 8939.25,-18704.74
9150.87,-18834.95 9150.87,-12868.78
9223.51,-18136.57 9223.27,-17667.68
9223.48,-16980.52 9223.27,-16511.68
9223.51,-15825.34 9223.51,-15355.64
9223.51,-14669.17 9223.51,-14199.09
9223.51,-13512.64 9223.51,-13041.51
13546.84,-12357.22 11306.62,-13651.2
13490.94,-12475.39 11536.29,-13603.9
10260.26,-15953.85 9223.51,-15355.64
5625.25,-13278.11 4588.4,-12679.67
10261.15,-15268.24 9223.51,-14669.17
5625.25,-12591.58 4588.43,-11993.45
10261.15,-14798.53 9223.51,-14199.09
5625.25,-12122.37 4588.26,-11523.74
10260.32,-18736.28 10260.32,-18266.75
10260.32,-17579.63 10260.32,-17110.45
10260.33,-16423.94 10260.26,-15953.85
10260.32,-14111.61 10260.32,-13642.51
10345.69,-11857.99 10346.24,-19488.25
10531.97,-20145.07 10531.97,-11965.65
10260.32,-14111.61 9223.51,-13512.64
5625.25,-11435.59 4588.47,-10836.67
10260.32,-13642.51 9223.51,-13041.51
5625.25,-10965.76 4589.18,-10367.72
10312.48,-13522.37 4517.01,-10176.33
4516.74,-10139.53 4344.81,-10040.27
10531.97,-13608.29 10347.81,-13501.97
11306.62,-11965.64 11306.62,-20148.46
11556.34,-19175.52 11557.27,-13619.5
13490.94,-15253.13 11556.81,-16369.8
8935.01,-18707.19 8966.73,-18688.84
10606.93,-12008.81 11231.84,-12008.81
12489.27,-18636.9 12490.64,-13080.62
4190,-8304.19 10606.93,-12008.81
7565.88,-10008.83 7465.47,-9950.78
4468.27,-8181.6 7244.78,-9783.79
10343.1,-19486.44 10311.57,-19504.72
4648.64,-7873.44 7788.31,-9695.76
13424.02,-18097.22 13424.02,-12541.74
13540.25,-12361.03 13540.25,-18248.09
13546.84,-10672.26 13546.84,-12357.22
13699.9,-18691.75 13700.22,-18156.71
13853.92,-10494.97 13854.25,-18677.66
13872.61,-10373.21 13872.61,-10484.22
13872.61,-10373.21 13872.6,-10010.28
13502.94,-18051.66 11556.34,-19175.52
11306.62,-19524.05 13700.22,-18156.71
13699.91,-18678.32 11306.62,-20060.08
11223.68,-20196.46 11306.62,-20148.46
13764.87,-18729.21 13854.25,-18677.66
7635.9,-9783.77 7244.78,-9783.79
5751.73,-7236.58 8899.78,-9053.91
6854.81,-6599.72 10002.59,-8417.05
10604.89,-8343.87 10708.74,-8402.35
10604.89,-8253.72 10504.79,-8195.93
13872.6,-10010.28 7348.85,-6242.12
4515.76,-16154.87 5683.01,-16824.79
5624.39,-14433.99 5625.24,-14903.56
10261.15,-15268.24 10261.15,-14798.53
13466.45,-17120.1 11557.27,-18222.36
13466.45,-13416.45 11557.27,-14518.7
7119.11,-6386.22 10332.84,-8226.34
10708.74,-8402.35 7682.56,-10184.06
8611.12,-10486.85 11407.09,-8872.6
12769.8,-9653.51 9968.77,-11270.67
13860.7,-10278.64 11163.84,-11835.81
7795.74,-10117.42 10772,-11835.81
8176.5,-9925.74 11324.21,-11743.42
11163.84,-11835.81 10772,-11835.81
9279.58,-9288.88 12427.77,-11106.29
10382.66,-8652.02 13530.72,-10469.51
10700.11,-8467.11 13860.7,-10278.64
7565.88,-10008.83 7565.88,-10098.43
7565.88,-10098.43 7682.56,-10184.06
7465.47,-10052.27 7356.25,-9989.81
6953.89,-6238.19 7348.85,-6242.12
5894.63,-16918.17 5875.93,-16944.14
10604.89,-8343.87 10604.89,-8253.72
7465.47,-9950.78 7465.47,-10052.27
7108,-16929.25 7816.52,-17342.41
7108,-17654.22 7108,-16929.25
7816.52,-17342.41 7816.52,-18063.28
5416.01,-16678.31 5416.01,-16845.9
5416.01,-16845.9 6166.96,-17278.11
6166.96,-17278.11 6166.96,-17111.86
7263.01,-17743.56 7263.01,-17909.64
7263.01,-17909.64 8013.96,-18344.94
8013.96,-18344.94 8013.96,-18176.36
9069.01,-18787.49 9069.01,-18953.27
9069.01,-18953.27 9819.96,-19389.89
9819.96,-19389.89 9819.96,-19221.04
7605.38,-18020.95 7605.38,-21209.96
7605.38,-21209.96 5427,-21209.96
18562,-21555.96 5427,-21555.96
5427,-21009.96 5427,-21755.96
5427,-21009.96 4752.9,-21382.96
4752.9,-21382.96 5427,-21755.96
4752.9,-21382.96 1894,-21382.96
15146.84,-9536.32 17910.51,-7940.72
18075.72,-8088.76 15425.02,-9649.6
16039.88,-10137.09 18834.85,-8523.42
20198.56,-9303.74 17397.53,-10920.91
21289.46,-9928.88 18592.52,-11486.3
18422.09,-11653.32 21461.41,-9898.47
21561.51,-9956.26 18522.49,-11711.36
21577.68,-21899 22180.29,-21899
15146.62,-9895.76 15146.62,-10006.73
15146.84,-9536.32 15146.62,-9895.76
15165.3,-18200.34 15165.3,-10017.51
15297.55,-17723.7 15297.55,-10093.87
15319.31,-18289.17 15319.31,-17736.26
15424.89,-9884.13 15425.02,-9649.6
15473.62,-10195.52 15472.38,-17857.4
15545.02,-17164.21 15545.02,-16694.67
15545.02,-16007.29 15544.88,-15538.23
15545.02,-14851.86 15545.02,-14382.21
15545.05,-13695.99 15544.88,-13226.28
15545.09,-12539.2 15545.8,-12070.26
15165.3,-18200.34 21577.68,-21899
16581.83,-17763.28 16581.86,-17293.08
16581.83,-15450.45 16581.86,-14980.65
16581.87,-14294.12 16581.86,-13824.9
16581.87,-13138.12 16581.87,-12668.3
16675.17,-18506.8 16675.17,-12572.66
16851.24,-18620.7 16851.24,-12691.37
21268.19,-21207.26 20107.48,-20537.48
19891.62,-20409.72 16832.55,-18646.67
21488.58,-21298.01 21299.72,-21188.97
20107.48,-20500.65 19923.35,-20391.38
16851.24,-18620.7 16675.17,-18506.8
15472.38,-17824.63 15297.55,-17723.7
21216.94,-20438.82 20180.12,-19839.1
16581.83,-17763.28 15545.02,-17164.21
21216.94,-19969.28 20179.88,-19370.22
16581.86,-17293.08 15545.02,-16694.67
22188.46,-13711.35 24829.22,-12186.76
21216.94,-19282.16 20180.1,-18683.06
16581.85,-16606.1 15545.02,-16007.29
21216.94,-18812.98 20179.89,-18214.21
16581,-16136.52 15544.88,-15538.23
21269.09,-15224.9 21304.43,-15204.5
16675.17,-18506.8 16639.63,-18527.33
24721.48,-20431.75 24656.51,-20394.28
19886.06,-17418.71 16854.68,-15668.58
21216.95,-18126.47 20180.12,-17527.88
16581.83,-15450.45 15545.02,-14851.86
19895.87,-14442.72 19895.87,-20407.27
20107.48,-20537.48 20107.48,-14571.32
20180.12,-19839.1 20179.88,-19370.22
20180.1,-18683.06 20179.89,-18214.21
20180.12,-17527.88 20180.12,-17058.18
20180.12,-16371.71 20180.12,-15901.63
20180.12,-15215.18 20180.12,-14744.04
24503.46,-14059.75 22263.24,-15353.74
24447.55,-14177.93 22492.91,-15306.44
21216.87,-17656.39 20180.12,-17058.18
16581.86,-14980.65 15545.02,-14382.21
21217.76,-16970.78 20180.12,-16371.71
16581.87,-14294.12 15545.05,-13695.99
21217.76,-16501.06 20180.12,-15901.63
16581.86,-13824.9 15544.88,-13226.28
21216.94,-20438.82 21216.94,-19969.28
21216.94,-19282.16 21216.94,-18812.98
21216.95,-18126.47 21216.87,-17656.39
21216.94,-15814.15 21216.94,-15345.04
21302.31,-13560.53 21302.86,-21190.79
21488.58,-21847.61 21488.58,-13668.18
21216.94,-15814.15 20180.12,-15215.18
16581.87,-13138.12 15545.09,-12539.2
21216.94,-15345.04 20180.12,-14744.04
16581.87,-12668.3 15545.8,-12070.26
21269.09,-15224.9 15473.62,-11878.86
15473.36,-11842.06 15301.43,-11742.81
21488.58,-15310.82 21304.43,-15204.5
22263.24,-13668.18 22263.24,-21851
22512.95,-20878.06 22513.88,-15322.04
24447.55,-16955.67 22513.42,-18072.33
19891.62,-20409.72 19923.35,-20391.38
21563.55,-13711.35 22188.46,-13711.35
23445.89,-20339.43 23447.26,-14783.16
15146.62,-10006.73 21563.55,-13711.35
18522.49,-11711.36 18422.09,-11653.32
15424.89,-9884.13 18201.4,-11486.33
21299.72,-21188.97 21268.19,-21207.26
15605.26,-9575.98 18744.93,-11398.29
24380.64,-19799.76 24380.64,-14244.27
24496.87,-14063.56 24496.87,-19951.37
24503.46,-12374.79 24503.46,-14059.75
24656.51,-20394.28 24656.83,-19859.25
24810.54,-12197.51 24810.86,-20380.19
24829.22,-12075.75 24829.22,-12186.76
24829.22,-12075.75 24829.22,-11712.82
24459.55,-19754.2 22512.95,-20878.06
22263.24,-21226.58 24656.83,-19859.25
24656.52,-20380.86 22263.24,-21762.61
22180.29,-21899 22263.24,-21851
24721.48,-20431.75 24810.86,-20380.19
18592.52,-11486.3 18201.4,-11486.33
16708.34,-8939.12 19856.39,-10756.44
17811.42,-8302.26 20959.21,-10119.59
21561.51,-10046.4 21665.36,-10104.89
21561.51,-9956.26 21461.41,-9898.47
24829.22,-11712.82 18305.47,-7944.65
15472.38,-17857.4 16639.63,-18527.33
16581,-16136.52 16581.85,-16606.1
21217.76,-16970.78 21217.76,-16501.06
24423.06,-18822.64 22513.88,-19924.9
24423.06,-15118.98 22513.88,-16221.24
18075.72,-8088.76 21289.46,-9928.88
21665.36,-10104.89 18639.18,-11886.59
19567.73,-12189.39 22363.71,-10575.14
23726.42,-11356.04 20925.38,-12973.21
24817.31,-11981.18 22120.45,-13538.35
18752.36,-11819.96 21728.62,-13538.35
19133.12,-11628.28 22280.83,-13445.96
22120.45,-13538.35 21728.62,-13538.35
20236.2,-10991.42 23384.39,-12808.82
21339.28,-10354.56 24487.33,-12172.04
21656.72,-10169.64 24817.31,-11981.18
18522.49,-11711.36 18522.49,-11800.97
18522.49,-11800.97 18639.18,-11886.59
18422.09,-11754.81 18312.87,-11692.35
17910.51,-7940.72 18305.47,-7944.65
16851.24,-18620.7 16832.55,-18646.67
21561.51,-10046.4 21561.51,-9956.26
18422.09,-11653.32 18422.09,-11754.81
18064.62,-18631.78 18773.14,-19044.94
18064.62,-19356.76 18064.62,-18631.78
18773.14,-19044.94 18773.14,-19765.81
16372.62,-18380.85 16372.62,-18548.44
16372.62,-18548.44 17123.57,-18980.64
17123.57,-18980.64 17123.57,-18814.4
18219.62,-19446.09 18219.62,-19612.18
18219.62,-19612.18 18970.57,-20047.48
18970.57,-20047.48 18970.57,-19878.89
20025.62,-20490.02 20025.62,-20655.8
20025.62,-20655.8 20776.57,-21092.42
20776.57,-21092.42 20776.57,-20923.57
18562,-19723.49 18562,-21555.96
