8132.81,-16887.28 8132.81,-18767.35
8132.81,-18767.35 5932.81,-18767.35
10717.43,-19113.35 5932.81,-19113.35
5932.81,-18567.35 5932.81,-19313.35
5932.81,-18567.35 5258.71,-18940.35
5258.71,-18940.35 5932.81,-19313.35
5258.71,-18940.35 3433.43,-18940.35
13904.28,-18940.35 11391.52,-18940.35
19692.28,-19286.36 11391.52,-19286.36
11391.52,-18740.35 11391.52,-19486.36
11391.52,-18740.35 10717.43,-19113.35
10717.43,-19113.35 11391.52,-19486.36
5788.06,-10937.36 6667.85,-10429.41
6667.85,-10429.41 7274.93,-10078.91
5784.43,-11202.53 5784.43,-10946.52
5791.48,-15711.17 5791.48,-11207.03
6005.59,-11881.82 6005.59,-13773.1
6005.59,-15532.24 6005.59,-13777.29
6005.59,-13773.1 6005.59,-13777.29
6005.59,-11881.82 6005.59,-11859.62
6005.59,-11859.62 6006.19,-11331
8586.79,-17325.01 8918.69,-17325.01
6347.93,-13862.36 6347.93,-13770.17
6347.93,-13764.99 6347.93,-13770.17
6347.93,-13764.99 6352.16,-13762.83
5793.88,-15714.52 5834.54,-15738
8540.33,-17300.15 8580.98,-17323.62
8537.12,-17268.12 8513.23,-17254.33
5873.25,-15730.17 5913.9,-15753.64
5924.23,-15753.46 8503.49,-17242.56
6583.81,-13991.41 6583.81,-13899.37
6578.76,-13995.63 6583.81,-13991.41
8926.23,-12816.52 10414.6,-11957.15
6005.59,-15532.24 8365.59,-16894.75
8411.61,-16894.79 8537.12,-16967.25
10266.48,-12849.21 10266.74,-12849.1
8250.73,-16368.9 6121.72,-15139.74
7780.17,-14591.88 7780.17,-14689.24
10246.37,-12855.67 9058.7,-13540.51
8968.37,-13598.63 9030.95,-13562.58
10266.74,-12849.1 10327.22,-12814.18
8016.06,-14818.45 8016.06,-14726.26
7780.17,-14591.88 7784.4,-14589.72
5850.03,-15738 5863.57,-15730.17
8011.01,-14822.52 8015.35,-14820.01
10266.48,-13785.07 10266.74,-13784.96
8250.73,-15382.75 6121.72,-14153.59
10349.01,-16492.24 10335.46,-16484.42
8537.12,-17295.68 8537.12,-12792.19
9051.05,-14482.01 9058.69,-14476.36
10246.37,-13790.67 9058.7,-14476.37
8968.37,-14534.57 9030.95,-14498.44
10266.74,-13784.96 10327.22,-13750.04
8537.12,-15232.68 6009.7,-13773.5
6575.34,-13993.65 6578.76,-13995.63
8007.59,-14820.54 8011.01,-14822.52
6347.93,-13862.36 6575.34,-13993.65
7780.17,-14689.24 8007.59,-14820.54
6352.16,-13762.83 6581.39,-13895.18
7784.4,-14589.72 8013.64,-14722.07
8250.73,-14819.84 6121.72,-13590.68
8968.37,-12792.19 8968.37,-17295.67
9060,-17201.25 9060,-16819.46
9136.29,-16775.53 9136.29,-13495.77
9051.05,-15300.54 9058.69,-15294.89
9031.16,-15316.82 9030.95,-15316.97
10246.37,-14609.67 9058.7,-15294.9
8968.37,-15353.1 9030.95,-15316.97
10267.37,-14603.67 10326.31,-14569.11
9668.54,-16469.01 9668.54,-13188.86
10266.48,-15422.13 10266.74,-15422.02
6121.72,-12537.49 8250.73,-13766.65
9031.16,-16135.34 9030.95,-16135.5
10246.37,-15427.67 9058.37,-16113.67
8968.37,-16171.63 9030.95,-16135.5
10266.74,-15422.02 10326.08,-15387.76
8537.12,-13335.85 6010.3,-11876.99
10200.79,-16162.5 10200.79,-12881.96
10270.14,-16126.84 10270.14,-16499.23
10407.55,-11961.28 10407.55,-16465.42
10414.6,-11892.15 10414.6,-11957.15
10414.6,-11700.77 10414.6,-11892.15
9051.05,-16825.86 9058.72,-16820.2
9031.16,-16842.13 9030.95,-16842.28
10247.37,-16135.67 9058.7,-16820.21
8968.37,-16878.45 9030.95,-16842.28
10266.74,-16128.8 10325.89,-16094.65
10266.48,-16128.91 10266.74,-16128.8
5784.43,-11202.53 8579.26,-12816.52
10325.78,-16484.42 10285.14,-16507.89
8968.37,-17268.12 9047.9,-17222.2
8924.5,-17323.62 8965.16,-17300.14
10364.49,-16492.24 10405.15,-16468.77
8579.26,-12816.52 8926.23,-12816.52
7617.65,-10078.91 10410.97,-11691.6
7275.24,-10078.41 7617.65,-10078.91
10247.37,-16135.67 10266.48,-16128.91
9031.16,-16842.13 9040.81,-16834.01
9040.81,-16834.01 9051.05,-16825.86
10246.37,-15427.67 10266.48,-15422.13
9031.16,-16135.34 9058.37,-16113.67
9031.16,-15316.82 9040.81,-15308.7
9040.81,-15308.7 9051.05,-15300.54
10246.37,-14609.67 10267.37,-14603.67
9031.16,-14498.29 9040.81,-14490.17
9040.81,-14490.17 9051.05,-14482.01
10246.37,-13790.67 10250.12,-13789.58
10250.12,-13789.58 10258.36,-13787.19
10258.36,-13787.19 10266.48,-13785.07
9031.16,-13562.43 9040.81,-13554.31
9040.81,-13554.31 9051.05,-13546.15
10246.37,-12855.67 10250.12,-12853.72
10250.12,-12853.72 10258.36,-12851.33
10258.36,-12851.33 10266.48,-12849.21
9051.05,-13546.15 9058.7,-13540.51
10349.01,-16492.24 10358.34,-16494.36
10358.34,-16494.36 10364.49,-16492.24
10405.15,-16468.77 10407.55,-16465.42
10335.46,-16484.42 10325.78,-16484.42
10285.14,-16507.89 10273.04,-16500.9
10273.04,-16500.9 10270.14,-16499.23
10410.97,-11691.6 10414.6,-11700.77
5788.06,-10937.36 5784.43,-10946.52
8013.64,-14722.07 8016.06,-14726.26
6581.39,-13895.18 6583.81,-13899.37
5791.48,-15711.17 5793.88,-15714.52
5834.54,-15738 5850.03,-15738
5863.57,-15730.17 5873.25,-15730.17
5913.9,-15753.64 5924.23,-15753.46
8537.12,-17295.68 8540.33,-17300.15
8580.98,-17323.62 8586.79,-17325.01
8918.69,-17325.01 8924.5,-17323.62
8965.16,-17300.14 8968.37,-17295.67
9047.9,-17222.2 9060,-17201.25
8513.23,-17254.33 8503.49,-17242.56
8365.59,-16894.75 8411.61,-16894.79
8015.35,-14820.01 8016.06,-14818.45
8226.63,-11334.59 8119.61,-11392.06
9078.95,-11640.43 9661.77,-11396.56
8734.93,-11806.49 8711.42,-11823.83
8711.42,-11823.83 8141.46,-12244.54
9698.26,-11375.46 9661.97,-11396.42
8086.45,-12306.04 8050.16,-12326.99
8131.82,-12284.48 8118.05,-12292.5
8086.65,-12305.94 8086.45,-12306.04
8097.2,-12301.73 8086.65,-12305.94
7890.29,-11607.61 7850.96,-11686.25
9661.77,-11396.56 9661.97,-11396.42
7850.96,-11686.25 7831.77,-11760.99
7831.77,-11761.02 7828.31,-11810.78
7828.31,-11810.48 7831.74,-11761.38
7831.77,-11761.02 7831.77,-11760.99
7828.31,-11810.78 7828.31,-11810.48
7876.08,-11676.64 7875.9,-11709.09
8131.82,-12254.62 8131.82,-12284.48
9907.56,-11973.91 9929.86,-11914.59
9083.19,-11720.56 9082.13,-11708.45
9157.07,-12463.92 9157.62,-12482.96
9150.61,-12416.1 9152.28,-12453.26
9929.86,-11914.59 9942.03,-11850.04
8666.36,-11714.92 8668.2,-11731.52
9157.62,-12482.96 9157.72,-12483.4
9943.65,-11815.73 9943.65,-11815.98
9895.52,-11989.34 9895.45,-12023.96
9942.03,-11850.04 9943.65,-11815.73
9157.72,-12483.4 9171,-12512.02
9152.28,-12453.26 9157.07,-12463.92
8608.55,-11223.35 8600.6,-11206.22
8926.85,-11836.03 9143.62,-12397.97
9143.62,-12397.97 9150.61,-12416.1
8043.39,-12180.02 8141.46,-12244.54
8828.55,-11590.57 8608.55,-11223.35
8666.93,-11705.73 7876.08,-11676.64
7805.63,-11703.07 7817.98,-11703.84
7817.98,-11703.84 7832.74,-11705.18
7756.02,-11695.4 7805.6,-11703.07
9957.81,-12036.01 10007.38,-12043.67
7875.9,-11709.09 7847.9,-11707.35
7843.17,-11706.49 7832.74,-11705.18
9895.45,-12023.96 9927.55,-12028.93
8793.1,-11829.57 8833.99,-11837.26
9957.78,-12036 9957.81,-12036.01
9947.22,-12033.21 9957.78,-12036
9068.26,-11764.34 9102.62,-11773.68
9102.62,-11773.68 9878.52,-11984.72
9878.52,-11984.72 9895.52,-11989.34
9943.65,-11814.87 9943.65,-11815.12
9943.65,-11815.12 9943.65,-11815.73
7828.31,-11812.52 7828.31,-11811.51
7828.31,-11811.51 7828.31,-11811.2
7828.31,-11811.2 7828.31,-11810.78
9943.65,-11815.98 9943.65,-11816.71
9943.65,-11816.71 9943.65,-11816.96
9196.67,-11235.58 9048.58,-11215.32
9048.58,-11215.32 8898.62,-11206.35
8898.62,-11206.35 8750.36,-11209.01
8750.36,-11209.01 8606.89,-11223.52
8606.89,-11223.52 8470.85,-11249.89
8470.85,-11249.89 8343.9,-11287.15
8343.9,-11287.15 8226.63,-11334.59
9495.09,-11511.88 9417.76,-11462.28
9417.76,-11462.28 9328.62,-11420.04
9328.62,-11420.04 9229.73,-11386.08
9229.73,-11386.08 9123.36,-11361.14
9123.36,-11361.14 9011.9,-11345.74
9011.9,-11345.74 8897.87,-11340.2
8897.87,-11340.2 8783.85,-11344.61
8783.85,-11344.61 8672.4,-11358.88
8672.4,-11358.88 8566.02,-11382.65
8566.02,-11382.65 8467.11,-11415.4
8467.11,-11415.4 8377.95,-11456.37
9686.96,-11413.27 9587.73,-11357.04
9587.73,-11357.04 9471.59,-11307.94
9471.59,-11307.94 9339.23,-11266.74
9339.23,-11266.74 9196.67,-11235.58
9078.95,-11640.43 9046.77,-11620.03
9046.77,-11620.03 9008.58,-11603.9
9008.58,-11603.9 8965.95,-11592.6
8965.95,-11592.6 8920.6,-11586.5
8920.6,-11586.5 8874.32,-11585.8
8874.32,-11585.8 8828.99,-11590.47
8828.99,-11590.47 8786.41,-11600.29
8786.41,-11600.29 8748.31,-11614.83
8723.18,-11800.45 8755.63,-11817.14
8755.63,-11817.14 8793.1,-11829.57
9927.53,-12028.93 9934.22,-12030.22
9934.22,-12030.22 9947.22,-12033.21
8833.99,-11837.26 8876.53,-11839.92
8876.53,-11839.92 8918.9,-11837.48
8918.9,-11837.48 8959.4,-11830.09
8959.4,-11830.09 8996.39,-11818.05
8996.39,-11818.05 9028.15,-11801.96
9639.79,-11692.97 9607.4,-11628.55
9607.4,-11628.55 9558.8,-11567.73
9558.8,-11567.73 9495.09,-11511.88
8514.24,-12381.68 8656.35,-12405.62
8656.35,-12405.62 8802.79,-12417.73
8802.79,-12417.73 8950.63,-12417.79
8950.63,-12417.79 9096.93,-12405.8
8289.6,-12037.24 8365.03,-12086.22
8141.46,-12244.54 8254.19,-12300.35
8254.19,-12300.35 8379.29,-12346.36
8379.29,-12346.36 8514.24,-12381.68
9096.93,-12405.8 9238.79,-12382.01
9238.79,-12382.01 9373.39,-12346.91
9373.39,-12346.91 9498.06,-12301.17
9498.06,-12301.17 9610.31,-12245.72
9082.13,-11708.45 9073.1,-11683.71
8668.2,-11731.52 8678.45,-11756.84
8678.45,-11756.84 8697.08,-11780.12
8697.08,-11780.12 8723.18,-11800.45
9943.65,-11815.98 9942.75,-11790.48
9942.75,-11790.48 9927.23,-11707.19
9927.23,-11707.19 9892.88,-11626.05
9892.88,-11626.05 9840.53,-11548.86
9840.53,-11548.86 9771.38,-11477.41
9771.38,-11477.41 9686.96,-11413.27
9656.57,-11785.8 9655.22,-11759.45
9655.22,-11759.45 9639.79,-11692.97
8150.99,-11858.47 8181.28,-11922.02
8181.28,-11922.02 8227.86,-11982.08
8227.86,-11982.08 8289.6,-12037.24
9610.16,-11939.13 9641.95,-11872.8
9641.95,-11872.8 9655.9,-11804.58
9655.9,-11804.58 9656.57,-11786.16
8137.09,-11775.53 8137.71,-11793.01
8137.71,-11793.01 8150.99,-11858.47
9071.4,-11760.49 9081.31,-11736.71
9081.31,-11736.71 9083.19,-11720.51
8674.7,-11679.95 8666.93,-11705.73
8666.93,-11705.73 8666.36,-11714.92
9565.75,-11996.12 9610.16,-11939.13
8187.81,-11618.3 8154.9,-11681.22
8154.9,-11681.22 8138.77,-11746.28
8138.77,-11746.28 8137.09,-11775.23
9028.15,-11801.96 9053.44,-11782.52
9053.44,-11782.52 9071.4,-11760.49
8118.05,-12292.5 8111.25,-12295.68
8111.25,-12295.68 8097.2,-12301.73
8748.31,-11614.83 8716.19,-11633.49
8716.19,-11633.49 8691.33,-11655.5
8691.33,-11655.5 8674.7,-11679.95
8377.95,-11456.37 8300.57,-11504.61
8300.57,-11504.61 8236.73,-11558.99
8236.73,-11558.99 8187.81,-11618.3
8119.61,-11392.06 8026.19,-11458.13
8026.19,-11458.13 7949.11,-11530.73
7949.11,-11530.73 7890.29,-11607.61
7833.19,-11867.2 7828.31,-11812.52
8042.67,-12179.54 7962,-12108.71
7962,-12108.71 7899.43,-12032.03
7899.43,-12032.03 7856.19,-11951.02
7856.19,-11951.02 7833.19,-11867.2
9886.6,-11969.19 9849.24,-12036.43
9849.24,-12036.43 9787.12,-12112.38
9787.12,-12112.38 9706.95,-12182.62
9706.95,-12182.62 9610.31,-12245.72
8141.46,-12244.54 8131.82,-12254.62
8667.6,-12189.93 8783.95,-12205.72
8783.95,-12205.72 8902.98,-12211.06
8902.98,-12211.06 9021.94,-12205.86
9021.94,-12205.86 9138.08,-12190.25
9138.08,-12190.25 9248.71,-12164.59
8361.11,-12084.52 8453.67,-12128.65
8453.67,-12128.65 8556.64,-12164.05
8556.64,-12164.05 8667.6,-12189.93
9248.71,-12164.59 9351.25,-12129.49
9351.25,-12129.49 9443.29,-12085.75
9443.29,-12085.75 9522.7,-12034.42
9522.7,-12034.42 9565.75,-11996.12
6681.27,-10447.25 6574.25,-10504.73
7533.59,-10753.1 8116.41,-10509.22
7189.57,-10919.16 7166.06,-10936.49
7166.06,-10936.49 6596.1,-11357.2
8152.9,-10488.13 8116.61,-10509.08
6541.09,-11418.7 6504.8,-11439.65
6586.46,-11397.14 6572.69,-11405.16
6551.84,-11414.39 6541.29,-11418.61
6344.93,-10720.27 6305.6,-10798.91
8116.41,-10509.22 8116.61,-10509.08
6305.6,-10798.91 6286.41,-10873.65
6286.41,-10873.68 6282.95,-10923.44
6282.95,-10923.14 6286.38,-10874.05
6282.95,-10923.44 6282.95,-10923.14
6330.72,-10789.3 6330.53,-10821.76
6586.46,-11367.29 6586.46,-11397.14
8362.2,-11086.57 8384.5,-11027.26
7537.83,-10833.23 7536.77,-10821.11
7611.7,-11576.58 7612.26,-11595.62
7605.25,-11528.77 7606.92,-11565.92
8384.5,-11027.26 8396.66,-10962.7
7121,-10827.58 7122.84,-10844.19
6934.65,-10274.59 6934.55,-10274.15
7612.26,-11595.62 7612.36,-11596.06
8398.29,-10928.39 8398.29,-10928.65
8350.15,-11102.01 8350.09,-11136.63
8396.66,-10962.7 8398.29,-10928.39
7612.36,-11596.06 7625.64,-11624.68
7606.92,-11565.92 7611.7,-11576.58
7063.18,-10336.01 7055.23,-10318.88
7381.49,-10948.69 7598.26,-11510.64
7598.26,-11510.64 7605.25,-11528.77
6498.03,-11292.69 6596.1,-11357.2
7283.19,-10703.23 7063.18,-10336.01
7121.57,-10818.4 6330.72,-10789.3
6260.26,-10815.73 6272.62,-10816.5
6272.62,-10816.5 6287.38,-10817.85
6210.66,-10808.06 6260.24,-10815.73
8412.45,-11148.67 8462.02,-11156.34
6330.53,-10821.76 6302.53,-10820.01
6297.81,-10819.15 6287.38,-10817.85
8350.09,-11136.63 8382.19,-11141.59
8382.17,-11141.59 8382.19,-11141.59
7247.73,-10942.23 7288.63,-10949.92
8412.42,-11148.66 8412.45,-11148.67
8401.86,-11145.87 8412.42,-11148.66
7522.9,-10877 7557.26,-10886.34
7557.26,-10886.34 8333.16,-11097.38
8333.16,-11097.38 8350.15,-11102.01
8398.29,-10927.53 8398.29,-10927.78
8398.29,-10927.78 8398.29,-10928.39
6282.95,-10925.18 6282.95,-10924.17
6282.95,-10924.17 6282.95,-10923.86
6282.95,-10923.86 6282.95,-10923.44
8398.29,-10928.65 8398.29,-10929.37
8398.29,-10929.37 8398.29,-10929.62
7651.3,-10348.24 7503.22,-10327.98
7503.22,-10327.98 7353.26,-10319.02
7353.26,-10319.02 7205,-10321.67
7205,-10321.67 7061.53,-10336.18
7061.53,-10336.18 6925.49,-10362.55
6925.49,-10362.55 6798.54,-10399.82
6798.54,-10399.82 6681.27,-10447.25
7949.73,-10624.54 7872.4,-10574.94
7872.4,-10574.94 7783.25,-10532.7
7783.25,-10532.7 7684.37,-10498.74
7684.37,-10498.74 7578,-10473.8
7578,-10473.8 7466.54,-10458.4
7466.54,-10458.4 7352.5,-10452.86
7352.5,-10452.86 7238.49,-10457.28
7238.49,-10457.28 7127.04,-10471.54
7127.04,-10471.54 7020.66,-10495.31
7020.66,-10495.31 6921.75,-10528.07
6921.75,-10528.07 6832.59,-10569.04
8141.59,-10525.93 8042.37,-10469.7
8042.37,-10469.7 7926.23,-10420.6
7926.23,-10420.6 7793.87,-10379.41
7793.87,-10379.41 7651.3,-10348.24
7533.59,-10753.1 7501.41,-10732.69
7501.41,-10732.69 7463.22,-10716.56
7463.22,-10716.56 7420.59,-10705.26
7420.59,-10705.26 7375.24,-10699.17
7375.24,-10699.17 7328.96,-10698.46
7328.96,-10698.46 7283.62,-10703.13
7283.62,-10703.13 7241.05,-10712.95
7241.05,-10712.95 7202.95,-10727.49
7177.82,-10913.12 7210.27,-10929.8
7210.27,-10929.8 7247.73,-10942.23
8382.17,-11141.59 8388.86,-11142.88
8388.86,-11142.88 8401.86,-11145.87
7288.63,-10949.92 7331.16,-10952.58
7331.16,-10952.58 7373.54,-10950.15
7373.54,-10950.15 7414.04,-10942.75
7414.04,-10942.75 7451.03,-10930.71
7451.03,-10930.71 7482.78,-10914.62
8094.43,-10805.64 8062.04,-10741.22
8062.04,-10741.22 8013.43,-10680.39
8013.43,-10680.39 7949.73,-10624.54
6968.88,-11494.34 7110.99,-11518.29
7110.99,-11518.29 7257.43,-11530.4
7257.43,-11530.4 7405.27,-11530.45
7405.27,-11530.45 7551.57,-11518.46
6744.24,-11149.9 6819.66,-11198.88
6596.1,-11357.2 6708.82,-11413.01
6708.82,-11413.01 6833.92,-11459.02
6833.92,-11459.02 6968.88,-11494.34
7551.57,-11518.46 7693.43,-11494.68
7693.43,-11494.68 7828.03,-11459.57
7828.03,-11459.57 7952.7,-11413.83
7952.7,-11413.83 8064.95,-11358.38
7536.77,-10821.11 7527.74,-10796.38
7122.84,-10844.19 7133.08,-10869.51
7133.08,-10869.51 7151.72,-10892.78
7151.72,-10892.78 7177.82,-10913.12
8398.29,-10928.65 8397.39,-10903.14
8397.39,-10903.14 8381.87,-10819.85
8381.87,-10819.85 8347.52,-10738.71
8347.52,-10738.71 8295.17,-10661.52
8295.17,-10661.52 8226.02,-10590.07
8226.02,-10590.07 8141.59,-10525.93
8111.2,-10898.46 8109.86,-10872.11
8109.86,-10872.11 8094.43,-10805.64
6605.63,-10971.13 6635.92,-11034.68
6635.92,-11034.68 6682.5,-11094.75
6682.5,-11094.75 6744.24,-11149.9
8064.8,-11051.8 8096.59,-10985.46
8096.59,-10985.46 8110.54,-10917.24
8110.54,-10917.24 8111.2,-10898.82
6591.73,-10888.19 6592.35,-10905.67
6592.35,-10905.67 6605.63,-10971.13
7526.04,-10873.15 7535.95,-10849.37
7535.95,-10849.37 7537.83,-10833.17
7129.34,-10792.61 7121.57,-10818.4
7121.57,-10818.4 7121,-10827.58
8020.39,-11108.79 8064.8,-11051.8
6642.45,-10730.96 6609.54,-10793.88
6609.54,-10793.88 6593.4,-10858.94
6593.4,-10858.94 6591.73,-10887.9
7482.78,-10914.62 7508.08,-10895.19
7508.08,-10895.19 7526.04,-10873.15
6572.69,-11405.16 6565.89,-11408.34
6565.89,-11408.34 6551.84,-11414.39
7202.95,-10727.49 7170.83,-10746.15
7170.83,-10746.15 7145.97,-10768.16
7145.97,-10768.16 7129.34,-10792.61
6832.59,-10569.04 6755.21,-10617.27
6755.21,-10617.27 6691.37,-10671.65
6691.37,-10671.65 6642.45,-10730.96
6574.25,-10504.73 6480.83,-10570.8
6480.83,-10570.8 6403.75,-10643.4
6403.75,-10643.4 6344.93,-10720.27
6287.83,-10979.86 6282.95,-10925.18
6497.31,-11292.2 6416.64,-11221.37
6416.64,-11221.37 6354.06,-11144.69
6354.06,-11144.69 6310.83,-11063.68
6310.83,-11063.68 6287.83,-10979.86
8341.24,-11081.85 8303.88,-11149.09
8303.88,-11149.09 8241.76,-11225.04
8241.76,-11225.04 8161.59,-11295.28
8161.59,-11295.28 8064.95,-11358.38
6596.1,-11357.2 6586.46,-11367.29
7122.24,-11302.6 7238.59,-11318.38
7238.59,-11318.38 7357.62,-11323.72
7357.62,-11323.72 7476.58,-11318.52
7476.58,-11318.52 7592.72,-11302.91
7592.72,-11302.91 7703.34,-11277.25
6815.75,-11197.18 6908.31,-11241.31
6908.31,-11241.31 7011.28,-11276.72
7011.28,-11276.72 7122.24,-11302.6
7703.34,-11277.25 7805.89,-11242.15
7805.89,-11242.15 7897.93,-11198.42
7897.93,-11198.42 7977.34,-11147.08
7977.34,-11147.08 8020.39,-11108.79
7931.88,-16771.27 8388.69,-17035.01
7922.43,-16647.76 7922.43,-16754.91
8398.14,-17029.55 8398.14,-16895.78
7922.43,-16754.91 7931.88,-16771.27
8388.69,-17035.01 8398.14,-17029.55
6282.43,-15694.8 6282.43,-15801.91
6758.14,-16076.55 6758.14,-15969.44
6291.88,-15818.27 6748.69,-16082.01
6282.43,-15801.91 6291.88,-15818.27
6748.69,-16082.01 6758.14,-16076.55
11532.06,-11239.7 12411.85,-10731.76
12411.85,-10731.76 13018.93,-10381.26
11528.43,-11504.88 11528.43,-11248.87
11535.48,-16013.52 11535.48,-11509.38
11749.59,-12184.17 11749.59,-14075.45
11749.59,-15834.58 11749.59,-14079.64
11749.59,-14075.45 11749.59,-14079.64
11749.59,-12184.17 11749.59,-12161.97
11749.59,-12161.97 11750.19,-11633.35
14330.79,-17627.36 14662.69,-17627.36
12091.93,-14164.7 12091.93,-14072.52
12091.93,-14067.34 12091.93,-14072.52
12091.93,-14067.34 12096.16,-14065.18
11537.88,-16016.87 11578.54,-16040.35
14284.33,-17602.49 14324.98,-17625.97
14281.12,-17570.47 14257.23,-17556.68
11617.25,-16032.52 11657.9,-16055.99
11668.23,-16055.81 14247.49,-17544.91
12327.81,-14293.76 12327.81,-14201.72
12322.76,-14297.98 12327.81,-14293.76
14670.23,-13118.87 16158.6,-12259.5
11749.59,-15834.58 14109.59,-17197.1
14155.61,-17197.14 14281.12,-17269.6
16010.48,-13151.56 16010.74,-13151.45
13994.73,-16671.25 11865.72,-15442.09
13524.17,-14894.23 13524.17,-14991.59
15990.37,-13158.02 14802.7,-13842.86
14712.37,-13900.98 14774.95,-13864.93
16010.74,-13151.45 16071.22,-13116.53
13760.06,-15120.79 13760.06,-15028.61
13524.17,-14894.23 13528.4,-14892.07
11594.03,-16040.35 11607.57,-16032.52
13755.01,-15124.87 13759.35,-15122.36
16010.48,-14087.42 16010.74,-14087.31
13994.73,-15685.1 11865.72,-14455.94
16093.01,-16794.59 16079.46,-16786.77
14281.12,-17598.02 14281.12,-13094.54
14795.05,-14784.36 14802.69,-14778.71
15990.37,-14093.02 14802.7,-14778.72
14712.37,-14836.92 14774.95,-14800.79
16010.74,-14087.31 16071.22,-14052.39
14281.12,-15535.03 11753.7,-14075.85
12319.34,-14296 12322.76,-14297.98
13751.59,-15122.89 13755.01,-15124.87
12091.93,-14164.7 12319.34,-14296
13524.17,-14991.59 13751.59,-15122.89
12096.16,-14065.18 12325.39,-14197.53
13528.4,-14892.07 13757.64,-15024.42
13994.73,-15122.19 11865.72,-13893.03
14712.37,-13094.54 14712.37,-17598.02
14804,-17503.6 14804,-17121.81
14880.29,-17077.88 14880.29,-13798.12
14795.05,-15602.89 14802.69,-15597.24
14775.16,-15619.16 14774.95,-15619.32
15990.37,-14912.02 14802.7,-15597.25
14712.37,-15655.45 14774.95,-15619.32
16011.37,-14906.02 16070.31,-14871.46
15412.54,-16771.36 15412.54,-13491.21
16010.48,-15724.48 16010.74,-15724.37
11865.72,-12839.84 13994.73,-14069
14775.16,-16437.69 14774.95,-16437.85
15990.37,-15730.02 14802.37,-16416.02
14712.37,-16473.98 14774.95,-16437.85
16010.74,-15724.37 16070.08,-15690.11
14281.12,-13638.19 11754.3,-12179.34
15944.79,-16464.85 15944.79,-13184.3
16014.14,-16429.19 16014.14,-16801.58
16151.55,-12263.63 16151.55,-16767.77
16158.6,-12194.5 16158.6,-12259.5
16158.6,-12003.12 16158.6,-12194.5
14795.05,-17128.21 14802.72,-17122.55
14775.16,-17144.48 14774.95,-17144.63
15991.37,-16438.02 14802.7,-17122.56
14712.37,-17180.8 14774.95,-17144.63
16010.74,-16431.15 16069.89,-16397
16010.48,-16431.26 16010.74,-16431.15
11528.43,-11504.88 14323.26,-13118.87
16069.78,-16786.77 16029.14,-16810.24
14712.37,-17570.47 14791.9,-17524.55
14668.5,-17625.97 14709.16,-17602.49
16108.49,-16794.59 16149.15,-16771.12
14323.26,-13118.87 14670.23,-13118.87
13361.65,-10381.26 16154.97,-11993.95
13019.24,-10380.75 13361.65,-10381.26
15991.37,-16438.02 16010.48,-16431.26
14775.16,-17144.48 14784.81,-17136.36
14784.81,-17136.36 14795.05,-17128.21
15990.37,-15730.02 16010.48,-15724.48
14775.16,-16437.69 14802.37,-16416.02
14775.16,-15619.16 14784.81,-15611.05
14784.81,-15611.05 14795.05,-15602.89
15990.37,-14912.02 16011.37,-14906.02
14775.16,-14800.64 14784.81,-14792.52
14784.81,-14792.52 14795.05,-14784.36
15990.37,-14093.02 15994.12,-14091.93
15994.12,-14091.93 16002.36,-14089.54
16002.36,-14089.54 16010.48,-14087.42
14775.16,-13864.77 14784.81,-13856.66
14784.81,-13856.66 14795.05,-13848.5
15990.37,-13158.02 15994.12,-13156.07
15994.12,-13156.07 16002.36,-13153.68
16002.36,-13153.68 16010.48,-13151.56
14795.05,-13848.5 14802.7,-13842.86
16093.01,-16794.59 16102.34,-16796.71
16102.34,-16796.71 16108.49,-16794.59
16149.15,-16771.12 16151.55,-16767.77
16079.46,-16786.77 16069.78,-16786.77
16029.14,-16810.24 16017.04,-16803.25
16017.04,-16803.25 16014.14,-16801.58
16154.97,-11993.95 16158.6,-12003.12
11532.06,-11239.7 11528.43,-11248.87
13757.64,-15024.42 13760.06,-15028.61
12325.39,-14197.53 12327.81,-14201.72
11535.48,-16013.52 11537.88,-16016.87
11578.54,-16040.35 11594.03,-16040.35
11607.57,-16032.52 11617.25,-16032.52
11657.9,-16055.99 11668.23,-16055.81
14281.12,-17598.02 14284.33,-17602.49
14324.98,-17625.97 14330.79,-17627.36
14662.69,-17627.36 14668.5,-17625.97
14709.16,-17602.49 14712.37,-17598.02
14791.9,-17524.55 14804,-17503.6
14257.23,-17556.68 14247.49,-17544.91
14109.59,-17197.1 14155.61,-17197.14
13759.35,-15122.36 13760.06,-15120.79
13970.63,-11636.94 13863.61,-11694.41
14822.95,-11942.78 15405.77,-11698.91
14478.93,-12108.84 14455.42,-12126.18
14455.42,-12126.18 13885.46,-12546.89
15442.26,-11677.81 15405.97,-11698.77
13830.45,-12608.39 13794.16,-12629.34
13875.82,-12586.83 13862.05,-12594.85
13830.65,-12608.29 13830.45,-12608.39
13841.2,-12604.08 13830.65,-12608.29
13634.29,-11909.96 13594.96,-11988.6
15405.77,-11698.91 15405.97,-11698.77
13594.96,-11988.6 13575.77,-12063.34
13575.77,-12063.37 13572.31,-12113.13
13572.31,-12112.83 13575.74,-12063.73
13575.77,-12063.37 13575.77,-12063.34
13572.31,-12113.13 13572.31,-12112.83
13620.08,-11978.99 13619.9,-12011.44
13875.82,-12556.97 13875.82,-12586.83
15651.56,-12276.26 15673.86,-12216.94
14827.19,-12022.91 14826.13,-12010.8
14901.07,-12766.27 14901.62,-12785.31
14894.61,-12718.45 14896.28,-12755.61
15673.86,-12216.94 15686.03,-12152.39
14410.36,-12017.27 14412.2,-12033.87
14901.62,-12785.31 14901.72,-12785.75
15687.65,-12118.08 15687.65,-12118.33
15639.52,-12291.69 15639.45,-12326.31
15686.03,-12152.39 15687.65,-12118.08
14901.72,-12785.75 14915,-12814.37
14896.28,-12755.61 14901.07,-12766.27
14352.55,-11525.7 14344.6,-11508.57
14670.85,-12138.38 14887.62,-12700.32
14887.62,-12700.32 14894.61,-12718.45
13787.39,-12482.37 13885.46,-12546.89
14572.55,-11892.92 14352.55,-11525.7
14410.93,-12008.08 13620.08,-11978.99
13549.63,-12005.42 13561.98,-12006.19
13561.98,-12006.19 13576.74,-12007.53
13500.02,-11997.75 13549.6,-12005.42
15701.81,-12338.35 15751.38,-12346.02
13619.9,-12011.44 13591.9,-12009.7
13587.17,-12008.83 13576.74,-12007.53
15639.45,-12326.31 15671.55,-12331.28
14537.1,-12131.92 14577.99,-12139.61
15701.78,-12338.35 15701.81,-12338.35
15691.22,-12335.56 15701.78,-12338.35
14812.26,-12066.69 14846.62,-12076.03
14846.62,-12076.03 15622.52,-12287.07
15622.52,-12287.07 15639.52,-12291.69
15687.65,-12117.22 15687.65,-12117.47
15687.65,-12117.47 15687.65,-12118.08
13572.31,-12114.87 13572.31,-12113.86
13572.31,-12113.86 13572.31,-12113.55
13572.31,-12113.55 13572.31,-12113.13
15687.65,-12118.33 15687.65,-12119.06
15687.65,-12119.06 15687.65,-12119.31
14940.67,-11537.93 14792.58,-11517.66
14792.58,-11517.66 14642.62,-11508.7
14642.62,-11508.7 14494.36,-11511.35
14494.36,-11511.35 14350.89,-11525.87
14350.89,-11525.87 14214.85,-11552.24
14214.85,-11552.24 14087.9,-11589.5
14087.9,-11589.5 13970.63,-11636.94
15239.09,-11814.23 15161.76,-11764.63
15161.76,-11764.63 15072.62,-11722.38
15072.62,-11722.38 14973.73,-11688.43
14973.73,-11688.43 14867.36,-11663.49
14867.36,-11663.49 14755.9,-11648.09
14755.9,-11648.09 14641.87,-11642.55
14641.87,-11642.55 14527.85,-11646.96
14527.85,-11646.96 14416.4,-11661.22
14416.4,-11661.22 14310.02,-11685
14310.02,-11685 14211.11,-11717.75
14211.11,-11717.75 14121.95,-11758.72
15430.96,-11715.61 15331.73,-11659.39
15331.73,-11659.39 15215.59,-11610.29
15215.59,-11610.29 15083.23,-11569.09
15083.23,-11569.09 14940.67,-11537.93
14822.95,-11942.78 14790.77,-11922.38
14790.77,-11922.38 14752.58,-11906.25
14752.58,-11906.25 14709.95,-11894.95
14709.95,-11894.95 14664.6,-11888.85
14664.6,-11888.85 14618.32,-11888.15
14618.32,-11888.15 14572.99,-11892.82
14572.99,-11892.82 14530.41,-11902.64
14530.41,-11902.64 14492.31,-11917.18
14467.18,-12102.8 14499.63,-12119.49
14499.63,-12119.49 14537.1,-12131.92
15671.53,-12331.28 15678.22,-12332.57
15678.22,-12332.57 15691.22,-12335.56
14577.99,-12139.61 14620.53,-12142.27
14620.53,-12142.27 14662.9,-12139.83
14662.9,-12139.83 14703.4,-12132.44
14703.4,-12132.44 14740.39,-12120.4
14740.39,-12120.4 14772.15,-12104.3
15383.79,-11995.32 15351.4,-11930.9
15351.4,-11930.9 15302.8,-11870.07
15302.8,-11870.07 15239.09,-11814.23
14258.24,-12684.03 14400.35,-12707.97
14400.35,-12707.97 14546.79,-12720.08
14546.79,-12720.08 14694.63,-12720.14
14694.63,-12720.14 14840.93,-12708.15
14033.6,-12339.59 14109.03,-12388.57
13885.46,-12546.89 13998.19,-12602.7
13998.19,-12602.7 14123.29,-12648.71
14123.29,-12648.71 14258.24,-12684.03
14840.93,-12708.15 14982.79,-12684.36
14982.79,-12684.36 15117.39,-12649.26
15117.39,-12649.26 15242.06,-12603.52
15242.06,-12603.52 15354.31,-12548.06
14826.13,-12010.8 14817.1,-11986.06
14412.2,-12033.87 14422.45,-12059.19
14422.45,-12059.19 14441.08,-12082.47
14441.08,-12082.47 14467.18,-12102.8
15687.65,-12118.33 15686.75,-12092.83
15686.75,-12092.83 15671.23,-12009.54
15671.23,-12009.54 15636.88,-11928.4
15636.88,-11928.4 15584.53,-11851.21
15584.53,-11851.21 15515.38,-11779.76
15515.38,-11779.76 15430.96,-11715.61
15400.57,-12088.15 15399.22,-12061.8
15399.22,-12061.8 15383.79,-11995.32
13894.99,-12160.82 13925.28,-12224.37
13925.28,-12224.37 13971.86,-12284.43
13971.86,-12284.43 14033.6,-12339.59
15354.16,-12241.48 15385.95,-12175.15
15385.95,-12175.15 15399.9,-12106.93
15399.9,-12106.93 15400.57,-12088.51
13881.09,-12077.88 13881.71,-12095.36
13881.71,-12095.36 13894.99,-12160.82
14815.4,-12062.84 14825.31,-12039.06
14825.31,-12039.06 14827.19,-12022.86
14418.7,-11982.3 14410.93,-12008.08
14410.93,-12008.08 14410.36,-12017.26
15309.75,-12298.47 15354.16,-12241.48
13931.81,-11920.65 13898.9,-11983.57
13898.9,-11983.57 13882.77,-12048.63
13882.77,-12048.63 13881.09,-12077.58
14772.15,-12104.3 14797.44,-12084.87
14797.44,-12084.87 14815.4,-12062.84
13862.05,-12594.85 13855.25,-12598.03
13855.25,-12598.03 13841.2,-12604.08
14492.31,-11917.18 14460.19,-11935.84
14460.19,-11935.84 14435.33,-11957.85
14435.33,-11957.85 14418.7,-11982.3
14121.95,-11758.72 14044.57,-11806.95
14044.57,-11806.95 13980.73,-11861.34
13980.73,-11861.34 13931.81,-11920.65
13863.61,-11694.41 13770.19,-11760.48
13770.19,-11760.48 13693.11,-11833.08
13693.11,-11833.08 13634.29,-11909.96
13577.19,-12169.55 13572.31,-12114.87
13786.67,-12481.89 13706,-12411.06
13706,-12411.06 13643.43,-12334.38
13643.43,-12334.38 13600.19,-12253.36
13600.19,-12253.36 13577.19,-12169.55
15630.6,-12271.54 15593.24,-12338.78
15593.24,-12338.78 15531.12,-12414.73
15531.12,-12414.73 15450.95,-12484.97
15450.95,-12484.97 15354.31,-12548.06
13885.46,-12546.89 13875.82,-12556.97
14411.6,-12492.28 14527.95,-12508.06
14527.95,-12508.06 14646.98,-12513.41
14646.98,-12513.41 14765.94,-12508.21
14765.94,-12508.21 14882.08,-12492.6
14882.08,-12492.6 14992.71,-12466.94
14105.11,-12386.87 14197.67,-12431
14197.67,-12431 14300.64,-12466.4
14300.64,-12466.4 14411.6,-12492.28
14992.71,-12466.94 15095.25,-12431.83
15095.25,-12431.83 15187.29,-12388.1
15187.29,-12388.1 15266.7,-12336.77
15266.7,-12336.77 15309.75,-12298.47
12425.27,-10749.6 12318.25,-10807.08
13277.59,-11055.45 13860.41,-10811.57
12933.57,-11221.51 12910.06,-11238.84
12910.06,-11238.84 12340.1,-11659.55
13896.9,-10790.48 13860.61,-10811.43
12285.09,-11721.05 12248.8,-11742
12330.46,-11699.49 12316.69,-11707.51
12295.84,-11716.74 12285.29,-11720.95
12088.93,-11022.62 12049.6,-11101.26
13860.41,-10811.57 13860.61,-10811.43
12049.6,-11101.26 12030.41,-11176
12030.41,-11176.03 12026.95,-11225.79
12026.95,-11225.49 12030.38,-11176.39
12026.95,-11225.79 12026.95,-11225.49
12074.72,-11091.65 12074.53,-11124.11
12330.46,-11669.64 12330.46,-11699.49
14106.2,-11388.92 14128.5,-11329.61
13281.83,-11135.58 13280.77,-11123.46
13355.7,-11878.93 13356.26,-11897.97
13349.25,-11831.12 13350.92,-11868.27
14128.5,-11329.61 14140.66,-11265.05
12865,-11129.93 12866.84,-11146.54
12678.65,-10576.94 12678.55,-10576.5
13356.26,-11897.97 13356.36,-11898.41
14142.29,-11230.74 14142.29,-11230.99
14094.15,-11404.35 14094.09,-11438.98
14140.66,-11265.05 14142.29,-11230.74
13356.36,-11898.41 13369.64,-11927.03
13350.92,-11868.27 13355.7,-11878.93
12807.18,-10638.36 12799.23,-10621.23
13125.49,-11251.04 13342.26,-11812.98
13342.26,-11812.98 13349.25,-11831.12
12242.03,-11595.04 12340.1,-11659.55
13027.19,-11005.58 12807.18,-10638.36
12865.57,-11120.74 12074.72,-11091.65
12004.27,-11118.08 12016.62,-11118.85
12016.62,-11118.85 12031.38,-11120.2
11954.66,-11110.41 12004.24,-11118.08
14156.45,-11451.02 14206.02,-11458.69
12074.53,-11124.11 12046.53,-11122.36
12041.81,-11121.5 12031.38,-11120.2
14094.09,-11438.98 14126.19,-11443.94
14126.17,-11443.94 14126.19,-11443.94
12991.73,-11244.58 13032.63,-11252.27
14156.42,-11451.01 14156.45,-11451.02
14145.86,-11448.22 14156.42,-11451.01
13266.9,-11179.35 13301.26,-11188.69
13301.26,-11188.69 14077.16,-11399.73
14077.16,-11399.73 14094.15,-11404.35
14142.29,-11229.88 14142.29,-11230.13
14142.29,-11230.13 14142.29,-11230.74
12026.95,-11227.53 12026.95,-11226.52
12026.95,-11226.52 12026.95,-11226.21
12026.95,-11226.21 12026.95,-11225.79
14142.29,-11230.99 14142.29,-11231.72
14142.29,-11231.72 14142.29,-11231.97
13395.3,-10650.59 13247.22,-10630.33
13247.22,-10630.33 13097.26,-10621.37
13097.26,-10621.37 12949,-10624.02
12949,-10624.02 12805.53,-10638.53
12805.53,-10638.53 12669.49,-10664.9
12669.49,-10664.9 12542.54,-10702.17
12542.54,-10702.17 12425.27,-10749.6
13693.73,-10926.89 13616.4,-10877.29
13616.4,-10877.29 13527.25,-10835.05
13527.25,-10835.05 13428.37,-10801.09
13428.37,-10801.09 13322,-10776.15
13322,-10776.15 13210.54,-10760.75
13210.54,-10760.75 13096.5,-10755.21
13096.5,-10755.21 12982.49,-10759.63
12982.49,-10759.63 12871.04,-10773.89
12871.04,-10773.89 12764.66,-10797.66
12764.66,-10797.66 12665.75,-10830.42
12665.75,-10830.42 12576.59,-10871.38
13885.59,-10828.28 13786.37,-10772.05
13786.37,-10772.05 13670.23,-10722.95
13670.23,-10722.95 13537.87,-10681.76
13537.87,-10681.76 13395.3,-10650.59
13277.59,-11055.45 13245.41,-11035.04
13245.41,-11035.04 13207.22,-11018.91
13207.22,-11018.91 13164.59,-11007.61
13164.59,-11007.61 13119.24,-11001.52
13119.24,-11001.52 13072.96,-11000.81
13072.96,-11000.81 13027.62,-11005.48
13027.62,-11005.48 12985.05,-11015.3
12985.05,-11015.3 12946.95,-11029.84
12921.82,-11215.46 12954.27,-11232.15
12954.27,-11232.15 12991.73,-11244.58
14126.17,-11443.94 14132.86,-11445.23
14132.86,-11445.23 14145.86,-11448.22
13032.63,-11252.27 13075.16,-11254.93
13075.16,-11254.93 13117.54,-11252.49
13117.54,-11252.49 13158.04,-11245.1
13158.04,-11245.1 13195.03,-11233.06
13195.03,-11233.06 13226.78,-11216.97
13838.43,-11107.99 13806.04,-11043.57
13806.04,-11043.57 13757.43,-10982.74
13757.43,-10982.74 13693.73,-10926.89
12712.88,-11796.69 12854.99,-11820.63
12854.99,-11820.63 13001.43,-11832.75
13001.43,-11832.75 13149.27,-11832.8
13149.27,-11832.8 13295.57,-11820.81
12488.24,-11452.25 12563.66,-11501.23
12340.1,-11659.55 12452.82,-11715.36
12452.82,-11715.36 12577.92,-11761.37
12577.92,-11761.37 12712.88,-11796.69
13295.57,-11820.81 13437.43,-11797.03
13437.43,-11797.03 13572.03,-11761.92
13572.03,-11761.92 13696.7,-11716.18
13696.7,-11716.18 13808.95,-11660.73
13280.77,-11123.46 13271.74,-11098.72
12866.84,-11146.54 12877.08,-11171.85
12877.08,-11171.85 12895.72,-11195.13
12895.72,-11195.13 12921.82,-11215.46
14142.29,-11230.99 14141.39,-11205.49
14141.39,-11205.49 14125.87,-11122.2
14125.87,-11122.2 14091.52,-11041.06
14091.52,-11041.06 14039.17,-10963.87
14039.17,-10963.87 13970.02,-10892.42
13970.02,-10892.42 13885.59,-10828.28
13855.2,-11200.81 13853.86,-11174.46
13853.86,-11174.46 13838.43,-11107.99
12349.63,-11273.48 12379.92,-11337.03
12379.92,-11337.03 12426.5,-11397.09
12426.5,-11397.09 12488.24,-11452.25
13808.8,-11354.14 13840.59,-11287.81
13840.59,-11287.81 13854.54,-11219.59
13854.54,-11219.59 13855.2,-11201.17
12335.73,-11190.54 12336.35,-11208.02
12336.35,-11208.02 12349.63,-11273.48
13270.04,-11175.5 13279.95,-11151.72
13279.95,-11151.72 13281.83,-11135.52
12873.34,-11094.96 12865.57,-11120.74
12865.57,-11120.74 12865,-11129.93
13764.39,-11411.13 13808.8,-11354.14
12386.45,-11033.31 12353.54,-11096.23
12353.54,-11096.23 12337.4,-11161.29
12337.4,-11161.29 12335.73,-11190.25
13226.78,-11216.97 13252.08,-11197.54
13252.08,-11197.54 13270.04,-11175.5
12316.69,-11707.51 12309.89,-11710.69
12309.89,-11710.69 12295.84,-11716.74
12946.95,-11029.84 12914.83,-11048.5
12914.83,-11048.5 12889.97,-11070.51
12889.97,-11070.51 12873.34,-11094.96
12576.59,-10871.38 12499.21,-10919.62
12499.21,-10919.62 12435.37,-10974
12435.37,-10974 12386.45,-11033.31
12318.25,-10807.08 12224.83,-10873.15
12224.83,-10873.15 12147.75,-10945.74
12147.75,-10945.74 12088.93,-11022.62
12031.83,-11282.21 12026.95,-11227.53
12241.31,-11594.55 12160.64,-11523.72
12160.64,-11523.72 12098.06,-11447.04
12098.06,-11447.04 12054.83,-11366.03
12054.83,-11366.03 12031.83,-11282.21
14085.24,-11384.2 14047.88,-11451.44
14047.88,-11451.44 13985.76,-11527.39
13985.76,-11527.39 13905.59,-11597.63
13905.59,-11597.63 13808.95,-11660.73
12340.1,-11659.55 12330.46,-11669.64
12866.24,-11604.94 12982.59,-11620.73
12982.59,-11620.73 13101.62,-11626.07
13101.62,-11626.07 13220.58,-11620.87
13220.58,-11620.87 13336.72,-11605.26
13336.72,-11605.26 13447.34,-11579.6
12559.75,-11499.53 12652.31,-11543.66
12652.31,-11543.66 12755.28,-11579.06
12755.28,-11579.06 12866.24,-11604.94
13447.34,-11579.6 13549.89,-11544.5
13549.89,-11544.5 13641.93,-11500.76
13641.93,-11500.76 13721.34,-11449.43
13721.34,-11449.43 13764.39,-11411.13
13675.88,-17073.62 14132.69,-17337.36
13666.43,-16950.11 13666.43,-17057.25
14142.14,-17331.9 14142.14,-17198.12
13666.43,-17057.25 13675.88,-17073.62
14132.69,-17337.36 14142.14,-17331.9
12026.43,-15997.14 12026.43,-16104.25
12502.14,-16378.9 12502.14,-16271.79
12035.88,-16120.62 12492.69,-16384.36
12026.43,-16104.25 12035.88,-16120.62
12492.69,-16384.36 12502.14,-16378.9
13904.28,-17205.49 13904.28,-18940.35
17320.06,-11854.7 18199.85,-11346.76
18199.85,-11346.76 18806.93,-10996.26
17316.43,-12119.88 17316.43,-11863.87
17323.48,-16628.52 17323.48,-12124.38
17537.59,-12799.17 17537.59,-14690.45
17537.59,-16449.58 17537.59,-14694.64
17537.59,-14690.45 17537.59,-14694.64
17537.59,-12799.17 17537.59,-12776.97
17537.59,-12776.97 17538.19,-12248.35
20118.79,-18242.36 20450.69,-18242.36
17879.93,-14779.7 17879.93,-14687.52
17879.93,-14682.34 17879.93,-14687.52
17879.93,-14682.34 17884.16,-14680.18
17325.88,-16631.87 17366.54,-16655.34
20072.33,-18217.49 20112.98,-18240.97
20069.12,-18185.47 20045.23,-18171.68
17405.25,-16647.52 17445.9,-16670.99
17456.23,-16670.81 20035.49,-18159.91
18115.81,-14908.76 18115.81,-14816.72
18110.76,-14912.98 18115.81,-14908.76
20458.23,-13733.87 21946.6,-12874.5
17537.59,-16449.58 19897.59,-17812.1
19943.61,-17812.14 20069.12,-17884.6
21798.48,-13766.56 21798.74,-13766.45
19782.73,-17286.25 17653.72,-16057.09
19312.17,-15509.23 19312.17,-15606.59
21778.37,-13773.02 20590.7,-14457.86
20500.37,-14515.98 20562.95,-14479.93
21798.74,-13766.45 21859.22,-13731.53
19548.06,-15735.79 19548.06,-15643.61
19312.17,-15509.23 19316.4,-15507.07
17382.03,-16655.34 17395.57,-16647.52
19543.01,-15739.87 19547.35,-15737.36
21798.48,-14702.42 21798.74,-14702.31
19782.73,-16300.1 17653.72,-15070.94
21881.01,-17409.59 21867.46,-17401.77
20069.12,-18213.02 20069.12,-13709.54
20583.05,-15399.36 20590.69,-15393.71
21778.37,-14708.02 20590.7,-15393.72
20500.37,-15451.92 20562.95,-15415.79
21798.74,-14702.31 21859.22,-14667.39
20069.12,-16150.03 17541.7,-14690.85
18107.34,-14911 18110.76,-14912.98
19539.59,-15737.89 19543.01,-15739.87
17879.93,-14779.7 18107.34,-14911
19312.17,-15606.59 19539.59,-15737.89
17884.16,-14680.18 18113.39,-14812.53
19316.4,-15507.07 19545.64,-15639.41
19782.73,-15737.19 17653.72,-14508.03
20500.37,-13709.54 20500.37,-18213.02
20592,-18118.6 20592,-17736.81
20668.29,-17692.88 20668.29,-14413.12
20583.05,-16217.89 20590.69,-16212.24
20563.16,-16234.16 20562.95,-16234.32
21778.37,-15527.02 20590.7,-16212.25
20500.37,-16270.45 20562.95,-16234.32
21799.37,-15521.02 21858.31,-15486.46
21200.54,-17386.36 21200.54,-14106.21
21798.48,-16339.48 21798.74,-16339.37
17653.72,-13454.84 19782.73,-14684
20563.16,-17052.69 20562.95,-17052.85
21778.37,-16345.02 20590.37,-17031.02
20500.37,-17088.98 20562.95,-17052.85
21798.74,-16339.37 21858.08,-16305.11
20069.12,-14253.19 17542.3,-12794.34
21732.79,-17079.85 21732.79,-13799.3
21802.14,-17044.19 21802.14,-17416.58
21939.55,-12878.63 21939.55,-17382.77
21946.6,-12809.5 21946.6,-12874.5
21946.6,-12618.12 21946.6,-12809.5
20583.05,-17743.21 20590.72,-17737.55
20563.16,-17759.48 20562.95,-17759.63
21779.37,-17053.02 20590.7,-17737.56
20500.37,-17795.8 20562.95,-17759.63
21798.74,-17046.15 21857.89,-17012
21798.48,-17046.26 21798.74,-17046.15
17316.43,-12119.88 20111.26,-13733.87
21857.78,-17401.77 21817.14,-17425.24
20500.37,-18185.47 20579.9,-18139.55
20456.5,-18240.97 20497.16,-18217.49
21896.49,-17409.59 21937.15,-17386.12
20111.26,-13733.87 20458.23,-13733.87
19149.65,-10996.26 21942.97,-12608.95
18807.24,-10995.75 19149.65,-10996.26
21779.37,-17053.02 21798.48,-17046.26
20563.16,-17759.48 20572.81,-17751.36
20572.81,-17751.36 20583.05,-17743.21
21778.37,-16345.02 21798.48,-16339.48
20563.16,-17052.69 20590.37,-17031.02
20563.16,-16234.16 20572.81,-16226.05
20572.81,-16226.05 20583.05,-16217.89
21778.37,-15527.02 21799.37,-15521.02
20563.16,-15415.64 20572.81,-15407.52
20572.81,-15407.52 20583.05,-15399.36
21778.37,-14708.02 21782.12,-14706.93
21782.12,-14706.93 21790.36,-14704.54
21790.36,-14704.54 21798.48,-14702.42
20563.16,-14479.77 20572.81,-14471.66
20572.81,-14471.66 20583.05,-14463.5
21778.37,-13773.02 21782.12,-13771.07
21782.12,-13771.07 21790.36,-13768.68
21790.36,-13768.68 21798.48,-13766.56
20583.05,-14463.5 20590.7,-14457.86
21881.01,-17409.59 21890.34,-17411.71
21890.34,-17411.71 21896.49,-17409.59
21937.15,-17386.12 21939.55,-17382.77
21867.46,-17401.77 21857.78,-17401.77
21817.14,-17425.24 21805.04,-17418.25
21805.04,-17418.25 21802.14,-17416.58
21942.97,-12608.95 21946.6,-12618.12
17320.06,-11854.7 17316.43,-11863.87
19545.64,-15639.41 19548.06,-15643.61
18113.39,-14812.53 18115.81,-14816.72
17323.48,-16628.52 17325.88,-16631.87
17366.54,-16655.34 17382.03,-16655.34
17395.57,-16647.52 17405.25,-16647.52
17445.9,-16670.99 17456.23,-16670.81
20069.12,-18213.02 20072.33,-18217.49
20112.98,-18240.97 20118.79,-18242.36
20450.69,-18242.36 20456.5,-18240.97
20497.16,-18217.49 20500.37,-18213.02
20579.9,-18139.55 20592,-18118.6
20045.23,-18171.68 20035.49,-18159.91
19897.59,-17812.1 19943.61,-17812.14
19547.35,-15737.36 19548.06,-15735.79
19758.63,-12251.94 19651.61,-12309.41
20610.95,-12557.78 21193.77,-12313.91
20266.93,-12723.84 20243.42,-12741.18
20243.42,-12741.18 19673.46,-13161.89
21230.26,-12292.81 21193.97,-12313.77
19618.45,-13223.39 19582.16,-13244.34
19663.82,-13201.83 19650.05,-13209.85
19618.65,-13223.29 19618.45,-13223.39
19629.2,-13219.08 19618.65,-13223.29
19422.29,-12524.96 19382.96,-12603.6
21193.77,-12313.91 21193.97,-12313.77
19382.96,-12603.6 19363.77,-12678.34
19363.77,-12678.37 19360.31,-12728.13
19360.31,-12727.83 19363.74,-12678.73
19363.77,-12678.37 19363.77,-12678.34
19360.31,-12728.13 19360.31,-12727.83
19408.08,-12593.99 19407.9,-12626.44
19663.82,-13171.97 19663.82,-13201.83
21439.56,-12891.26 21461.86,-12831.94
20615.19,-12637.91 20614.13,-12625.8
20689.07,-13381.27 20689.62,-13400.31
20682.61,-13333.45 20684.28,-13370.61
21461.86,-12831.94 21474.03,-12767.39
20198.36,-12632.27 20200.2,-12648.87
20689.62,-13400.31 20689.72,-13400.75
21475.65,-12733.08 21475.65,-12733.33
21427.52,-12906.69 21427.45,-12941.31
21474.03,-12767.39 21475.65,-12733.08
20689.72,-13400.75 20703,-13429.37
20684.28,-13370.61 20689.07,-13381.27
20140.55,-12140.7 20132.6,-12123.57
20458.85,-12753.38 20675.62,-13315.32
20675.62,-13315.32 20682.61,-13333.45
19575.39,-13097.37 19673.46,-13161.89
20360.55,-12507.92 20140.55,-12140.7
20198.93,-12623.08 19408.08,-12593.99
19337.63,-12620.42 19349.98,-12621.19
19349.98,-12621.19 19364.74,-12622.53
19288.02,-12612.75 19337.6,-12620.42
21489.81,-12953.35 21539.38,-12961.02
19407.9,-12626.44 19379.9,-12624.7
19375.17,-12623.83 19364.74,-12622.53
21427.45,-12941.31 21459.55,-12946.28
20325.1,-12746.92 20365.99,-12754.61
21489.78,-12953.35 21489.81,-12953.35
21479.22,-12950.56 21489.78,-12953.35
20600.26,-12681.69 20634.62,-12691.03
20634.62,-12691.03 21410.52,-12902.07
21410.52,-12902.07 21427.52,-12906.69
21475.65,-12732.22 21475.65,-12732.47
21475.65,-12732.47 21475.65,-12733.08
19360.31,-12729.87 19360.31,-12728.86
19360.31,-12728.86 19360.31,-12728.55
19360.31,-12728.55 19360.31,-12728.13
21475.65,-12733.33 21475.65,-12734.06
21475.65,-12734.06 21475.65,-12734.31
20728.67,-12152.93 20580.58,-12132.66
20580.58,-12132.66 20430.62,-12123.7
20430.62,-12123.7 20282.36,-12126.35
20282.36,-12126.35 20138.89,-12140.87
20138.89,-12140.87 20002.85,-12167.24
20002.85,-12167.24 19875.9,-12204.5
19875.9,-12204.5 19758.63,-12251.94
21027.09,-12429.23 20949.76,-12379.63
20949.76,-12379.63 20860.61,-12337.38
20860.61,-12337.38 20761.73,-12303.43
20761.73,-12303.43 20655.36,-12278.49
20655.36,-12278.49 20543.9,-12263.09
20543.9,-12263.09 20429.87,-12257.55
20429.87,-12257.55 20315.85,-12261.96
20315.85,-12261.96 20204.4,-12276.22
20204.4,-12276.22 20098.02,-12300
20098.02,-12300 19999.11,-12332.75
19999.11,-12332.75 19909.95,-12373.72
21218.96,-12330.61 21119.73,-12274.39
21119.73,-12274.39 21003.59,-12225.29
21003.59,-12225.29 20871.23,-12184.09
20871.23,-12184.09 20728.67,-12152.93
20610.95,-12557.78 20578.77,-12537.38
20578.77,-12537.38 20540.58,-12521.25
20540.58,-12521.25 20497.95,-12509.95
20497.95,-12509.95 20452.6,-12503.85
20452.6,-12503.85 20406.32,-12503.15
20406.32,-12503.15 20360.98,-12507.82
20360.98,-12507.82 20318.41,-12517.64
20318.41,-12517.64 20280.31,-12532.18
20255.18,-12717.8 20287.63,-12734.49
20287.63,-12734.49 20325.1,-12746.92
21459.53,-12946.28 21466.22,-12947.57
21466.22,-12947.57 21479.22,-12950.56
20365.99,-12754.61 20408.53,-12757.27
20408.53,-12757.27 20450.9,-12754.83
20450.9,-12754.83 20491.4,-12747.44
20491.4,-12747.44 20528.39,-12735.4
20528.39,-12735.4 20560.15,-12719.3
21171.79,-12610.32 21139.4,-12545.9
21139.4,-12545.9 21090.8,-12485.07
21090.8,-12485.07 21027.09,-12429.23
20046.24,-13299.03 20188.35,-13322.97
20188.35,-13322.97 20334.79,-13335.08
20334.79,-13335.08 20482.63,-13335.14
20482.63,-13335.14 20628.93,-13323.15
19821.6,-12954.59 19897.03,-13003.57
19673.46,-13161.89 19786.19,-13217.7
19786.19,-13217.7 19911.29,-13263.71
19911.29,-13263.71 20046.24,-13299.03
20628.93,-13323.15 20770.79,-13299.36
20770.79,-13299.36 20905.39,-13264.26
20905.39,-13264.26 21030.06,-13218.52
21030.06,-13218.52 21142.31,-13163.06
20614.13,-12625.8 20605.1,-12601.06
20200.2,-12648.87 20210.45,-12674.19
20210.45,-12674.19 20229.08,-12697.47
20229.08,-12697.47 20255.18,-12717.8
21475.65,-12733.33 21474.75,-12707.83
21474.75,-12707.83 21459.23,-12624.54
21459.23,-12624.54 21424.88,-12543.4
21424.88,-12543.4 21372.53,-12466.21
21372.53,-12466.21 21303.38,-12394.76
21303.38,-12394.76 21218.96,-12330.61
21188.57,-12703.15 21187.22,-12676.8
21187.22,-12676.8 21171.79,-12610.32
19682.99,-12775.82 19713.28,-12839.37
19713.28,-12839.37 19759.86,-12899.43
19759.86,-12899.43 19821.6,-12954.59
21142.16,-12856.48 21173.95,-12790.15
21173.95,-12790.15 21187.9,-12721.93
21187.9,-12721.93 21188.57,-12703.51
19669.09,-12692.88 19669.71,-12710.36
19669.71,-12710.36 19682.99,-12775.82
20603.4,-12677.84 20613.31,-12654.06
20613.31,-12654.06 20615.19,-12637.86
20206.7,-12597.3 20198.93,-12623.08
20198.93,-12623.08 20198.36,-12632.26
21097.75,-12913.47 21142.16,-12856.48
19719.81,-12535.65 19686.9,-12598.57
19686.9,-12598.57 19670.77,-12663.63
19670.77,-12663.63 19669.09,-12692.58
20560.15,-12719.3 20585.44,-12699.87
20585.44,-12699.87 20603.4,-12677.84
19650.05,-13209.85 19643.25,-13213.03
19643.25,-13213.03 19629.2,-13219.08
20280.31,-12532.18 20248.19,-12550.84
20248.19,-12550.84 20223.33,-12572.85
20223.33,-12572.85 20206.7,-12597.3
19909.95,-12373.72 19832.57,-12421.95
19832.57,-12421.95 19768.73,-12476.34
19768.73,-12476.34 19719.81,-12535.65
19651.61,-12309.41 19558.19,-12375.48
19558.19,-12375.48 19481.11,-12448.08
19481.11,-12448.08 19422.29,-12524.96
19365.19,-12784.55 19360.31,-12729.87
19574.67,-13096.89 19494,-13026.06
19494,-13026.06 19431.43,-12949.38
19431.43,-12949.38 19388.19,-12868.36
19388.19,-12868.36 19365.19,-12784.55
21418.6,-12886.54 21381.24,-12953.78
21381.24,-12953.78 21319.12,-13029.73
21319.12,-13029.73 21238.95,-13099.97
21238.95,-13099.97 21142.31,-13163.06
19673.46,-13161.89 19663.82,-13171.97
20199.6,-13107.28 20315.95,-13123.06
20315.95,-13123.06 20434.98,-13128.41
20434.98,-13128.41 20553.94,-13123.21
20553.94,-13123.21 20670.08,-13107.6
20670.08,-13107.6 20780.71,-13081.94
19893.11,-13001.86 19985.67,-13046
19985.67,-13046 20088.64,-13081.4
20088.64,-13081.4 20199.6,-13107.28
20780.71,-13081.94 20883.25,-13046.83
20883.25,-13046.83 20975.29,-13003.1
20975.29,-13003.1 21054.7,-12951.77
21054.7,-12951.77 21097.75,-12913.47
18213.27,-11364.6 18106.25,-11422.08
19065.59,-11670.44 19648.41,-11426.57
18721.57,-11836.51 18698.06,-11853.84
18698.06,-11853.84 18128.1,-12274.55
19684.9,-11405.48 19648.61,-11426.43
18073.09,-12336.05 18036.8,-12357
18118.46,-12314.49 18104.69,-12322.51
18083.84,-12331.74 18073.29,-12335.95
17876.93,-11637.62 17837.6,-11716.26
19648.41,-11426.57 19648.61,-11426.43
17837.6,-11716.26 17818.41,-11791
17818.41,-11791.03 17814.95,-11840.79
17814.95,-11840.49 17818.38,-11791.39
17814.95,-11840.79 17814.95,-11840.49
17862.72,-11706.65 17862.53,-11739.11
18118.46,-12284.64 18118.46,-12314.49
19894.2,-12003.92 19916.5,-11944.61
19069.83,-11750.58 19068.77,-11738.46
19143.7,-12493.93 19144.26,-12512.97
19137.25,-12446.11 19138.92,-12483.27
19916.5,-11944.61 19928.66,-11880.05
18653,-11744.93 18654.84,-11761.54
18466.65,-11191.94 18466.55,-11191.5
19144.26,-12512.97 19144.36,-12513.41
19930.29,-11845.74 19930.29,-11845.99
19882.15,-12019.35 19882.09,-12053.98
19928.66,-11880.05 19930.29,-11845.74
19144.36,-12513.41 19157.64,-12542.03
19138.92,-12483.27 19143.7,-12493.93
18595.18,-11253.36 18587.23,-11236.23
18913.49,-11866.04 19130.26,-12427.98
19130.26,-12427.98 19137.25,-12446.11
18030.03,-12210.04 18128.1,-12274.55
18815.19,-11620.58 18595.18,-11253.36
18653.57,-11735.74 17862.72,-11706.65
17792.26,-11733.08 17804.62,-11733.85
17804.62,-11733.85 17819.38,-11735.2
17742.66,-11725.41 17792.24,-11733.08
19944.45,-12066.02 19994.02,-12073.69
17862.53,-11739.11 17834.53,-11737.36
17829.81,-11736.5 17819.38,-11735.2
19882.09,-12053.98 19914.19,-12058.94
19914.17,-12058.94 19914.19,-12058.94
18779.73,-11859.58 18820.63,-11867.27
19944.42,-12066.01 19944.45,-12066.02
19933.86,-12063.22 19944.42,-12066.01
19054.9,-11794.35 19089.26,-11803.69
19089.26,-11803.69 19865.16,-12014.73
19865.16,-12014.73 19882.15,-12019.35
19930.29,-11844.88 19930.29,-11845.13
19930.29,-11845.13 19930.29,-11845.74
17814.95,-11842.53 17814.95,-11841.52
17814.95,-11841.52 17814.95,-11841.21
17814.95,-11841.21 17814.95,-11840.79
19930.29,-11845.99 19930.29,-11846.72
19930.29,-11846.72 19930.29,-11846.97
19183.3,-11265.59 19035.22,-11245.33
19035.22,-11245.33 18885.26,-11236.37
18885.26,-11236.37 18737,-11239.02
18737,-11239.02 18593.53,-11253.53
18593.53,-11253.53 18457.49,-11279.9
18457.49,-11279.9 18330.54,-11317.17
18330.54,-11317.17 18213.27,-11364.6
19481.73,-11541.89 19404.4,-11492.29
19404.4,-11492.29 19315.25,-11450.05
19315.25,-11450.05 19216.37,-11416.09
19216.37,-11416.09 19110,-11391.15
19110,-11391.15 18998.54,-11375.75
18998.54,-11375.75 18884.5,-11370.21
18884.5,-11370.21 18770.49,-11374.63
18770.49,-11374.63 18659.04,-11388.89
18659.04,-11388.89 18552.66,-11412.66
18552.66,-11412.66 18453.75,-11445.42
18453.75,-11445.42 18364.59,-11486.38
19673.59,-11443.28 19574.37,-11387.05
19574.37,-11387.05 19458.23,-11337.95
19458.23,-11337.95 19325.87,-11296.76
19325.87,-11296.76 19183.3,-11265.59
19065.59,-11670.44 19033.41,-11650.04
19033.41,-11650.04 18995.22,-11633.91
18995.22,-11633.91 18952.59,-11622.61
18952.59,-11622.61 18907.24,-11616.52
18907.24,-11616.52 18860.96,-11615.81
18860.96,-11615.81 18815.62,-11620.48
18815.62,-11620.48 18773.05,-11630.3
18773.05,-11630.3 18734.95,-11644.84
18709.82,-11830.46 18742.27,-11847.15
18742.27,-11847.15 18779.73,-11859.58
19914.17,-12058.94 19920.86,-12060.23
19920.86,-12060.23 19933.86,-12063.22
18820.63,-11867.27 18863.16,-11869.93
18863.16,-11869.93 18905.54,-11867.49
18905.54,-11867.49 18946.04,-11860.1
18946.04,-11860.1 18983.03,-11848.06
18983.03,-11848.06 19014.78,-11831.97
19626.43,-11722.99 19594.04,-11658.57
19594.04,-11658.57 19545.43,-11597.74
19545.43,-11597.74 19481.73,-11541.89
18500.88,-12411.69 18642.99,-12435.63
18642.99,-12435.63 18789.43,-12447.75
18789.43,-12447.75 18937.27,-12447.8
18937.27,-12447.8 19083.57,-12435.81
18276.24,-12067.25 18351.66,-12116.23
18128.1,-12274.55 18240.82,-12330.36
18240.82,-12330.36 18365.92,-12376.37
18365.92,-12376.37 18500.88,-12411.69
19083.57,-12435.81 19225.43,-12412.03
19225.43,-12412.03 19360.03,-12376.92
19360.03,-12376.92 19484.7,-12331.18
19484.7,-12331.18 19596.95,-12275.73
19068.77,-11738.46 19059.74,-11713.72
18654.84,-11761.54 18665.08,-11786.85
18665.08,-11786.85 18683.72,-11810.13
18683.72,-11810.13 18709.82,-11830.46
19930.29,-11845.99 19929.39,-11820.49
19929.39,-11820.49 19913.87,-11737.2
19913.87,-11737.2 19879.52,-11656.06
19879.52,-11656.06 19827.17,-11578.87
19827.17,-11578.87 19758.02,-11507.42
19758.02,-11507.42 19673.59,-11443.28
19643.2,-11815.81 19641.86,-11789.46
19641.86,-11789.46 19626.43,-11722.99
18137.63,-11888.48 18167.92,-11952.03
18167.92,-11952.03 18214.5,-12012.09
18214.5,-12012.09 18276.24,-12067.25
19596.8,-11969.14 19628.59,-11902.81
19628.59,-11902.81 19642.54,-11834.59
19642.54,-11834.59 19643.2,-11816.17
18123.73,-11805.54 18124.35,-11823.02
18124.35,-11823.02 18137.63,-11888.48
19058.04,-11790.5 19067.95,-11766.72
19067.95,-11766.72 19069.83,-11750.52
18661.34,-11709.96 18653.57,-11735.74
18653.57,-11735.74 18653,-11744.93
19552.39,-12026.13 19596.8,-11969.14
18174.45,-11648.31 18141.54,-11711.23
18141.54,-11711.23 18125.4,-11776.29
18125.4,-11776.29 18123.73,-11805.25
19014.78,-11831.97 19040.08,-11812.54
19040.08,-11812.54 19058.04,-11790.5
18104.69,-12322.51 18097.89,-12325.69
18097.89,-12325.69 18083.84,-12331.74
18734.95,-11644.84 18702.83,-11663.5
18702.83,-11663.5 18677.97,-11685.51
18677.97,-11685.51 18661.34,-11709.96
18364.59,-11486.38 18287.21,-11534.62
18287.21,-11534.62 18223.37,-11589
18223.37,-11589 18174.45,-11648.31
18106.25,-11422.08 18012.83,-11488.15
18012.83,-11488.15 17935.75,-11560.74
17935.75,-11560.74 17876.93,-11637.62
17819.83,-11897.21 17814.95,-11842.53
18029.31,-12209.55 17948.64,-12138.72
17948.64,-12138.72 17886.06,-12062.04
17886.06,-12062.04 17842.83,-11981.03
17842.83,-11981.03 17819.83,-11897.21
19873.24,-11999.2 19835.88,-12066.44
19835.88,-12066.44 19773.76,-12142.39
19773.76,-12142.39 19693.59,-12212.63
19693.59,-12212.63 19596.95,-12275.73
18128.1,-12274.55 18118.46,-12284.64
18654.24,-12219.94 18770.59,-12235.73
18770.59,-12235.73 18889.62,-12241.07
18889.62,-12241.07 19008.58,-12235.87
19008.58,-12235.87 19124.72,-12220.26
19124.72,-12220.26 19235.34,-12194.6
18347.75,-12114.53 18440.31,-12158.66
18440.31,-12158.66 18543.28,-12194.06
18543.28,-12194.06 18654.24,-12219.94
19235.34,-12194.6 19337.89,-12159.5
19337.89,-12159.5 19429.93,-12115.76
19429.93,-12115.76 19509.34,-12064.43
19509.34,-12064.43 19552.39,-12026.13
19463.88,-17688.62 19920.69,-17952.36
19454.43,-17565.11 19454.43,-17672.25
19930.14,-17946.9 19930.14,-17813.12
19454.43,-17672.25 19463.88,-17688.62
19920.69,-17952.36 19930.14,-17946.9
17814.43,-16612.14 17814.43,-16719.25
18290.14,-16993.9 18290.14,-16886.79
17823.88,-16735.62 18280.69,-16999.36
17814.43,-16719.25 17823.88,-16735.62
18280.69,-16999.36 18290.14,-16993.9
19692.28,-17820.49 19692.28,-19286.36
