8087.07,-16949.24 5882.6,-16949.24
13506.19,-17295.25 5882.6,-17295.25
13506.19,-15136.48 13506.19,-17295.25
5882.6,-16749.24 5882.6,-17495.25
5882.6,-16749.24 5208.5,-17122.25
5208.5,-17122.25 5882.6,-17495.25
5208.5,-17122.25 3383.21,-17122.25
5714.84,-8948.25 6594.63,-8440.3
6594.63,-8440.3 7201.72,-8089.81
5711.21,-9213.42 5711.21,-8957.41
5718.26,-13722.06 5718.26,-9217.93
5932.38,-9892.71 5932.38,-11783.99
5932.38,-13543.13 5932.38,-11788.18
5932.38,-11783.99 5932.38,-11788.18
5932.38,-9892.71 5932.38,-9870.52
5932.38,-9870.52 5932.98,-9341.89
8513.58,-15335.9 8845.48,-15335.9
6274.71,-11873.25 6274.71,-11781.06
6274.71,-11775.88 6274.71,-11781.06
6274.71,-11775.88 6278.95,-11773.73
5720.67,-13725.42 5761.33,-13748.89
8467.11,-15311.04 8507.77,-15334.51
8463.9,-15279.02 8440.01,-15265.22
5800.04,-13741.07 5840.68,-13764.53
5851.02,-13764.35 8430.27,-15253.45
6510.6,-12002.31 6510.6,-11910.26
6505.55,-12006.52 6510.6,-12002.31
8853.01,-10827.42 10341.39,-9968.04
5932.38,-13543.13 8292.38,-14905.65
8338.4,-14905.68 8463.9,-14978.14
10193.26,-10860.1 10193.52,-10860
8177.52,-14379.79 6048.5,-13150.63
7706.96,-12602.77 7706.96,-12700.14
10173.15,-10866.57 8985.49,-11551.4
8895.15,-11609.52 8957.74,-11573.47
10193.52,-10860 10254,-10825.08
7942.84,-12829.34 7942.84,-12737.15
7706.96,-12602.77 7711.19,-12600.62
5776.81,-13748.89 5790.36,-13741.07
7937.8,-12833.41 7942.13,-12830.91
10193.26,-11795.96 10193.52,-11795.86
8177.52,-13393.65 6048.5,-12164.49
10275.79,-14503.14 10262.24,-14495.32
8463.9,-15306.57 8463.9,-10803.09
8977.84,-12492.91 8985.48,-12487.25
10173.15,-11801.57 8985.49,-12487.26
8895.15,-12545.47 8957.74,-12509.33
10193.52,-11795.86 10254,-11760.94
8463.9,-13243.57 5936.48,-11784.4
6502.13,-12004.55 6505.55,-12006.52
7934.37,-12831.43 7937.8,-12833.41
6274.71,-11873.25 6502.13,-12004.55
7706.96,-12700.14 7934.37,-12831.43
6278.95,-11773.73 6508.18,-11906.07
7711.19,-12600.62 7940.42,-12732.96
8177.52,-12830.73 6048.5,-11601.57
8895.15,-10803.09 8895.15,-15306.57
8986.78,-15212.15 8986.78,-14830.36
9063.08,-14786.42 9063.08,-11506.66
8977.84,-13311.44 8985.48,-13305.78
8957.95,-13327.71 8957.74,-13327.86
10173.15,-12620.57 8985.49,-13305.79
8895.15,-13364 8957.74,-13327.86
10194.15,-12614.57 10253.09,-12580
9595.32,-14479.91 9595.32,-11199.76
10193.26,-13433.02 10193.52,-13432.91
6048.5,-10548.38 8177.52,-11777.54
8957.95,-14146.24 8957.74,-14146.39
10173.15,-13438.57 8985.15,-14124.57
8895.15,-14182.52 8957.74,-14146.39
10193.52,-13432.91 10252.87,-13398.65
8463.9,-11346.74 5937.09,-9887.88
10127.57,-14173.39 10127.57,-10892.85
10196.92,-14137.74 10196.92,-14510.12
10334.34,-9972.18 10334.34,-14476.31
10341.39,-9903.05 10341.39,-9968.04
10341.39,-9711.66 10341.39,-9903.05
8977.84,-14836.75 8985.51,-14831.09
8957.95,-14853.02 8957.74,-14853.18
10174.15,-14146.57 8985.49,-14831.11
8895.15,-14889.35 8957.74,-14853.18
10193.52,-14139.7 10252.67,-14105.55
10193.26,-14139.81 10193.52,-14139.7
5711.21,-9213.42 8506.05,-10827.42
10252.57,-14495.32 10211.92,-14518.78
8895.15,-15279.02 8974.68,-15233.1
8851.29,-15334.51 8891.94,-15311.04
10291.28,-14503.14 10331.93,-14479.66
8506.05,-10827.42 8853.01,-10827.42
7544.43,-8089.81 10337.76,-9702.5
7202.03,-8089.3 7544.43,-8089.81
10174.15,-14146.57 10193.26,-14139.81
8957.95,-14853.02 8967.59,-14844.91
8967.59,-14844.91 8977.84,-14836.75
10173.15,-13438.57 10193.26,-13433.02
8957.95,-14146.24 8985.15,-14124.57
8957.95,-13327.71 8967.59,-13319.59
8967.59,-13319.59 8977.84,-13311.44
10173.15,-12620.57 10194.15,-12614.57
8957.95,-12509.18 8967.59,-12501.07
8967.59,-12501.07 8977.84,-12492.91
10173.15,-11801.57 10176.9,-11800.47
10176.9,-11800.47 10185.15,-11798.09
10185.15,-11798.09 10193.26,-11795.96
8957.95,-11573.32 8967.59,-11565.2
8967.59,-11565.2 8977.84,-11557.05
10173.15,-10866.57 10176.9,-10864.61
10176.9,-10864.61 10185.15,-10862.23
10185.15,-10862.23 10193.26,-10860.1
8977.84,-11557.05 8985.49,-11551.4
10275.79,-14503.14 10285.13,-14505.25
10285.13,-14505.25 10291.28,-14503.14
10331.93,-14479.66 10334.34,-14476.31
10262.24,-14495.32 10252.57,-14495.32
10211.92,-14518.78 10199.83,-14511.8
10199.83,-14511.8 10196.92,-14510.12
10337.76,-9702.5 10341.39,-9711.66
5714.84,-8948.25 5711.21,-8957.41
7940.42,-12732.96 7942.84,-12737.15
6508.18,-11906.07 6510.6,-11910.26
5718.26,-13722.06 5720.67,-13725.42
5761.33,-13748.89 5776.81,-13748.89
5790.36,-13741.07 5800.04,-13741.07
5840.68,-13764.53 5851.02,-13764.35
8463.9,-15306.57 8467.11,-15311.04
8507.77,-15334.51 8513.58,-15335.9
8845.48,-15335.9 8851.29,-15334.51
8891.94,-15311.04 8895.15,-15306.57
8974.68,-15233.1 8986.78,-15212.15
8440.01,-15265.22 8430.27,-15253.45
8292.38,-14905.65 8338.4,-14905.68
7942.13,-12830.91 7942.84,-12829.34
8153.41,-9345.48 8046.39,-9402.96
9005.73,-9651.33 9588.56,-9407.45
8661.71,-9817.39 8638.21,-9834.73
8638.21,-9834.73 8068.25,-10255.43
9625.05,-9386.36 9588.76,-9407.31
8013.24,-10316.93 7976.95,-10337.88
8058.61,-10295.38 8044.84,-10303.39
8013.44,-10316.84 8013.24,-10316.93
8023.99,-10312.62 8013.44,-10316.84
7817.08,-9618.5 7777.74,-9697.14
9588.56,-9407.45 9588.76,-9407.31
7777.74,-9697.14 7758.56,-9771.88
7758.56,-9771.91 7755.09,-9821.67
7755.09,-9821.37 7758.53,-9772.28
7758.56,-9771.91 7758.56,-9771.89
7755.09,-9821.67 7755.09,-9821.37
7802.87,-9687.53 7802.68,-9719.99
8058.61,-10265.52 8058.61,-10295.38
9834.35,-9984.8 9856.64,-9925.49
9009.98,-9731.46 9008.91,-9719.34
9083.85,-10474.81 9084.41,-10493.85
9077.4,-10427 9079.07,-10464.15
9856.64,-9925.49 9868.81,-9860.93
8593.15,-9725.81 8594.98,-9742.42
9084.41,-10493.85 9084.5,-10494.29
9870.44,-9826.62 9870.44,-9826.88
9822.3,-10000.24 9822.24,-10034.86
9868.81,-9860.93 9870.44,-9826.62
9084.5,-10494.29 9097.79,-10522.91
9079.07,-10464.15 9083.85,-10474.81
8535.33,-9234.24 8527.38,-9217.12
8853.64,-9846.93 9070.4,-10408.87
9070.4,-10408.87 9077.4,-10427
7970.18,-10190.92 8068.25,-10255.43
8755.34,-9601.46 8535.33,-9234.24
8593.72,-9716.63 7802.87,-9687.53
7732.41,-9713.96 7744.77,-9714.74
7744.77,-9714.74 7759.53,-9716.08
7682.81,-9706.29 7732.38,-9713.96
9884.59,-10046.9 9934.17,-10054.57
7802.68,-9719.99 7774.68,-9718.24
7769.96,-9717.38 7759.53,-9716.08
9822.24,-10034.86 9854.33,-10039.82
8719.88,-9840.47 8760.77,-9848.15
9884.57,-10046.89 9884.59,-10046.9
9874.01,-10044.11 9884.57,-10046.89
8995.05,-9775.23 9029.4,-9784.57
9029.4,-9784.57 9805.31,-9995.61
9805.31,-9995.61 9822.3,-10000.24
9870.44,-9825.77 9870.44,-9826.01
9870.44,-9826.01 9870.44,-9826.62
7755.1,-9823.41 7755.1,-9822.4
7755.1,-9822.4 7755.09,-9822.09
7755.09,-9822.09 7755.09,-9821.67
9870.44,-9826.88 9870.44,-9827.61
9870.44,-9827.61 9870.44,-9827.85
9123.45,-9246.47 8975.37,-9226.21
8975.37,-9226.21 8825.41,-9217.25
8825.41,-9217.25 8677.15,-9219.9
8677.15,-9219.9 8533.68,-9234.41
8533.68,-9234.41 8397.64,-9260.78
8397.64,-9260.78 8270.68,-9298.05
8270.68,-9298.05 8153.41,-9345.48
9421.88,-9522.77 9344.55,-9473.17
9344.55,-9473.17 9255.4,-9430.93
9255.4,-9430.93 9156.52,-9396.98
9156.52,-9396.98 9050.15,-9372.04
9050.15,-9372.04 8938.68,-9356.63
8938.68,-9356.63 8824.65,-9351.09
8824.65,-9351.09 8710.63,-9355.51
8710.63,-9355.51 8599.19,-9369.77
8599.19,-9369.77 8492.8,-9393.55
8492.8,-9393.55 8393.89,-9426.3
8393.89,-9426.3 8304.73,-9467.27
9613.74,-9424.16 9514.52,-9367.94
9514.52,-9367.94 9398.38,-9318.84
9398.38,-9318.84 9266.02,-9277.64
9266.02,-9277.64 9123.45,-9246.47
9005.73,-9651.33 8973.55,-9630.92
8973.55,-9630.92 8935.37,-9614.79
8935.37,-9614.79 8892.74,-9603.49
8892.74,-9603.49 8847.38,-9597.4
8847.38,-9597.4 8801.11,-9596.69
8801.11,-9596.69 8755.77,-9601.36
8755.77,-9601.36 8713.2,-9611.18
8713.2,-9611.18 8675.1,-9625.72
8649.97,-9811.35 8682.41,-9828.04
8682.41,-9828.04 8719.88,-9840.47
9854.32,-10039.82 9861,-10041.11
9861,-10041.11 9874.01,-10044.11
8760.77,-9848.15 8803.31,-9850.81
8803.31,-9850.81 8845.68,-9848.38
8845.68,-9848.38 8886.18,-9840.99
8886.18,-9840.99 8923.17,-9828.94
8923.17,-9828.94 8954.93,-9812.85
9566.57,-9703.87 9534.19,-9639.45
9534.19,-9639.45 9485.58,-9578.62
9485.58,-9578.62 9421.88,-9522.77
8441.03,-10392.57 8583.14,-10416.52
8583.14,-10416.52 8729.57,-10428.63
8729.57,-10428.63 8877.41,-10428.68
8877.41,-10428.68 9023.72,-10416.7
8216.39,-10048.13 8291.81,-10097.11
8068.25,-10255.43 8180.97,-10311.24
8180.97,-10311.24 8306.07,-10357.26
8306.07,-10357.26 8441.03,-10392.57
9023.72,-10416.7 9165.58,-10392.91
9165.58,-10392.91 9300.18,-10357.8
9300.18,-10357.8 9424.85,-10312.06
9424.85,-10312.06 9537.1,-10256.61
9008.91,-9719.34 8999.89,-9694.61
8594.98,-9742.42 8605.23,-9767.74
8605.23,-9767.74 8623.87,-9791.01
8623.87,-9791.01 8649.97,-9811.35
9870.44,-9826.88 9869.54,-9801.38
9869.54,-9801.38 9854.01,-9718.08
9854.01,-9718.08 9819.66,-9636.94
9819.66,-9636.94 9767.31,-9559.76
9767.31,-9559.76 9698.17,-9488.3
9698.17,-9488.3 9613.74,-9424.16
9583.35,-9796.69 9582,-9770.35
9582,-9770.35 9566.57,-9703.87
8077.77,-9869.36 8108.07,-9932.91
8108.07,-9932.91 8154.65,-9992.98
8154.65,-9992.98 8216.39,-10048.13
9536.94,-9950.03 9568.73,-9883.69
9568.73,-9883.69 9582.68,-9815.47
9582.68,-9815.47 9583.35,-9797.06
8063.87,-9786.43 8064.5,-9803.9
8064.5,-9803.9 8077.77,-9869.36
8998.19,-9771.38 9008.1,-9747.6
9008.1,-9747.6 9009.98,-9731.4
8601.48,-9690.84 8593.72,-9716.63
8593.72,-9716.63 8593.15,-9725.81
9492.54,-10007.02 9536.94,-9950.03
8114.6,-9629.19 8081.69,-9692.11
8081.69,-9692.11 8065.55,-9757.17
8065.55,-9757.17 8063.87,-9786.13
8954.93,-9812.85 8980.22,-9793.42
8980.22,-9793.42 8998.19,-9771.38
8044.84,-10303.39 8038.04,-10306.58
8038.04,-10306.58 8023.99,-10312.62
8675.1,-9625.72 8642.98,-9644.38
8642.98,-9644.38 8618.12,-9666.39
8618.12,-9666.39 8601.48,-9690.84
8304.73,-9467.27 8227.36,-9515.5
8227.36,-9515.5 8163.51,-9569.88
8163.51,-9569.88 8114.6,-9629.19
8046.39,-9402.96 7952.98,-9469.03
7952.98,-9469.03 7875.9,-9541.63
7875.9,-9541.63 7817.08,-9618.5
7759.97,-9878.09 7755.1,-9823.41
7969.46,-10190.44 7888.79,-10119.6
7888.79,-10119.6 7826.21,-10042.93
7826.21,-10042.93 7782.98,-9961.91
7782.98,-9961.91 7759.97,-9878.09
9813.39,-9980.08 9776.03,-10047.33
9776.03,-10047.33 9713.9,-10123.28
9713.9,-10123.28 9633.74,-10193.51
9633.74,-10193.51 9537.1,-10256.61
8068.25,-10255.43 8058.61,-10265.52
8594.39,-10200.83 8710.73,-10216.61
8710.73,-10216.61 8829.77,-10221.95
8829.77,-10221.95 8948.73,-10216.75
8948.73,-10216.75 9064.87,-10201.14
9064.87,-10201.14 9175.49,-10175.49
8287.9,-10095.41 8380.46,-10139.54
8380.46,-10139.54 8483.43,-10174.95
8483.43,-10174.95 8594.39,-10200.83
9175.49,-10175.49 9278.03,-10140.38
9278.03,-10140.38 9370.08,-10096.65
9370.08,-10096.65 9449.48,-10045.31
9449.48,-10045.31 9492.54,-10007.02
6608.05,-8458.15 6501.03,-8515.62
7460.37,-8763.99 8043.2,-8520.12
7116.35,-8930.05 7092.85,-8947.39
7092.85,-8947.39 6522.89,-9368.09
8079.69,-8499.02 8043.4,-8519.97
6467.88,-9429.59 6431.59,-9450.55
6513.25,-9408.04 6499.48,-9416.05
6478.63,-9425.29 6468.08,-9429.5
6271.72,-8731.16 6232.38,-8809.81
8043.2,-8520.12 8043.4,-8519.97
6232.38,-8809.81 6213.2,-8884.55
6213.19,-8884.58 6209.73,-8934.34
6209.73,-8934.04 6213.17,-8884.94
6209.73,-8934.34 6209.73,-8934.04
6257.51,-8800.2 6257.32,-8832.65
6513.25,-9378.18 6513.25,-9408.04
8288.99,-9097.47 8311.28,-9038.15
7464.62,-8844.12 7463.55,-8832.01
7538.49,-9587.48 7539.04,-9606.51
7532.03,-9539.66 7533.71,-9576.81
8311.28,-9038.15 8323.45,-8973.59
7047.78,-8838.48 7049.62,-8855.08
6861.43,-8285.48 6861.34,-8285.04
7539.04,-9606.51 7539.14,-9606.96
8325.08,-8939.29 8325.08,-8939.54
8276.94,-9112.9 8276.88,-9147.52
8323.45,-8973.59 8325.08,-8939.29
7539.14,-9606.96 7552.43,-9635.58
7533.71,-9576.81 7538.49,-9587.48
6989.97,-8346.91 6982.02,-8329.78
7308.27,-8959.59 7525.04,-9521.53
7525.04,-9521.53 7532.03,-9539.66
6424.82,-9303.58 6522.89,-9368.09
7209.98,-8714.12 6989.97,-8346.91
7048.36,-8829.29 6257.51,-8800.2
6187.05,-8826.63 6199.41,-8827.4
6199.41,-8827.4 6214.17,-8828.74
6137.45,-8818.96 6187.02,-8826.62
8339.23,-9159.56 8388.81,-9167.23
6257.32,-8832.65 6229.32,-8830.9
6224.6,-8830.04 6214.17,-8828.74
8276.88,-9147.52 8308.97,-9152.49
8308.96,-9152.48 8308.97,-9152.49
7174.52,-8953.13 7215.41,-8960.82
8339.21,-9159.56 8339.23,-9159.56
8328.64,-9156.77 8339.21,-9159.56
7449.69,-8887.89 7484.04,-8897.24
7484.04,-8897.24 8259.94,-9108.28
8259.94,-9108.28 8276.94,-9112.9
8325.07,-8938.43 8325.08,-8938.68
8325.08,-8938.68 8325.08,-8939.29
6209.74,-8936.08 6209.73,-8935.06
6209.73,-8935.06 6209.73,-8934.76
6209.73,-8934.76 6209.73,-8934.34
8325.08,-8939.54 8325.08,-8940.27
8325.08,-8940.27 8325.07,-8940.51
7578.09,-8359.14 7430.01,-8338.87
7430.01,-8338.87 7280.05,-8329.91
7280.05,-8329.91 7131.79,-8332.56
7131.79,-8332.56 6988.32,-8347.07
6988.32,-8347.07 6852.27,-8373.44
6852.27,-8373.44 6725.32,-8410.71
6725.32,-8410.71 6608.05,-8458.15
7876.52,-8635.44 7799.19,-8585.84
7799.19,-8585.84 7710.04,-8543.59
7710.04,-8543.59 7611.16,-8509.64
7611.16,-8509.64 7504.78,-8484.7
7504.78,-8484.7 7393.32,-8469.3
7393.32,-8469.3 7279.29,-8463.75
7279.29,-8463.75 7165.27,-8468.17
7165.27,-8468.17 7053.83,-8482.43
7053.83,-8482.43 6947.44,-8506.21
6947.44,-8506.21 6848.53,-8538.96
6848.53,-8538.96 6759.37,-8579.93
8068.38,-8536.82 7969.15,-8480.6
7969.15,-8480.6 7853.01,-8431.5
7853.01,-8431.5 7720.66,-8390.3
7720.66,-8390.3 7578.09,-8359.14
7460.37,-8763.99 7428.19,-8743.58
7428.19,-8743.58 7390,-8727.45
7390,-8727.45 7347.38,-8716.16
7347.38,-8716.16 7302.02,-8710.06
7302.02,-8710.06 7255.75,-8709.36
7255.75,-8709.36 7210.41,-8714.02
7210.41,-8714.02 7167.84,-8723.84
7167.84,-8723.84 7129.74,-8738.39
7104.61,-8924.01 7137.05,-8940.7
7137.05,-8940.7 7174.52,-8953.13
8308.96,-9152.48 8315.64,-9153.78
8315.64,-9153.78 8328.64,-9156.77
7215.41,-8960.82 7257.95,-8963.47
7257.95,-8963.47 7300.32,-8961.04
7300.32,-8961.04 7340.82,-8953.65
7340.82,-8953.65 7377.81,-8941.61
7377.81,-8941.61 7409.57,-8925.51
8021.21,-8816.53 7988.83,-8752.11
7988.83,-8752.11 7940.22,-8691.28
7940.22,-8691.28 7876.52,-8635.44
6895.67,-9505.24 7037.78,-9529.18
7037.78,-9529.18 7184.21,-9541.29
7184.21,-9541.29 7332.05,-9541.35
7332.05,-9541.35 7478.36,-9529.36
6671.02,-9160.79 6746.45,-9209.77
6522.89,-9368.09 6635.61,-9423.9
6635.61,-9423.9 6760.71,-9469.92
6760.71,-9469.92 6895.67,-9505.24
7478.36,-9529.36 7620.21,-9505.57
7620.21,-9505.57 7754.82,-9470.46
7754.82,-9470.46 7879.49,-9424.73
7879.49,-9424.73 7991.74,-9369.27
7463.55,-8832.01 7454.53,-8807.27
7049.62,-8855.08 7059.87,-8880.4
7059.87,-8880.4 7078.51,-8903.67
7078.51,-8903.67 7104.61,-8924.01
8325.08,-8939.54 8324.18,-8914.04
8324.18,-8914.04 8308.65,-8830.74
8308.65,-8830.74 8274.3,-8749.61
8274.3,-8749.61 8221.95,-8672.42
8221.95,-8672.42 8152.81,-8600.97
8152.81,-8600.97 8068.38,-8536.82
8037.99,-8909.36 8036.64,-8883.01
8036.64,-8883.01 8021.21,-8816.53
6532.41,-8982.03 6562.7,-9045.58
6562.7,-9045.58 6609.28,-9105.64
6609.28,-9105.64 6671.02,-9160.79
7991.58,-9062.69 8023.37,-8996.36
8023.37,-8996.36 8037.32,-8928.14
8037.32,-8928.14 8037.99,-8909.72
6518.51,-8899.09 6519.14,-8916.57
6519.14,-8916.57 6532.41,-8982.03
7452.83,-8884.04 7462.74,-8860.26
7462.74,-8860.26 7464.62,-8844.06
7056.12,-8803.5 7048.36,-8829.29
7048.36,-8829.29 7047.78,-8838.47
7947.18,-9119.68 7991.58,-9062.69
6569.24,-8741.86 6536.33,-8804.77
6536.33,-8804.77 6520.19,-8869.84
6520.19,-8869.84 6518.51,-8898.79
7409.57,-8925.51 7434.86,-8906.08
7434.86,-8906.08 7452.83,-8884.04
6499.48,-9416.05 6492.67,-9419.24
6492.67,-9419.24 6478.63,-9425.29
7129.74,-8738.39 7097.62,-8757.05
7097.62,-8757.05 7072.76,-8779.06
7072.76,-8779.06 7056.12,-8803.5
6759.37,-8579.93 6682,-8628.16
6682,-8628.16 6618.15,-8682.55
6618.15,-8682.55 6569.24,-8741.86
6501.03,-8515.62 6407.62,-8581.69
6407.62,-8581.69 6330.54,-8654.29
6330.54,-8654.29 6271.72,-8731.16
6214.61,-8990.76 6209.74,-8936.08
6424.1,-9303.1 6343.43,-9232.26
6343.43,-9232.26 6280.85,-9155.59
6280.85,-9155.59 6237.62,-9074.57
6237.62,-9074.57 6214.61,-8990.76
8268.03,-9092.75 8230.66,-9159.99
8230.66,-9159.99 8168.54,-9235.94
8168.54,-9235.94 8088.37,-9306.17
8088.37,-9306.17 7991.74,-9369.27
6522.89,-9368.09 6513.25,-9378.18
7049.02,-9313.49 7165.37,-9329.27
7165.37,-9329.27 7284.41,-9334.62
7284.41,-9334.62 7403.37,-9329.42
7403.37,-9329.42 7519.5,-9313.8
7519.5,-9313.8 7630.13,-9288.15
6742.54,-9208.07 6835.09,-9252.21
6835.09,-9252.21 6938.07,-9287.61
6938.07,-9287.61 7049.02,-9313.49
7630.13,-9288.15 7732.67,-9253.04
7732.67,-9253.04 7824.72,-9209.31
7824.72,-9209.31 7904.12,-9157.97
7904.12,-9157.97 7947.18,-9119.68
7858.66,-14782.17 8315.48,-15045.9
7849.21,-14658.66 7849.21,-14765.8
8324.93,-15040.45 8324.93,-14906.67
7849.21,-14765.8 7858.66,-14782.17
8315.48,-15045.9 8324.93,-15040.45
6209.21,-13705.69 6209.21,-13812.8
6684.92,-14087.45 6684.92,-13980.34
6218.66,-13829.17 6675.48,-14092.9
6209.21,-13812.8 6218.66,-13829.17
6675.48,-14092.9 6684.92,-14087.45
11335.84,-9287.25 12215.63,-8779.3
12215.63,-8779.3 12822.72,-8428.81
11332.21,-9552.42 11332.21,-9296.41
11339.26,-14061.06 11339.26,-9556.93
11553.38,-10231.71 11553.38,-12122.99
11553.38,-13882.13 11553.38,-12127.18
11553.38,-12122.99 11553.38,-12127.18
11553.38,-10231.71 11553.38,-10209.52
11553.38,-10209.52 11553.98,-9680.89
14134.58,-15674.9 14466.48,-15674.9
11895.71,-12212.25 11895.71,-12120.06
11895.71,-12114.88 11895.71,-12120.06
11895.71,-12114.88 11899.95,-12112.73
11341.67,-14064.42 11382.33,-14087.89
14088.11,-15650.04 14128.77,-15673.51
14084.9,-15618.02 14061.01,-15604.22
11421.04,-14080.07 11461.68,-14103.53
11472.02,-14103.35 14051.27,-15592.45
12131.6,-12341.31 12131.6,-12249.26
12126.55,-12345.52 12131.6,-12341.31
14474.01,-11166.42 15962.39,-10307.04
11553.38,-13882.13 13913.38,-15244.65
13959.4,-15244.68 14084.9,-15317.15
15814.26,-11199.1 15814.52,-11199
13798.52,-14718.79 11669.5,-13489.63
13327.96,-12941.77 13327.96,-13039.14
15794.15,-11205.57 14606.49,-11890.4
14516.15,-11948.52 14578.74,-11912.47
15814.52,-11199 15875,-11164.08
13563.84,-13168.34 13563.84,-13076.15
13327.96,-12941.77 13332.19,-12939.62
11397.81,-14087.89 11411.36,-14080.07
13558.8,-13172.41 13563.13,-13169.91
15814.26,-12134.96 15814.52,-12134.86
13798.52,-13732.65 11669.5,-12503.49
15896.79,-14842.14 15883.24,-14834.32
14084.9,-15645.57 14084.9,-11142.09
14598.84,-12831.91 14606.48,-12826.25
15794.15,-12140.57 14606.49,-12826.26
14516.15,-12884.47 14578.74,-12848.33
15814.52,-12134.86 15875,-12099.94
14084.9,-13582.57 11557.48,-12123.4
12123.13,-12343.55 12126.55,-12345.52
13555.37,-13170.44 13558.8,-13172.41
11895.71,-12212.25 12123.13,-12343.55
13327.96,-13039.14 13555.37,-13170.44
11899.95,-12112.73 12129.18,-12245.07
13332.19,-12939.62 13561.42,-13071.96
13798.52,-13169.73 11669.5,-11940.57
14516.15,-11142.09 14516.15,-15645.57
14607.78,-15551.15 14607.78,-15169.36
14684.08,-15125.42 14684.08,-11845.66
14598.84,-13650.44 14606.48,-13644.78
14578.95,-13666.71 14578.74,-13666.86
15794.15,-12959.57 14606.49,-13644.79
14516.15,-13703 14578.74,-13666.86
15815.15,-12953.57 15874.09,-12919
15216.32,-14818.91 15216.32,-11538.76
15814.26,-13772.02 15814.52,-13771.91
11669.5,-10887.38 13798.52,-12116.54
14578.95,-14485.24 14578.74,-14485.39
15794.15,-13777.57 14606.15,-14463.57
14516.15,-14521.53 14578.74,-14485.39
15814.52,-13771.91 15873.87,-13737.65
14084.9,-11685.74 11558.09,-10226.88
15748.57,-14512.39 15748.57,-11231.85
15817.92,-14476.74 15817.92,-14849.12
15955.34,-10311.18 15955.34,-14815.31
15962.39,-10242.05 15962.39,-10307.04
15962.39,-10050.66 15962.39,-10242.05
14598.84,-15175.75 14606.51,-15170.09
14578.95,-15192.02 14578.74,-15192.18
15795.15,-14485.57 14606.49,-15170.11
14516.15,-15228.35 14578.74,-15192.18
15814.52,-14478.7 15873.67,-14444.55
15814.26,-14478.81 15814.52,-14478.7
11332.21,-9552.42 14127.05,-11166.42
15873.57,-14834.32 15832.92,-14857.78
14516.15,-15618.02 14595.68,-15572.1
14472.29,-15673.51 14512.94,-15650.04
15912.28,-14842.14 15952.93,-14818.66
14127.05,-11166.42 14474.01,-11166.42
13165.43,-8428.81 15958.76,-10041.5
12823.03,-8428.3 13165.43,-8428.81
15795.15,-14485.57 15814.26,-14478.81
14578.95,-15192.02 14588.59,-15183.91
14588.59,-15183.91 14598.84,-15175.75
15794.15,-13777.57 15814.26,-13772.02
14578.95,-14485.24 14606.15,-14463.57
14578.95,-13666.71 14588.59,-13658.59
14588.59,-13658.59 14598.84,-13650.44
15794.15,-12959.57 15815.15,-12953.57
14578.95,-12848.18 14588.59,-12840.07
14588.59,-12840.07 14598.84,-12831.91
15794.15,-12140.57 15797.9,-12139.47
15797.9,-12139.47 15806.15,-12137.09
15806.15,-12137.09 15814.26,-12134.96
14578.95,-11912.32 14588.59,-11904.2
14588.59,-11904.2 14598.84,-11896.05
15794.15,-11205.57 15797.9,-11203.61
15797.9,-11203.61 15806.15,-11201.23
15806.15,-11201.23 15814.26,-11199.1
14598.84,-11896.05 14606.49,-11890.4
15896.79,-14842.14 15906.13,-14844.25
15906.13,-14844.25 15912.28,-14842.14
15952.93,-14818.66 15955.34,-14815.31
15883.24,-14834.32 15873.57,-14834.32
15832.92,-14857.78 15820.83,-14850.8
15820.83,-14850.8 15817.92,-14849.12
15958.76,-10041.5 15962.39,-10050.66
11335.84,-9287.25 11332.21,-9296.41
13561.42,-13071.96 13563.84,-13076.15
12129.18,-12245.07 12131.6,-12249.26
11339.26,-14061.06 11341.67,-14064.42
11382.33,-14087.89 11397.81,-14087.89
11411.36,-14080.07 11421.04,-14080.07
11461.68,-14103.53 11472.02,-14103.35
14084.9,-15645.57 14088.11,-15650.04
14128.77,-15673.51 14134.58,-15674.9
14466.48,-15674.9 14472.29,-15673.51
14512.94,-15650.04 14516.15,-15645.57
14595.68,-15572.1 14607.78,-15551.15
14061.01,-15604.22 14051.27,-15592.45
13913.38,-15244.65 13959.4,-15244.68
13563.13,-13169.91 13563.84,-13168.34
13774.41,-9684.48 13667.39,-9741.96
14626.73,-9990.33 15209.56,-9746.45
14282.71,-10156.39 14259.21,-10173.73
14259.21,-10173.73 13689.25,-10594.43
15246.05,-9725.36 15209.76,-9746.31
13634.24,-10655.93 13597.95,-10676.88
13679.61,-10634.38 13665.84,-10642.39
13634.44,-10655.84 13634.24,-10655.93
13644.99,-10651.62 13634.44,-10655.84
13438.08,-9957.5 13398.74,-10036.14
15209.56,-9746.45 15209.76,-9746.31
13398.74,-10036.14 13379.56,-10110.88
13379.56,-10110.91 13376.09,-10160.67
13376.09,-10160.37 13379.53,-10111.28
13379.56,-10110.91 13379.56,-10110.89
13376.09,-10160.67 13376.09,-10160.37
13423.87,-10026.53 13423.68,-10058.99
13679.61,-10604.52 13679.61,-10634.38
15455.35,-10323.8 15477.64,-10264.49
14630.98,-10070.46 14629.91,-10058.34
14704.85,-10813.81 14705.41,-10832.85
14698.4,-10766 14700.07,-10803.15
15477.64,-10264.49 15489.81,-10199.93
14214.15,-10064.81 14215.98,-10081.42
14705.41,-10832.85 14705.5,-10833.29
15491.44,-10165.62 15491.44,-10165.88
15443.3,-10339.24 15443.24,-10373.86
15489.81,-10199.93 15491.44,-10165.62
14705.5,-10833.29 14718.79,-10861.91
14700.07,-10803.15 14704.85,-10813.81
14156.33,-9573.25 14148.38,-9556.12
14474.64,-10185.93 14691.4,-10747.87
14691.4,-10747.87 14698.4,-10766
13591.18,-10529.92 13689.25,-10594.43
14376.34,-9940.46 14156.33,-9573.25
14214.72,-10055.63 13423.87,-10026.53
13353.41,-10052.97 13365.77,-10053.74
13365.77,-10053.74 13380.53,-10055.08
13303.81,-10045.29 13353.38,-10052.96
15505.59,-10385.9 15555.17,-10393.57
13423.68,-10058.99 13395.68,-10057.24
13390.96,-10056.38 13380.53,-10055.08
15443.24,-10373.86 15475.33,-10378.82
14340.88,-10179.47 14381.77,-10187.15
15505.57,-10385.89 15505.59,-10385.9
15495.01,-10383.11 15505.57,-10385.89
14616.05,-10114.23 14650.4,-10123.58
14650.4,-10123.58 15426.31,-10334.61
15426.31,-10334.61 15443.3,-10339.24
15491.44,-10164.77 15491.44,-10165.01
15491.44,-10165.01 15491.44,-10165.62
13376.1,-10162.41 13376.1,-10161.4
13376.1,-10161.4 13376.09,-10161.09
13376.09,-10161.09 13376.09,-10160.67
15491.44,-10165.88 15491.44,-10166.61
15491.44,-10166.61 15491.44,-10166.85
14744.45,-9585.47 14596.37,-9565.21
14596.37,-9565.21 14446.41,-9556.25
14446.41,-9556.25 14298.15,-9558.9
14298.15,-9558.9 14154.68,-9573.41
14154.68,-9573.41 14018.64,-9599.78
14018.64,-9599.78 13891.68,-9637.05
13891.68,-9637.05 13774.41,-9684.48
15042.88,-9861.77 14965.55,-9812.17
14965.55,-9812.17 14876.4,-9769.93
14876.4,-9769.93 14777.52,-9735.98
14777.52,-9735.98 14671.15,-9711.04
14671.15,-9711.04 14559.68,-9695.63
14559.68,-9695.63 14445.65,-9690.09
14445.65,-9690.09 14331.63,-9694.51
14331.63,-9694.51 14220.19,-9708.77
14220.19,-9708.77 14113.81,-9732.55
14113.81,-9732.55 14014.89,-9765.3
14014.89,-9765.3 13925.73,-9806.27
15234.74,-9763.16 15135.52,-9706.94
15135.52,-9706.94 15019.38,-9657.84
15019.38,-9657.84 14887.02,-9616.64
14887.02,-9616.64 14744.45,-9585.47
14626.73,-9990.33 14594.55,-9969.92
14594.55,-9969.92 14556.37,-9953.79
14556.37,-9953.79 14513.74,-9942.49
14513.74,-9942.49 14468.38,-9936.4
14468.38,-9936.4 14422.11,-9935.69
14422.11,-9935.69 14376.77,-9940.36
14376.77,-9940.36 14334.2,-9950.18
14334.2,-9950.18 14296.1,-9964.72
14270.97,-10150.35 14303.41,-10167.04
14303.41,-10167.04 14340.88,-10179.47
15475.32,-10378.82 15482,-10380.11
15482,-10380.11 15495.01,-10383.11
14381.77,-10187.15 14424.31,-10189.81
14424.31,-10189.81 14466.68,-10187.38
14466.68,-10187.38 14507.18,-10179.99
14507.18,-10179.99 14544.17,-10167.94
14544.17,-10167.94 14575.93,-10151.85
15187.57,-10042.87 15155.19,-9978.45
15155.19,-9978.45 15106.58,-9917.62
15106.58,-9917.62 15042.88,-9861.77
14062.03,-10731.57 14204.14,-10755.52
14204.14,-10755.52 14350.57,-10767.63
14350.57,-10767.63 14498.41,-10767.68
14498.41,-10767.68 14644.72,-10755.7
13837.39,-10387.13 13912.81,-10436.11
13689.25,-10594.43 13801.97,-10650.24
13801.97,-10650.24 13927.07,-10696.26
13927.07,-10696.26 14062.03,-10731.57
14644.72,-10755.7 14786.58,-10731.91
14786.58,-10731.91 14921.18,-10696.8
14921.18,-10696.8 15045.85,-10651.06
15045.85,-10651.06 15158.1,-10595.61
14629.91,-10058.34 14620.89,-10033.61
14215.98,-10081.42 14226.23,-10106.74
14226.23,-10106.74 14244.87,-10130.01
14244.87,-10130.01 14270.97,-10150.35
15491.44,-10165.88 15490.54,-10140.38
15490.54,-10140.38 15475.01,-10057.08
15475.01,-10057.08 15440.66,-9975.94
15440.66,-9975.94 15388.31,-9898.76
15388.31,-9898.76 15319.17,-9827.3
15319.17,-9827.3 15234.74,-9763.16
15204.35,-10135.69 15203,-10109.35
15203,-10109.35 15187.57,-10042.87
13698.77,-10208.36 13729.07,-10271.91
13729.07,-10271.91 13775.65,-10331.98
13775.65,-10331.98 13837.39,-10387.13
15157.94,-10289.03 15189.73,-10222.69
15189.73,-10222.69 15203.68,-10154.47
15203.68,-10154.47 15204.35,-10136.06
13684.87,-10125.43 13685.5,-10142.9
13685.5,-10142.9 13698.77,-10208.36
14619.19,-10110.38 14629.1,-10086.6
14629.1,-10086.6 14630.98,-10070.4
14222.48,-10029.84 14214.72,-10055.63
14214.72,-10055.63 14214.15,-10064.81
15113.54,-10346.02 15157.94,-10289.03
13735.6,-9968.19 13702.69,-10031.11
13702.69,-10031.11 13686.55,-10096.17
13686.55,-10096.17 13684.87,-10125.13
14575.93,-10151.85 14601.22,-10132.42
14601.22,-10132.42 14619.19,-10110.38
13665.84,-10642.39 13659.04,-10645.58
13659.04,-10645.58 13644.99,-10651.62
14296.1,-9964.72 14263.98,-9983.38
14263.98,-9983.38 14239.12,-10005.39
14239.12,-10005.39 14222.48,-10029.84
13925.73,-9806.27 13848.36,-9854.5
13848.36,-9854.5 13784.51,-9908.88
13784.51,-9908.88 13735.6,-9968.19
13667.39,-9741.96 13573.98,-9808.03
13573.98,-9808.03 13496.9,-9880.63
13496.9,-9880.63 13438.08,-9957.5
13380.97,-10217.09 13376.1,-10162.41
13590.46,-10529.44 13509.79,-10458.6
13509.79,-10458.6 13447.21,-10381.93
13447.21,-10381.93 13403.98,-10300.91
13403.98,-10300.91 13380.97,-10217.09
15434.39,-10319.08 15397.03,-10386.33
15397.03,-10386.33 15334.9,-10462.28
15334.9,-10462.28 15254.74,-10532.51
15254.74,-10532.51 15158.1,-10595.61
13689.25,-10594.43 13679.61,-10604.52
14215.39,-10539.83 14331.73,-10555.61
14331.73,-10555.61 14450.77,-10560.95
14450.77,-10560.95 14569.73,-10555.75
14569.73,-10555.75 14685.87,-10540.14
14685.87,-10540.14 14796.49,-10514.49
13908.9,-10434.41 14001.46,-10478.54
14001.46,-10478.54 14104.43,-10513.95
14104.43,-10513.95 14215.39,-10539.83
14796.49,-10514.49 14899.03,-10479.38
14899.03,-10479.38 14991.08,-10435.65
14991.08,-10435.65 15070.48,-10384.31
15070.48,-10384.31 15113.54,-10346.02
12229.05,-8797.15 12122.03,-8854.62
13081.37,-9102.99 13664.2,-8859.12
12737.35,-9269.05 12713.85,-9286.39
12713.85,-9286.39 12143.89,-9707.09
13700.69,-8838.02 13664.4,-8858.97
12088.88,-9768.59 12052.59,-9789.55
12134.25,-9747.04 12120.48,-9755.05
12099.63,-9764.29 12089.08,-9768.5
11892.72,-9070.16 11853.38,-9148.81
13664.2,-8859.12 13664.4,-8858.97
11853.38,-9148.81 11834.2,-9223.55
11834.19,-9223.58 11830.73,-9273.34
11830.73,-9273.04 11834.17,-9223.94
11830.73,-9273.34 11830.73,-9273.04
11878.51,-9139.2 11878.32,-9171.65
12134.25,-9717.18 12134.25,-9747.04
13909.99,-9436.47 13932.28,-9377.15
13085.62,-9183.12 13084.55,-9171.01
13159.49,-9926.48 13160.04,-9945.51
13153.04,-9878.66 13154.71,-9915.81
13932.28,-9377.15 13944.45,-9312.59
12668.78,-9177.48 12670.62,-9194.08
12482.44,-8624.48 12482.34,-8624.04
13160.04,-9945.51 13160.14,-9945.96
13946.08,-9278.29 13946.08,-9278.54
13897.94,-9451.9 13897.88,-9486.52
13944.45,-9312.59 13946.08,-9278.29
13160.14,-9945.96 13173.43,-9974.58
13154.71,-9915.81 13159.49,-9926.48
12610.97,-8685.91 12603.02,-8668.78
12929.27,-9298.59 13146.04,-9860.53
13146.04,-9860.53 13153.04,-9878.66
12045.82,-9642.58 12143.89,-9707.09
12830.98,-9053.12 12610.97,-8685.91
12669.36,-9168.29 11878.51,-9139.2
11808.05,-9165.63 11820.41,-9166.4
11820.41,-9166.4 11835.17,-9167.74
11758.45,-9157.96 11808.02,-9165.62
13960.23,-9498.56 14009.81,-9506.23
11878.32,-9171.65 11850.32,-9169.9
11845.6,-9169.04 11835.17,-9167.74
13897.88,-9486.52 13929.97,-9491.49
13929.96,-9491.48 13929.97,-9491.49
12795.52,-9292.13 12836.41,-9299.82
13960.21,-9498.56 13960.23,-9498.56
13949.64,-9495.77 13960.21,-9498.56
13070.69,-9226.89 13105.04,-9236.24
13105.04,-9236.24 13880.94,-9447.28
13880.94,-9447.28 13897.94,-9451.9
13946.07,-9277.43 13946.08,-9277.68
13946.08,-9277.68 13946.08,-9278.29
11830.74,-9275.08 11830.73,-9274.06
11830.73,-9274.06 11830.73,-9273.76
11830.73,-9273.76 11830.73,-9273.34
13946.08,-9278.54 13946.08,-9279.27
13946.08,-9279.27 13946.07,-9279.51
13199.09,-8698.14 13051.01,-8677.87
13051.01,-8677.87 12901.05,-8668.91
12901.05,-8668.91 12752.79,-8671.56
12752.79,-8671.56 12609.32,-8686.07
12609.32,-8686.07 12473.27,-8712.44
12473.27,-8712.44 12346.32,-8749.71
12346.32,-8749.71 12229.05,-8797.15
13497.52,-8974.44 13420.19,-8924.84
13420.19,-8924.84 13331.04,-8882.59
13331.04,-8882.59 13232.16,-8848.64
13232.16,-8848.64 13125.79,-8823.7
13125.79,-8823.7 13014.32,-8808.3
13014.32,-8808.3 12900.29,-8802.75
12900.29,-8802.75 12786.27,-8807.17
12786.27,-8807.17 12674.83,-8821.43
12674.83,-8821.43 12568.44,-8845.21
12568.44,-8845.21 12469.53,-8877.96
12469.53,-8877.96 12380.37,-8918.93
13689.38,-8875.82 13590.15,-8819.6
13590.15,-8819.6 13474.01,-8770.5
13474.01,-8770.5 13341.66,-8729.3
13341.66,-8729.3 13199.09,-8698.14
13081.37,-9102.99 13049.19,-9082.58
13049.19,-9082.58 13011,-9066.46
13011,-9066.46 12968.38,-9055.16
12968.38,-9055.16 12923.02,-9049.06
12923.02,-9049.06 12876.75,-9048.36
12876.75,-9048.36 12831.41,-9053.02
12831.41,-9053.02 12788.84,-9062.84
12788.84,-9062.84 12750.74,-9077.39
12725.61,-9263.01 12758.05,-9279.7
12758.05,-9279.7 12795.52,-9292.13
13929.96,-9491.48 13936.64,-9492.78
13936.64,-9492.78 13949.64,-9495.77
12836.41,-9299.82 12878.95,-9302.47
12878.95,-9302.47 12921.32,-9300.04
12921.32,-9300.04 12961.82,-9292.65
12961.82,-9292.65 12998.81,-9280.61
12998.81,-9280.61 13030.57,-9264.51
13642.21,-9155.53 13609.83,-9091.11
13609.83,-9091.11 13561.22,-9030.28
13561.22,-9030.28 13497.52,-8974.44
12516.67,-9844.24 12658.78,-9868.18
12658.78,-9868.18 12805.21,-9880.29
12805.21,-9880.29 12953.05,-9880.35
12953.05,-9880.35 13099.36,-9868.36
12292.02,-9499.79 12367.45,-9548.77
12143.89,-9707.09 12256.61,-9762.9
12256.61,-9762.9 12381.71,-9808.92
12381.71,-9808.92 12516.67,-9844.24
13099.36,-9868.36 13241.21,-9844.57
13241.21,-9844.57 13375.82,-9809.46
13375.82,-9809.46 13500.49,-9763.73
13500.49,-9763.73 13612.74,-9708.27
13084.55,-9171.01 13075.53,-9146.27
12670.62,-9194.08 12680.87,-9219.4
12680.87,-9219.4 12699.51,-9242.67
12699.51,-9242.67 12725.61,-9263.01
13946.08,-9278.54 13945.18,-9253.04
13945.18,-9253.04 13929.65,-9169.74
13929.65,-9169.74 13895.3,-9088.61
13895.3,-9088.61 13842.95,-9011.42
13842.95,-9011.42 13773.81,-8939.97
13773.81,-8939.97 13689.38,-8875.82
13658.99,-9248.36 13657.64,-9222.01
13657.64,-9222.01 13642.21,-9155.53
12153.41,-9321.03 12183.7,-9384.58
12183.7,-9384.58 12230.28,-9444.64
12230.28,-9444.64 12292.02,-9499.79
13612.58,-9401.69 13644.37,-9335.36
13644.37,-9335.36 13658.32,-9267.14
13658.32,-9267.14 13658.99,-9248.72
12139.51,-9238.09 12140.14,-9255.57
12140.14,-9255.57 12153.41,-9321.03
13073.83,-9223.04 13083.74,-9199.26
13083.74,-9199.26 13085.62,-9183.06
12677.12,-9142.5 12669.36,-9168.29
12669.36,-9168.29 12668.78,-9177.47
13568.18,-9458.68 13612.58,-9401.69
12190.24,-9080.86 12157.33,-9143.77
12157.33,-9143.77 12141.19,-9208.84
12141.19,-9208.84 12139.51,-9237.79
13030.57,-9264.51 13055.86,-9245.08
13055.86,-9245.08 13073.83,-9223.04
12120.48,-9755.05 12113.67,-9758.24
12113.67,-9758.24 12099.63,-9764.29
12750.74,-9077.39 12718.62,-9096.05
12718.62,-9096.05 12693.76,-9118.06
12693.76,-9118.06 12677.12,-9142.5
12380.37,-8918.93 12303,-8967.16
12303,-8967.16 12239.15,-9021.55
12239.15,-9021.55 12190.24,-9080.86
12122.03,-8854.62 12028.62,-8920.69
12028.62,-8920.69 11951.54,-8993.29
11951.54,-8993.29 11892.72,-9070.16
11835.61,-9329.76 11830.74,-9275.08
12045.1,-9642.1 11964.43,-9571.27
11964.43,-9571.27 11901.85,-9494.59
11901.85,-9494.59 11858.62,-9413.57
11858.62,-9413.57 11835.61,-9329.76
13889.03,-9431.75 13851.66,-9498.99
13851.66,-9498.99 13789.54,-9574.94
13789.54,-9574.94 13709.37,-9645.17
13709.37,-9645.17 13612.74,-9708.27
12143.89,-9707.09 12134.25,-9717.18
12670.02,-9652.49 12786.37,-9668.27
12786.37,-9668.27 12905.41,-9673.62
12905.41,-9673.62 13024.37,-9668.42
13024.37,-9668.42 13140.5,-9652.81
13140.5,-9652.81 13251.13,-9627.15
12363.54,-9547.07 12456.09,-9591.21
12456.09,-9591.21 12559.07,-9626.61
12559.07,-9626.61 12670.02,-9652.49
13251.13,-9627.15 13353.67,-9592.04
13353.67,-9592.04 13445.72,-9548.31
13445.72,-9548.31 13525.12,-9496.97
13525.12,-9496.97 13568.18,-9458.68
13479.66,-15121.17 13936.48,-15384.9
13470.21,-14997.66 13470.21,-15104.8
13945.93,-15379.45 13945.93,-15245.67
13470.21,-15104.8 13479.66,-15121.17
13936.48,-15384.9 13945.93,-15379.45
11830.21,-14044.69 11830.21,-14151.8
12305.92,-14426.45 12305.92,-14319.34
11839.66,-14168.17 12296.48,-14431.9
11830.21,-14151.8 11839.66,-14168.17
12296.48,-14431.9 12305.92,-14426.45
8087.07,-14914.03 8087.07,-16949.24
