11423.9,-7610.46 13065.94,-6662.25
11423.9,-7824.1 11416.12,-7904.47
11423.9,-7824.1 11423.9,-7610.46
11424.67,-12887.12 11424.67,-7909.41
11570.61,-12922.62 11570.61,-12641.94
11656.87,-8043.47 11656.87,-12691.75
11871,-12816.91 11871,-12924.05
13699.57,-9222.8 13703.58,-9220.48
14083.31,-9222.8 15725.34,-8274.77
13708.12,-14203.27 14074.76,-14203.27
11424.67,-12887.12 11469.58,-12913.05
13658.06,-14176.54 13701.71,-14201.74
11512.35,-12904.41 11557.24,-12930.33
13656.14,-14135.32 11563.93,-12926.47
12346.71,-13198.69 12346.71,-13088.98
13466.73,-13734.2 13503.63,-13734.2
11880.45,-12940.41 12337.26,-13204.15
13083.09,-13634.74 13539.91,-13898.48
11512.22,-12608.23 13466.73,-13734.2
13503.63,-13734.2 13656.79,-13821.19
12426.89,-10968.82 12426.89,-11076.38
12683.45,-11119.58 12683.45,-11221.41
15536.02,-9262.77 14224.61,-10019.91
14081.17,-10109.4 14193.96,-10044.29
15559.08,-9256.14 15625.89,-9217.57
13389,-13184.13 11732.03,-12227.49
13073.64,-13511.24 13073.64,-13618.38
13503.63,-13734.2 13503.63,-9109.67
13549.35,-13893.03 13549.35,-13760.17
13613.5,-13796.28 13613.23,-14110.54
13701.71,-14201.74 13701.71,-9221.57
15623.78,-10217.41 15556.97,-10255.98
14191.85,-11044.13 14081.17,-11108.03
15526.56,-10280.2 14215.17,-11037.35
14191.85,-11044.13 14192.13,-11044.01
13389,-12094.77 11732.03,-11138.14
15654.77,-13283.35 15639.8,-13274.71
14081.17,-14201.74 14081.17,-9221.56
15534.7,-10274.17 15526.56,-10280.2
11486.69,-12913.05 11501.66,-12904.41
13459.51,-11784.58 11661.52,-10746.54
12678.11,-11221.41 12681.89,-11223.6
12426.89,-11076.38 12678.11,-11221.41
12680.78,-11114.95 12427.56,-10968.75
11732.03,-10516.68 13389,-11473.31
14230.85,-14066.56 14230.85,-13639.26
14310.32,-13593.38 14310.32,-9970.43
14317.89,-9944.65 14317.89,-9087.36
15623.78,-11121.6 15556.97,-11160.18
14191.85,-11948.33 14081.17,-12012.22
15526.57,-11184.41 14215.17,-11941.54
14898.27,-13253.93 14898.27,-9630.97
15556.97,-12064.37 15556.73,-12064.54
15623.78,-12025.8 15556.97,-12064.37
14191.85,-12852.52 14081.17,-12916.42
15526.57,-12088.6 14215.17,-12845.74
11732.03,-9377.95 13389,-10334.58
15480.07,-8416.38 15480.07,-9273.67
15486.23,-12914.47 15486.23,-9291.52
15570.85,-12872.3 15570.85,-13292.92
15719.44,-8278.18 15719.44,-13253.72
15727,-7988.29 15727,-8270.28
14194.19,-13667.08 14193.96,-13667.25
15536.02,-12885.73 14224.61,-13642.87
14081.17,-13732.36 14193.96,-13667.25
15559.08,-12879.1 15625.89,-12840.52
15558.79,-12879.22 15559.08,-12879.1
13459.51,-9688.44 11661.52,-8650.39
15629.11,-13274.71 15584.21,-13300.63
14130.06,-14140.18 14217.49,-14089.71
14081.17,-14201.74 14126.09,-14175.81
15671.87,-13283.35 15716.79,-13257.42
11416.12,-7904.47 13699.57,-9222.8
13707.36,-9223.76 14075.52,-9223.76
14083.31,-9222.8 14079.3,-9220.48
13434.1,-6662.25 14796.9,-7447.77
14796.9,-7447.77 15718.66,-7979.93
13065.94,-6662.25 13434.1,-6662.25
12813.99,-7289.34 12692.37,-7354.65
13782.53,-7636.89 14444.83,-7359.76
13391.6,-7825.59 13364.89,-7845.29
13364.89,-7845.29 12717.2,-8323.37
14486.3,-7335.79 14445.06,-7359.6
12654.69,-8393.26 12613.46,-8417.07
12706.25,-8368.76 12690.61,-8377.87
12654.92,-8393.15 12654.69,-8393.26
12666.91,-8388.36 12654.92,-8393.15
12431.78,-7599.59 12387.09,-7688.95
14444.83,-7359.76 14445.06,-7359.6
12387.09,-7688.95 12365.28,-7773.88
12365.28,-7773.92 12361.35,-7830.46
12361.35,-7830.12 12365.25,-7774.33
12365.28,-7773.92 12365.29,-7773.89
12361.35,-7830.46 12361.35,-7830.12
12415.64,-7678.03 12415.43,-7714.91
12706.25,-8334.83 12706.25,-8368.76
14724.14,-8015.84 14749.47,-7948.43
13787.36,-7727.95 13786.15,-7714.18
13871.3,-8572.67 13871.93,-8594.3
13863.97,-8518.33 13865.87,-8560.55
14749.47,-7948.43 14763.3,-7875.07
13313.68,-7721.53 13315.77,-7740.4
13871.93,-8594.3 13872.04,-8594.8
14765.15,-7836.09 14765.15,-7836.38
14710.45,-8033.38 14710.37,-8072.72
14763.3,-7875.07 14765.15,-7836.09
13872.04,-8594.8 13887.14,-8627.33
13865.87,-8560.55 13871.3,-8572.67
13247.98,-7162.93 13238.95,-7143.47
13609.69,-7859.16 13856.02,-8497.73
13856.02,-8497.73 13863.97,-8518.33
12605.76,-8250.06 12717.2,-8323.37
13497.99,-7580.22 13247.98,-7162.93
13314.33,-7711.09 12415.64,-7678.03
12335.57,-7708.07 12349.62,-7708.94
12349.62,-7708.94 12366.39,-7710.47
12279.21,-7699.35 12335.54,-7708.06
14781.23,-8086.4 14837.57,-8095.12
12415.43,-7714.91 12383.61,-7712.93
12378.24,-7711.95 12366.39,-7710.47
14710.37,-8072.72 14746.85,-8078.36
14746.83,-8078.36 14746.85,-8078.36
13457.7,-7851.82 13504.17,-7860.55
14781.2,-8086.4 14781.23,-8086.4
14769.2,-8083.23 14781.2,-8086.4
13770.39,-7777.69 13809.43,-7788.31
13809.43,-7788.31 14691.13,-8028.12
14691.13,-8028.12 14710.45,-8033.38
14765.15,-7835.11 14765.15,-7835.39
14765.15,-7835.39 14765.15,-7836.09
12361.36,-7832.44 12361.35,-7831.29
12361.35,-7831.29 12361.35,-7830.94
12361.35,-7830.94 12361.35,-7830.46
14765.15,-7836.38 14765.15,-7837.2
14765.15,-7837.2 14765.15,-7837.48
13916.3,-7176.83 13748.02,-7153.8
13748.02,-7153.8 13577.61,-7143.62
13577.61,-7143.62 13409.14,-7146.63
13409.14,-7146.63 13246.11,-7163.12
13246.11,-7163.12 13091.51,-7193.08
13091.51,-7193.08 12947.25,-7235.44
12947.25,-7235.44 12813.99,-7289.34
14255.42,-7490.8 14167.55,-7434.44
14167.55,-7434.44 14066.24,-7386.44
14066.24,-7386.44 13953.88,-7347.85
13953.88,-7347.85 13833,-7319.51
13833,-7319.51 13706.34,-7302.01
13706.34,-7302.01 13576.76,-7295.71
13576.76,-7295.71 13447.19,-7300.73
13447.19,-7300.73 13320.55,-7316.94
13320.55,-7316.94 13199.66,-7343.95
13199.66,-7343.95 13087.26,-7381.17
13087.26,-7381.17 12985.94,-7427.73
14473.45,-7378.74 14360.69,-7314.85
14360.69,-7314.85 14228.71,-7259.06
14228.71,-7259.06 14078.31,-7212.24
14078.31,-7212.24 13916.3,-7176.83
13782.53,-7636.89 13745.96,-7613.7
13745.96,-7613.7 13702.57,-7595.37
13702.57,-7595.37 13654.13,-7582.53
13654.13,-7582.53 13602.59,-7575.61
13602.59,-7575.61 13550,-7574.8
13550,-7574.8 13498.48,-7580.11
13498.48,-7580.11 13450.1,-7591.27
13450.1,-7591.27 13406.81,-7607.79
13378.25,-7818.73 13415.12,-7837.69
13415.12,-7837.69 13457.7,-7851.82
14746.83,-8078.36 14754.43,-8079.83
14754.43,-8079.83 14769.2,-8083.23
13504.17,-7860.55 13552.51,-7863.57
13552.51,-7863.57 13600.66,-7860.81
13600.66,-7860.81 13646.68,-7852.41
13646.68,-7852.41 13688.71,-7838.73
13688.71,-7838.73 13724.8,-7820.44
14419.85,-7696.59 14383.05,-7623.39
14383.05,-7623.39 14327.81,-7554.27
14327.81,-7554.27 14255.42,-7490.8
13140.82,-8479.21 13302.31,-8506.42
13302.31,-8506.42 13468.71,-8520.18
13468.71,-8520.18 13636.71,-8520.25
13636.71,-8520.25 13802.97,-8506.62
12885.54,-8087.8 12971.26,-8143.46
12717.2,-8323.37 12845.3,-8386.79
12845.3,-8386.79 12987.46,-8439.08
12987.46,-8439.08 13140.82,-8479.21
13802.97,-8506.62 13964.17,-8479.59
13964.17,-8479.59 14117.13,-8439.7
14117.13,-8439.7 14258.8,-8387.73
14258.8,-8387.73 14386.35,-8324.71
13786.15,-7714.18 13775.89,-7686.07
13315.77,-7740.4 13327.41,-7769.17
13327.41,-7769.17 13348.6,-7795.62
13348.6,-7795.62 13378.25,-7818.73
14765.15,-7836.38 14764.13,-7807.4
14764.13,-7807.4 14746.48,-7712.74
14746.48,-7712.74 14707.45,-7620.54
14707.45,-7620.54 14647.96,-7532.83
14647.96,-7532.83 14569.39,-7451.63
14569.39,-7451.63 14473.45,-7378.74
14438.91,-7802.08 14437.38,-7772.14
14437.38,-7772.14 14419.85,-7696.59
12728.03,-7884.66 12762.45,-7956.87
12762.45,-7956.87 12815.39,-8025.13
12815.39,-8025.13 12885.54,-8087.8
14386.18,-7976.32 14422.3,-7900.94
14422.3,-7900.94 14438.16,-7823.42
14438.16,-7823.42 14438.91,-7802.49
12712.23,-7790.41 12712.94,-7810.27
12712.94,-7810.27 12728.03,-7884.66
13773.95,-7773.31 13785.22,-7746.29
13785.22,-7746.29 13787.36,-7727.88
13323.16,-7681.79 13314.33,-7711.09
13314.33,-7711.09 13313.68,-7721.53
14335.72,-8041.08 14386.18,-7976.32
12769.88,-7611.74 12732.48,-7683.23
12732.48,-7683.23 12714.14,-7757.17
12714.14,-7757.17 12712.23,-7790.07
13724.8,-7820.44 13753.54,-7798.36
13753.54,-7798.36 13773.95,-7773.31
12690.61,-8377.87 12682.87,-8381.49
12682.87,-8381.49 12666.91,-8388.36
13406.81,-7607.79 13370.31,-7629
13370.31,-7629 13342.06,-7654.01
13342.06,-7654.01 13323.16,-7681.79
12985.94,-7427.73 12898.01,-7482.54
12898.01,-7482.54 12825.46,-7544.34
12825.46,-7544.34 12769.88,-7611.74
12692.37,-7354.65 12586.22,-7429.73
12586.22,-7429.73 12498.63,-7512.23
12498.63,-7512.23 12431.78,-7599.59
12366.89,-7894.58 12361.36,-7832.44
12604.94,-8249.51 12513.27,-8169.02
12513.27,-8169.02 12442.16,-8081.89
12442.16,-8081.89 12393.04,-7989.82
12393.04,-7989.82 12366.89,-7894.58
14700.32,-8010.48 14657.86,-8086.89
14657.86,-8086.89 14587.27,-8173.19
14587.27,-8173.19 14496.17,-8253.01
14496.17,-8253.01 14386.35,-8324.71
12717.2,-8323.37 12706.25,-8334.83
13315.09,-8261.32 13447.3,-8279.25
13447.3,-8279.25 13582.57,-8285.33
13582.57,-8285.33 13717.75,-8279.42
13717.75,-8279.42 13849.73,-8261.68
13849.73,-8261.68 13975.44,-8232.52
12966.81,-8141.53 13071.99,-8191.68
13071.99,-8191.68 13189,-8231.91
13189,-8231.91 13315.09,-8261.32
13975.44,-8232.52 14091.96,-8192.63
14091.96,-8192.63 14196.56,-8142.93
14196.56,-8142.93 14286.79,-8084.6
14286.79,-8084.6 14335.72,-8041.08
15718.66,-7979.93 15727,-7988.29
14224.61,-10019.91 14193.96,-10044.29
15536.02,-9262.77 15559.08,-9256.14
15534.7,-10274.17 15556.97,-10255.98
14192.13,-11044.01 14215.17,-11037.35
15526.57,-11184.41 15556.97,-11160.18
15526.57,-12088.6 15556.97,-12064.37
14191.85,-12852.52 14215.17,-12845.74
14194.19,-13667.08 14224.61,-13642.87
15536.02,-12885.73 15558.79,-12879.22
11469.58,-12913.05 11486.69,-12913.05
11501.66,-12904.41 11512.35,-12904.41
15584.21,-13300.63 15570.85,-13292.92
15719.44,-13253.72 15716.79,-13257.42
15671.87,-13283.35 15654.77,-13283.35
15629.11,-13274.71 15639.8,-13274.71
14230.85,-14066.56 14217.49,-14089.71
14130.06,-14140.18 14126.09,-14175.81
14074.76,-14203.27 14081.17,-14201.74
13701.71,-14201.74 13708.12,-14203.27
14191.85,-11948.33 14215.17,-11941.54
11871,-12924.05 11880.45,-12940.41
12337.26,-13204.15 12346.71,-13198.69
13073.64,-13618.38 13083.09,-13634.74
13539.91,-13898.48 13549.35,-13893.03
13658.06,-14176.54 13656.14,-14135.32
15725.34,-8274.77 15727,-8270.28
11557.24,-12930.33 11570.61,-12922.62
7892.38,-15620.61 5687.91,-15620.61
13311.5,-15966.61 5687.91,-15966.61
13311.5,-13766.61 13311.5,-15966.61
5687.91,-15420.61 5687.91,-16166.61
5687.91,-15420.61 5013.81,-15793.61
5013.81,-15793.61 5687.91,-16166.61
5013.81,-15793.61 3188.52,-15793.61
5520.15,-7619.61 6399.94,-7111.67
6399.94,-7111.67 7007.03,-6761.17
5516.52,-7884.79 5516.52,-7628.78
5523.57,-12393.43 5523.57,-7889.29
5737.68,-8564.08 5737.68,-10455.36
5737.68,-12214.49 5737.68,-10459.55
5737.68,-10455.36 5737.68,-10459.55
5737.68,-8564.08 5737.68,-8541.88
5737.68,-8541.88 5738.29,-8013.26
8318.89,-14007.27 8650.79,-14007.27
6080.02,-10544.61 6080.02,-10452.43
6080.02,-10447.25 6080.02,-10452.43
6080.02,-10447.25 6084.25,-10445.09
5525.98,-12396.78 5566.64,-12420.26
8272.42,-13982.4 8313.08,-14005.88
8269.21,-13950.38 8245.32,-13936.59
5605.35,-12412.43 5645.99,-12435.9
5656.32,-12435.72 8235.58,-13924.82
6315.91,-10673.67 6315.91,-10581.63
6310.86,-10677.89 6315.91,-10673.67
8658.32,-9498.78 10146.7,-8639.41
5737.68,-12214.49 8097.69,-13577.01
8143.7,-13577.05 8269.21,-13649.51
9998.57,-9531.47 9998.83,-9531.36
7982.83,-13051.16 5853.81,-11822
7512.27,-11274.14 7512.27,-11371.5
9978.46,-9537.93 8790.8,-10222.77
8700.46,-10280.89 8763.05,-10244.84
9998.83,-9531.36 10059.31,-9496.44
7748.15,-11500.7 7748.15,-11408.52
7512.27,-11274.14 7516.5,-11271.98
5582.12,-12420.26 5595.67,-12412.43
7743.1,-11504.78 7747.44,-11502.27
9998.57,-10467.33 9998.83,-10467.22
7982.83,-12065.01 5853.81,-10835.85
10081.1,-13174.5 10067.55,-13166.68
8269.21,-13977.93 8269.21,-9474.45
8783.15,-11164.27 8790.79,-11158.62
9978.46,-10472.93 8790.8,-11158.63
8700.46,-11216.83 8763.05,-11180.7
9998.83,-10467.22 10059.31,-10432.3
8269.21,-11914.94 5741.79,-10455.76
6307.44,-10675.91 6310.86,-10677.89
7739.68,-11502.8 7743.1,-11504.78
6080.02,-10544.61 6307.44,-10675.91
7512.27,-11371.5 7739.68,-11502.8
6084.25,-10445.09 6313.49,-10577.44
7516.5,-11271.98 7745.73,-11404.33
7982.83,-11502.1 5853.81,-10272.94
8700.46,-9474.45 8700.46,-13977.93
8792.09,-13883.51 8792.09,-13501.72
8868.39,-13457.79 8868.39,-10178.03
8783.15,-11982.8 8790.79,-11977.15
8763.26,-11999.07 8763.05,-11999.23
9978.46,-11291.93 8790.8,-11977.16
8700.46,-12035.36 8763.05,-11999.23
9999.46,-11285.93 10058.4,-11251.37
9400.63,-13151.27 9400.63,-9871.12
9998.57,-12104.39 9998.83,-12104.28
5853.81,-9219.75 7982.83,-10448.91
8763.26,-12817.6 8763.05,-12817.76
9978.46,-12109.93 8790.46,-12795.93
8700.46,-12853.89 8763.05,-12817.76
9998.83,-12104.28 10058.18,-12070.02
8269.21,-10018.1 5742.4,-8559.25
9932.88,-12844.76 9932.88,-9564.21
10002.23,-12809.1 10002.23,-13181.49
10139.65,-8643.54 10139.65,-13147.68
10146.7,-8574.41 10146.7,-8639.41
10146.7,-8383.03 10146.7,-8574.41
8783.15,-13508.12 8790.82,-13502.46
8763.26,-13524.39 8763.05,-13524.54
9979.46,-12817.93 8790.8,-13502.47
8700.46,-13560.71 8763.05,-13524.54
9998.83,-12811.06 10057.98,-12776.91
9998.57,-12811.17 9998.83,-12811.06
5516.52,-7884.79 8311.35,-9498.78
10057.88,-13166.68 10017.23,-13190.15
8700.46,-13950.38 8779.99,-13904.46
8656.6,-14005.88 8697.25,-13982.4
10096.58,-13174.5 10137.24,-13151.03
8311.35,-9498.78 8658.32,-9498.78
7349.74,-6761.17 10143.07,-8373.86
7007.34,-6760.66 7349.74,-6761.17
9979.46,-12817.93 9998.57,-12811.17
8763.26,-13524.39 8772.9,-13516.27
8772.9,-13516.27 8783.15,-13508.12
9978.46,-12109.93 9998.57,-12104.39
8763.26,-12817.6 8790.46,-12795.93
8763.26,-11999.07 8772.9,-11990.96
8772.9,-11990.96 8783.15,-11982.8
9978.46,-11291.93 9999.46,-11285.93
8763.26,-11180.55 8772.9,-11172.43
8772.9,-11172.43 8783.15,-11164.27
9978.46,-10472.93 9982.21,-10471.84
9982.21,-10471.84 9990.46,-10469.45
9990.46,-10469.45 9998.57,-10467.33
8763.26,-10244.68 8772.9,-10236.57
8772.9,-10236.57 8783.15,-10228.41
9978.46,-9537.93 9982.21,-9535.98
9982.21,-9535.98 9990.46,-9533.59
9990.46,-9533.59 9998.57,-9531.47
8783.15,-10228.41 8790.8,-10222.77
10081.1,-13174.5 10090.44,-13176.62
10090.44,-13176.62 10096.58,-13174.5
10137.24,-13151.03 10139.65,-13147.68
10067.55,-13166.68 10057.88,-13166.68
10017.23,-13190.15 10005.13,-13183.16
10005.13,-13183.16 10002.23,-13181.49
10143.07,-8373.86 10146.7,-8383.03
5520.15,-7619.61 5516.52,-7628.78
7745.73,-11404.33 7748.15,-11408.52
6313.49,-10577.44 6315.91,-10581.63
5523.57,-12393.43 5525.98,-12396.78
5566.64,-12420.26 5582.12,-12420.26
5595.67,-12412.43 5605.35,-12412.43
5645.99,-12435.9 5656.32,-12435.72
8269.21,-13977.93 8272.42,-13982.4
8313.08,-14005.88 8318.89,-14007.27
8650.79,-14007.27 8656.6,-14005.88
8697.25,-13982.4 8700.46,-13977.93
8779.99,-13904.46 8792.09,-13883.51
8245.32,-13936.59 8235.58,-13924.82
8097.69,-13577.01 8143.7,-13577.05
7747.44,-11502.27 7748.15,-11500.7
7958.72,-8016.85 7851.7,-8074.32
8811.04,-8322.69 9393.87,-8078.82
8467.02,-8488.75 8443.52,-8506.09
8443.52,-8506.09 7873.56,-8926.8
9430.36,-8057.72 9394.07,-8078.68
7818.55,-8988.3 7782.26,-9009.25
7863.92,-8966.74 7850.15,-8974.76
7818.75,-8988.2 7818.55,-8988.3
7829.3,-8983.99 7818.75,-8988.2
7622.39,-8289.87 7583.05,-8368.51
9393.87,-8078.82 9394.07,-8078.68
7583.05,-8368.51 7563.87,-8443.25
7563.86,-8443.28 7560.4,-8493.04
7560.4,-8492.74 7563.84,-8443.64
7563.86,-8443.28 7563.87,-8443.25
7560.4,-8493.04 7560.4,-8492.74
7608.18,-8358.9 7607.99,-8391.35
7863.92,-8936.88 7863.92,-8966.74
9639.66,-8656.17 9661.95,-8596.85
8815.29,-8402.82 8814.22,-8390.71
8889.16,-9146.18 8889.72,-9165.22
8882.71,-9098.36 8884.38,-9135.52
9661.95,-8596.85 9674.12,-8532.3
8398.46,-8397.18 8400.29,-8413.78
8889.72,-9165.22 8889.81,-9165.66
9675.75,-8497.99 9675.75,-8498.24
9627.61,-8671.6 9627.55,-8706.22
9674.12,-8532.3 9675.75,-8497.99
8889.81,-9165.66 8903.1,-9194.28
8884.38,-9135.52 8889.16,-9146.18
8340.64,-7905.61 8332.69,-7888.48
8658.95,-8518.29 8875.71,-9080.23
8875.71,-9080.23 8882.71,-9098.36
7775.49,-8862.28 7873.56,-8926.8
8560.65,-8272.83 8340.64,-7905.61
8399.03,-8387.99 7608.18,-8358.9
7537.72,-8385.33 7550.08,-8386.1
7550.08,-8386.1 7564.84,-8387.44
7488.12,-8377.66 7537.69,-8385.33
9689.9,-8718.27 9739.48,-8725.93
7607.99,-8391.35 7579.99,-8389.61
7575.27,-8388.74 7564.84,-8387.44
9627.55,-8706.22 9659.64,-8711.19
8525.19,-8511.83 8566.08,-8519.52
9689.88,-8718.26 9689.9,-8718.27
9679.32,-8715.47 9689.88,-8718.26
8800.36,-8446.6 8834.71,-8455.94
8834.71,-8455.94 9610.61,-8666.98
9610.61,-8666.98 9627.61,-8671.6
9675.75,-8497.13 9675.75,-8497.38
9675.75,-8497.38 9675.75,-8497.99
7560.41,-8494.78 7560.4,-8493.77
7560.4,-8493.77 7560.4,-8493.46
7560.4,-8493.46 7560.4,-8493.04
9675.75,-8498.24 9675.75,-8498.97
9675.75,-8498.97 9675.75,-8499.22
8928.76,-7917.84 8780.68,-7897.57
8780.68,-7897.57 8630.72,-7888.61
8630.72,-7888.61 8482.46,-7891.26
8482.46,-7891.26 8338.99,-7905.78
8338.99,-7905.78 8202.94,-7932.15
8202.94,-7932.15 8075.99,-7969.41
8075.99,-7969.41 7958.72,-8016.85
9227.19,-8194.14 9149.86,-8144.54
9149.86,-8144.54 9060.71,-8102.29
9060.71,-8102.29 8961.83,-8068.34
8961.83,-8068.34 8855.46,-8043.4
8855.46,-8043.4 8743.99,-8028
8743.99,-8028 8629.96,-8022.46
8629.96,-8022.46 8515.94,-8026.87
8515.94,-8026.87 8404.5,-8041.13
8404.5,-8041.13 8298.11,-8064.91
8298.11,-8064.91 8199.2,-8097.66
8199.2,-8097.66 8110.04,-8138.63
9419.05,-8095.52 9319.83,-8039.3
9319.83,-8039.3 9203.68,-7990.2
9203.68,-7990.2 9071.33,-7949
9071.33,-7949 8928.76,-7917.84
8811.04,-8322.69 8778.86,-8302.29
8778.86,-8302.29 8740.67,-8286.16
8740.67,-8286.16 8698.05,-8274.86
8698.05,-8274.86 8652.69,-8268.76
8652.69,-8268.76 8606.42,-8268.06
8606.42,-8268.06 8561.08,-8272.73
8561.08,-8272.73 8518.51,-8282.55
8518.51,-8282.55 8480.41,-8297.09
8455.28,-8482.71 8487.72,-8499.4
8487.72,-8499.4 8525.19,-8511.83
9659.63,-8711.19 9666.31,-8712.48
9666.31,-8712.48 9679.32,-8715.47
8566.08,-8519.52 8608.62,-8522.18
8608.62,-8522.18 8650.99,-8519.74
8650.99,-8519.74 8691.49,-8512.35
8691.49,-8512.35 8728.48,-8500.31
8728.48,-8500.31 8760.24,-8484.21
9371.88,-8375.23 9339.5,-8310.81
9339.5,-8310.81 9290.89,-8249.98
9290.89,-8249.98 9227.19,-8194.14
8246.34,-9063.94 8388.45,-9087.88
8388.45,-9087.88 8534.88,-9099.99
8534.88,-9099.99 8682.72,-9100.05
8682.72,-9100.05 8829.03,-9088.06
8021.69,-8719.5 8097.12,-8768.48
7873.56,-8926.8 7986.28,-8982.61
7986.28,-8982.61 8111.38,-9028.62
8111.38,-9028.62 8246.34,-9063.94
8829.03,-9088.06 8970.89,-9064.27
8970.89,-9064.27 9105.49,-9029.17
9105.49,-9029.17 9230.16,-8983.43
9230.16,-8983.43 9342.41,-8927.97
8814.22,-8390.71 8805.2,-8365.97
8400.29,-8413.78 8410.54,-8439.1
8410.54,-8439.1 8429.18,-8462.38
8429.18,-8462.38 8455.28,-8482.71
9675.75,-8498.24 9674.85,-8472.74
9674.85,-8472.74 9659.32,-8389.45
9659.32,-8389.45 9624.97,-8308.31
9624.97,-8308.31 9572.62,-8231.12
9572.62,-8231.12 9503.48,-8159.67
9503.48,-8159.67 9419.05,-8095.52
9388.66,-8468.06 9387.31,-8441.71
9387.31,-8441.71 9371.88,-8375.23
7883.08,-8540.73 7913.37,-8604.28
7913.37,-8604.28 7959.96,-8664.34
7959.96,-8664.34 8021.69,-8719.5
9342.25,-8621.39 9374.04,-8555.06
9374.04,-8555.06 9387.99,-8486.84
9387.99,-8486.84 9388.66,-8468.42
7869.18,-8457.79 7869.81,-8475.27
7869.81,-8475.27 7883.08,-8540.73
8803.5,-8442.75 8813.41,-8418.97
8813.41,-8418.97 8815.29,-8402.77
8406.79,-8362.21 8399.03,-8387.99
8399.03,-8387.99 8398.46,-8397.17
9297.85,-8678.38 9342.25,-8621.39
7919.91,-8300.56 7887,-8363.48
7887,-8363.48 7870.86,-8428.54
7870.86,-8428.54 7869.18,-8457.49
8760.24,-8484.21 8785.53,-8464.78
8785.53,-8464.78 8803.5,-8442.75
7850.15,-8974.76 7843.34,-8977.94
7843.34,-8977.94 7829.3,-8983.99
8480.41,-8297.09 8448.29,-8315.75
8448.29,-8315.75 8423.43,-8337.76
8423.43,-8337.76 8406.79,-8362.21
8110.04,-8138.63 8032.67,-8186.86
8032.67,-8186.86 7968.82,-8241.25
7968.82,-8241.25 7919.91,-8300.56
7851.7,-8074.32 7758.29,-8140.39
7758.29,-8140.39 7681.21,-8212.99
7681.21,-8212.99 7622.39,-8289.87
7565.28,-8549.46 7560.41,-8494.78
7774.77,-8861.8 7694.1,-8790.97
7694.1,-8790.97 7631.52,-8714.29
7631.52,-8714.29 7588.29,-8633.27
7588.29,-8633.27 7565.28,-8549.46
9618.7,-8651.45 9581.33,-8718.69
9581.33,-8718.69 9519.21,-8794.64
9519.21,-8794.64 9439.04,-8864.88
9439.04,-8864.88 9342.41,-8927.97
7873.56,-8926.8 7863.92,-8936.88
8399.7,-8872.19 8516.04,-8887.97
8516.04,-8887.97 8635.08,-8893.32
8635.08,-8893.32 8754.04,-8888.12
8754.04,-8888.12 8870.17,-8872.51
8870.17,-8872.51 8980.8,-8846.85
8093.21,-8766.78 8185.77,-8810.91
8185.77,-8810.91 8288.74,-8846.31
8288.74,-8846.31 8399.7,-8872.19
8980.8,-8846.85 9083.34,-8811.74
9083.34,-8811.74 9175.39,-8768.01
9175.39,-8768.01 9254.79,-8716.68
9254.79,-8716.68 9297.85,-8678.38
6413.36,-7129.51 6306.34,-7186.99
7265.68,-7435.36 7848.51,-7191.48
6921.66,-7601.42 6898.16,-7618.75
6898.16,-7618.75 6328.19,-8039.46
7885,-7170.39 7848.71,-7191.34
6273.19,-8100.96 6236.9,-8121.91
6318.56,-8079.4 6304.79,-8087.42
6283.94,-8096.65 6273.39,-8100.86
6077.02,-7402.53 6037.69,-7481.17
7848.51,-7191.48 7848.71,-7191.34
6037.69,-7481.17 6018.51,-7555.91
6018.5,-7555.94 6015.04,-7605.7
6015.04,-7605.4 6018.48,-7556.3
6015.04,-7605.7 6015.04,-7605.4
6062.82,-7471.56 6062.63,-7504.02
6318.56,-8049.55 6318.56,-8079.4
8094.3,-7768.83 8116.59,-7709.52
7269.93,-7515.49 7268.86,-7503.37
7343.8,-8258.84 7344.35,-8277.88
7337.34,-8211.03 7339.02,-8248.18
8116.59,-7709.52 8128.76,-7644.96
6853.09,-7509.84 6854.93,-7526.45
6666.74,-6956.85 6666.64,-6956.41
7344.35,-8277.88 7344.45,-8278.32
8130.39,-7610.65 8130.39,-7610.9
8082.25,-7784.26 8082.18,-7818.89
8128.76,-7644.96 8130.39,-7610.65
7344.45,-8278.32 7357.74,-8306.94
7339.02,-8248.18 7343.8,-8258.84
6795.28,-7018.27 6787.33,-7001.14
7113.58,-7630.95 7330.35,-8192.89
7330.35,-8192.89 7337.34,-8211.03
6230.13,-7974.95 6328.19,-8039.46
7015.29,-7385.49 6795.28,-7018.27
6853.67,-7500.65 6062.82,-7471.56
5992.36,-7497.99 6004.72,-7498.76
6004.72,-7498.76 6019.48,-7500.11
5942.76,-7490.32 5992.33,-7497.99
8144.54,-7830.93 8194.11,-7838.6
6062.63,-7504.02 6034.63,-7502.27
6029.91,-7501.41 6019.48,-7500.11
8082.18,-7818.89 8114.28,-7823.85
8114.27,-7823.85 8114.28,-7823.85
6979.83,-7624.49 7020.72,-7632.18
8144.51,-7830.92 8144.54,-7830.93
8133.95,-7828.13 8144.51,-7830.92
7255,-7559.26 7289.35,-7568.6
7289.35,-7568.6 8065.25,-7779.64
8065.25,-7779.64 8082.25,-7784.26
8130.38,-7609.79 8130.38,-7610.04
8130.38,-7610.04 8130.39,-7610.65
6015.05,-7607.44 6015.04,-7606.43
6015.04,-7606.43 6015.04,-7606.12
6015.04,-7606.12 6015.04,-7605.7
8130.39,-7610.9 8130.38,-7611.63
8130.38,-7611.63 8130.38,-7611.88
7383.4,-7030.5 7235.32,-7010.24
7235.32,-7010.24 7085.36,-7001.28
7085.36,-7001.28 6937.1,-7003.93
6937.1,-7003.93 6793.63,-7018.44
6793.63,-7018.44 6657.58,-7044.81
6657.58,-7044.81 6530.63,-7082.08
6530.63,-7082.08 6413.36,-7129.51
7681.82,-7306.8 7604.49,-7257.2
7604.49,-7257.2 7515.35,-7214.96
7515.35,-7214.96 7416.47,-7181
7416.47,-7181 7310.09,-7156.06
7310.09,-7156.06 7198.63,-7140.66
7198.63,-7140.66 7084.6,-7135.12
7084.6,-7135.12 6970.58,-7139.54
6970.58,-7139.54 6859.14,-7153.8
6859.14,-7153.8 6752.75,-7177.57
6752.75,-7177.57 6653.84,-7210.33
6653.84,-7210.33 6564.68,-7251.29
7873.69,-7208.19 7774.46,-7151.96
7774.46,-7151.96 7658.32,-7102.86
7658.32,-7102.86 7525.97,-7061.67
7525.97,-7061.67 7383.4,-7030.5
7265.68,-7435.36 7233.5,-7414.95
7233.5,-7414.95 7195.31,-7398.82
7195.31,-7398.82 7152.69,-7387.52
7152.69,-7387.52 7107.33,-7381.43
7107.33,-7381.43 7061.06,-7380.72
7061.06,-7380.72 7015.72,-7385.39
7015.72,-7385.39 6973.14,-7395.21
6973.14,-7395.21 6935.05,-7409.75
6909.92,-7595.37 6942.36,-7612.06
6942.36,-7612.06 6979.83,-7624.49
8114.27,-7823.85 8120.95,-7825.14
8120.95,-7825.14 8133.95,-7828.13
7020.72,-7632.18 7063.26,-7634.84
7063.26,-7634.84 7105.63,-7632.4
7105.63,-7632.4 7146.13,-7625.01
7146.13,-7625.01 7183.12,-7612.97
7183.12,-7612.97 7214.88,-7596.88
7826.52,-7487.9 7794.13,-7423.48
7794.13,-7423.48 7745.53,-7362.65
7745.53,-7362.65 7681.82,-7306.8
6700.97,-8176.6 6843.09,-8200.54
6843.09,-8200.54 6989.52,-8212.66
6989.52,-8212.66 7137.36,-8212.71
7137.36,-8212.71 7283.66,-8200.72
6476.33,-7832.16 6551.76,-7881.14
6328.19,-8039.46 6440.92,-8095.27
6440.92,-8095.27 6566.02,-8141.28
6566.02,-8141.28 6700.97,-8176.6
7283.66,-8200.72 7425.52,-8176.94
7425.52,-8176.94 7560.13,-8141.83
7560.13,-8141.83 7684.8,-8096.09
7684.8,-8096.09 7797.05,-8040.64
7268.86,-7503.37 7259.84,-7478.63
6854.93,-7526.45 6865.18,-7551.76
6865.18,-7551.76 6883.82,-7575.04
6883.82,-7575.04 6909.92,-7595.37
8130.39,-7610.9 8129.49,-7585.4
8129.49,-7585.4 8113.96,-7502.11
8113.96,-7502.11 8079.61,-7420.97
8079.61,-7420.97 8027.26,-7343.78
8027.26,-7343.78 7958.12,-7272.33
7958.12,-7272.33 7873.69,-7208.19
7843.3,-7580.72 7841.95,-7554.37
7841.95,-7554.37 7826.52,-7487.9
6337.72,-7653.39 6368.01,-7716.94
6368.01,-7716.94 6414.59,-7777
6414.59,-7777 6476.33,-7832.16
7796.89,-7734.05 7828.68,-7667.72
7828.68,-7667.72 7842.63,-7599.5
7842.63,-7599.5 7843.3,-7581.08
6323.82,-7570.45 6324.45,-7587.93
6324.45,-7587.93 6337.72,-7653.39
7258.13,-7555.41 7268.04,-7531.63
7268.04,-7531.63 7269.93,-7515.43
6861.43,-7474.87 6853.67,-7500.65
6853.67,-7500.65 6853.09,-7509.84
7752.49,-7791.04 7796.89,-7734.05
6374.55,-7413.22 6341.64,-7476.14
6341.64,-7476.14 6325.5,-7541.2
6325.5,-7541.2 6323.82,-7570.16
7214.88,-7596.88 7240.17,-7577.45
7240.17,-7577.45 7258.13,-7555.41
6304.79,-8087.42 6297.98,-8090.6
6297.98,-8090.6 6283.94,-8096.65
6935.05,-7409.75 6902.93,-7428.41
6902.93,-7428.41 6878.07,-7450.42
6878.07,-7450.42 6861.43,-7474.87
6564.68,-7251.29 6487.31,-7299.53
6487.31,-7299.53 6423.46,-7353.91
6423.46,-7353.91 6374.55,-7413.22
6306.34,-7186.99 6212.93,-7253.06
6212.93,-7253.06 6135.85,-7325.65
6135.85,-7325.65 6077.02,-7402.53
6019.92,-7662.12 6015.05,-7607.44
6229.41,-7974.46 6148.74,-7903.63
6148.74,-7903.63 6086.16,-7826.95
6086.16,-7826.95 6042.93,-7745.94
6042.93,-7745.94 6019.92,-7662.12
8073.34,-7764.11 8035.97,-7831.35
8035.97,-7831.35 7973.85,-7907.3
7973.85,-7907.3 7893.68,-7977.54
7893.68,-7977.54 7797.05,-8040.64
6328.19,-8039.46 6318.56,-8049.55
6854.33,-7984.85 6970.68,-8000.64
6970.68,-8000.64 7089.72,-8005.98
7089.72,-8005.98 7208.68,-8000.78
7208.68,-8000.78 7324.81,-7985.17
7324.81,-7985.17 7435.44,-7959.51
6547.85,-7879.44 6640.4,-7923.57
6640.4,-7923.57 6743.37,-7958.97
6743.37,-7958.97 6854.33,-7984.85
7435.44,-7959.51 7537.98,-7924.41
7537.98,-7924.41 7630.03,-7880.67
7630.03,-7880.67 7709.43,-7829.34
7709.43,-7829.34 7752.49,-7791.04
7663.97,-13453.53 8120.79,-13717.27
7654.52,-13330.02 7654.52,-13437.16
8130.23,-13711.81 8130.23,-13578.03
7654.52,-13437.16 7663.97,-13453.53
8120.79,-13717.27 8130.23,-13711.81
6014.52,-12377.05 6014.52,-12484.16
6490.23,-12758.81 6490.23,-12651.7
6023.97,-12500.53 6480.79,-12764.27
6014.52,-12484.16 6023.97,-12500.53
6480.79,-12764.27 6490.23,-12758.81
7892.38,-13585.4 7892.38,-15620.61
