10385.74,-6520.8 12027.77,-5572.59
10385.74,-6734.45 10377.95,-6814.82
10385.74,-6734.45 10385.74,-6520.8
10386.51,-11797.47 10386.51,-6819.76
10532.44,-11832.96 10532.44,-11552.29
10618.71,-6953.82 10618.71,-11602.09
10832.84,-11727.25 10832.84,-11834.39
12661.41,-8133.14 12665.42,-8130.83
13045.15,-8133.14 14687.18,-7185.12
12669.96,-13113.62 13036.6,-13113.62
10386.51,-11797.47 10431.42,-11823.4
12619.9,-13086.88 12663.54,-13112.08
10474.18,-11814.76 10519.08,-11840.68
12617.98,-13045.66 10525.76,-11836.82
11308.55,-12109.04 11308.55,-11999.32
12428.56,-12644.55 12465.46,-12644.55
10842.29,-11850.76 11299.1,-12114.5
12044.93,-12545.09 12501.74,-12808.83
10474.05,-11518.58 12428.56,-12644.55
12465.46,-12644.55 12618.63,-12731.53
11388.73,-9879.16 11388.73,-9986.72
11645.29,-10029.92 11645.29,-10131.76
14497.86,-8173.11 13186.45,-8930.25
13043.01,-9019.75 13155.79,-8954.64
14520.92,-8166.49 14587.73,-8127.91
12350.84,-12094.47 10693.87,-11137.84
12035.48,-12421.58 12035.48,-12528.72
12465.46,-12644.55 12465.46,-8020.02
12511.19,-12803.37 12511.19,-12670.52
12575.33,-12706.63 12575.07,-13020.89
12663.54,-13112.08 12663.54,-8131.91
14585.62,-9127.75 14518.81,-9166.33
13153.68,-9954.48 13043.01,-10018.37
14488.4,-9190.54 13177.01,-9947.69
13153.68,-9954.48 13153.97,-9954.36
12350.84,-11005.12 10693.87,-10048.48
14616.61,-12193.7 14601.64,-12185.06
13043.01,-13112.08 13043.01,-8131.91
14496.54,-9184.52 14488.4,-9190.54
10448.53,-11823.4 10463.49,-11814.76
12421.35,-10694.93 10623.36,-9656.88
11639.95,-10131.76 11643.73,-10133.94
11388.73,-9986.72 11639.95,-10131.76
11642.62,-10025.29 11389.39,-9879.1
10693.87,-9427.03 12350.84,-10383.66
13192.69,-12976.91 13192.69,-12549.61
13272.16,-12503.73 13272.16,-8880.77
13279.73,-8855 13279.73,-7997.71
14585.62,-10031.95 14518.81,-10070.52
13153.68,-10858.67 13043.01,-10922.57
14488.41,-10094.75 13177.01,-10851.89
13860.11,-12164.27 13860.11,-8541.32
14518.81,-10974.72 14518.57,-10974.89
14585.62,-10936.14 14518.81,-10974.72
13153.68,-11762.87 13043.01,-11826.76
14488.41,-10998.95 13177.01,-11756.09
10693.87,-8288.29 12350.84,-9244.93
14441.91,-7326.73 14441.91,-8184.02
14448.07,-11824.82 14448.07,-8201.86
14532.69,-11782.65 14532.69,-12203.26
14681.28,-7188.52 14681.28,-12164.06
14688.84,-6898.63 14688.84,-7180.62
13156.03,-12577.42 13155.79,-12577.59
14497.86,-11796.07 13186.45,-12553.21
13043.01,-12642.71 13155.79,-12577.59
14520.92,-11789.44 14587.73,-11750.87
14520.63,-11789.56 14520.92,-11789.44
12421.35,-8598.78 10623.36,-7560.74
14590.95,-12185.06 14546.05,-12210.98
13091.9,-13050.53 13179.33,-13000.05
13043.01,-13112.08 13087.93,-13086.15
14633.71,-12193.7 14678.62,-12167.77
10377.95,-6814.82 12661.41,-8133.14
12669.2,-8134.1 13037.36,-8134.1
13045.15,-8133.14 13041.14,-8130.83
12395.93,-5572.59 13758.74,-6358.11
13758.74,-6358.11 14680.5,-6890.28
12027.77,-5572.59 12395.93,-5572.59
11775.82,-6199.68 11654.21,-6265
12744.37,-6547.23 13406.67,-6270.11
12353.44,-6735.94 12326.73,-6755.64
12326.73,-6755.64 11679.04,-7233.71
13448.13,-6246.13 13406.9,-6269.94
11616.53,-7303.6 11575.29,-7327.41
11668.09,-7279.11 11652.44,-7288.22
11616.76,-7303.49 11616.53,-7303.6
11628.75,-7298.71 11616.76,-7303.49
11393.62,-6509.93 11348.92,-6599.3
13406.67,-6270.11 13406.9,-6269.94
11348.92,-6599.3 11327.12,-6684.23
11327.12,-6684.26 11323.19,-6740.81
11323.19,-6740.47 11327.09,-6684.68
11327.12,-6684.26 11327.12,-6684.23
11323.19,-6740.81 11323.19,-6740.47
11377.47,-6588.38 11377.26,-6625.26
11668.09,-7245.18 11668.09,-7279.11
13685.98,-6926.18 13711.31,-6858.78
12749.19,-6638.29 12747.98,-6624.53
12833.14,-7483.01 12833.77,-7504.65
12825.8,-7428.68 12827.7,-7470.9
13711.31,-6858.78 13725.14,-6785.42
12275.52,-6631.88 12277.61,-6650.75
12833.77,-7504.65 12833.88,-7505.15
13726.99,-6746.43 13726.99,-6746.72
13672.29,-6943.72 13672.21,-6983.06
13725.14,-6785.42 13726.99,-6746.43
12833.88,-7505.15 12848.98,-7537.67
12827.7,-7470.9 12833.14,-7483.01
12209.82,-6073.28 12200.79,-6053.81
12571.53,-6769.5 12817.86,-7408.07
12817.86,-7408.07 12825.8,-7428.68
11567.6,-7160.41 11679.04,-7233.71
12459.83,-6490.57 12209.82,-6073.28
12276.17,-6621.44 11377.47,-6588.38
11297.41,-6618.41 11311.45,-6619.29
11311.45,-6619.29 11328.23,-6620.81
11241.04,-6609.69 11297.38,-6618.41
13743.07,-6996.75 13799.41,-7005.46
11377.26,-6625.26 11345.44,-6623.27
11340.08,-6622.29 11328.23,-6620.81
13672.21,-6983.06 13708.69,-6988.71
13708.67,-6988.7 13708.69,-6988.71
12419.54,-6762.16 12466,-6770.9
13743.04,-6996.74 13743.07,-6996.75
13731.04,-6993.57 13743.04,-6996.74
12732.23,-6688.03 12771.26,-6698.65
12771.26,-6698.65 13652.97,-6938.47
13652.97,-6938.47 13672.29,-6943.72
13726.98,-6745.46 13726.99,-6745.74
13726.99,-6745.74 13726.99,-6746.43
11323.19,-6742.79 11323.19,-6741.64
11323.19,-6741.64 11323.19,-6741.29
11323.19,-6741.29 11323.19,-6740.81
13726.99,-6746.72 13726.99,-6747.55
13726.99,-6747.55 13726.98,-6747.83
12878.14,-6087.17 12709.86,-6064.15
12709.86,-6064.15 12539.45,-6053.96
12539.45,-6053.96 12370.98,-6056.97
12370.98,-6056.97 12207.94,-6073.47
12207.94,-6073.47 12053.35,-6103.43
12053.35,-6103.43 11909.08,-6145.78
11909.08,-6145.78 11775.82,-6199.68
13217.26,-6401.15 13129.38,-6344.78
13129.38,-6344.78 13028.08,-6296.78
13028.08,-6296.78 12915.71,-6258.2
12915.71,-6258.2 12794.84,-6229.86
12794.84,-6229.86 12668.17,-6212.35
12668.17,-6212.35 12538.59,-6206.06
12538.59,-6206.06 12409.03,-6211.08
12409.03,-6211.08 12282.38,-6227.28
12282.38,-6227.28 12161.49,-6254.3
12161.49,-6254.3 12049.1,-6291.52
12049.1,-6291.52 11947.78,-6338.07
13435.29,-6289.09 13322.53,-6225.2
13322.53,-6225.2 13190.55,-6169.4
13190.55,-6169.4 13040.15,-6122.59
13040.15,-6122.59 12878.14,-6087.17
12744.37,-6547.23 12707.8,-6524.04
12707.8,-6524.04 12664.4,-6505.72
12664.4,-6505.72 12615.96,-6492.88
12615.96,-6492.88 12564.42,-6485.95
12564.42,-6485.95 12511.84,-6485.15
12511.84,-6485.15 12460.32,-6490.45
12460.32,-6490.45 12411.94,-6501.61
12411.94,-6501.61 12368.65,-6518.14
12340.09,-6729.07 12376.96,-6748.04
12376.96,-6748.04 12419.54,-6762.16
13708.67,-6988.7 13716.27,-6990.17
13716.27,-6990.17 13731.04,-6993.57
12466,-6770.9 12514.34,-6773.92
12514.34,-6773.92 12562.49,-6771.15
12562.49,-6771.15 12608.51,-6762.75
12608.51,-6762.75 12650.55,-6749.07
12650.55,-6749.07 12686.64,-6730.78
13381.68,-6606.94 13344.88,-6533.74
13344.88,-6533.74 13289.65,-6464.61
13289.65,-6464.61 13217.26,-6401.15
12102.66,-7389.56 12264.15,-7416.77
12264.15,-7416.77 12430.55,-7430.53
12430.55,-7430.53 12598.55,-7430.59
12598.55,-7430.59 12764.8,-7416.97
11847.38,-6998.15 11933.09,-7053.8
11679.04,-7233.71 11807.14,-7297.14
11807.14,-7297.14 11949.3,-7349.42
11949.3,-7349.42 12102.66,-7389.56
12764.8,-7416.97 12926.01,-7389.94
12926.01,-7389.94 13078.96,-7350.04
13078.96,-7350.04 13220.64,-7298.07
13220.64,-7298.07 13348.19,-7235.05
12747.98,-6624.53 12737.73,-6596.41
12277.61,-6650.75 12289.25,-6679.52
12289.25,-6679.52 12310.43,-6705.96
12310.43,-6705.96 12340.09,-6729.07
13726.99,-6746.72 13725.97,-6717.74
13725.97,-6717.74 13708.32,-6623.09
13708.32,-6623.09 13669.29,-6530.89
13669.29,-6530.89 13609.8,-6443.17
13609.8,-6443.17 13531.23,-6361.98
13531.23,-6361.98 13435.29,-6289.09
13400.75,-6712.42 13399.22,-6682.48
13399.22,-6682.48 13381.68,-6606.94
11689.87,-6795 11724.29,-6867.22
11724.29,-6867.22 11777.22,-6935.47
11777.22,-6935.47 11847.38,-6998.15
13348.02,-6886.66 13384.14,-6811.29
13384.14,-6811.29 13399.99,-6733.76
13399.99,-6733.76 13400.75,-6712.83
11674.07,-6700.75 11674.78,-6720.62
11674.78,-6720.62 11689.87,-6795
12735.79,-6683.66 12747.05,-6656.64
12747.05,-6656.64 12749.19,-6638.23
12284.99,-6592.13 12276.17,-6621.44
12276.17,-6621.44 12275.52,-6631.87
13297.56,-6951.43 13348.02,-6886.66
11731.71,-6522.08 11694.32,-6593.58
11694.32,-6593.58 11675.98,-6667.51
11675.98,-6667.51 11674.07,-6700.42
12686.64,-6730.78 12715.38,-6708.7
12715.38,-6708.7 12735.79,-6683.66
11652.44,-7288.22 11644.71,-7291.83
11644.71,-7291.83 11628.75,-7298.71
12368.65,-6518.14 12332.15,-6539.34
12332.15,-6539.34 12303.9,-6564.35
12303.9,-6564.35 12284.99,-6592.13
11947.78,-6338.07 11859.85,-6392.88
11859.85,-6392.88 11787.3,-6454.68
11787.3,-6454.68 11731.71,-6522.08
11654.21,-6265 11548.06,-6340.08
11548.06,-6340.08 11460.47,-6422.57
11460.47,-6422.57 11393.62,-6509.93
11328.73,-6804.92 11323.19,-6742.79
11566.78,-7159.86 11475.11,-7079.36
11475.11,-7079.36 11404,-6992.23
11404,-6992.23 11354.87,-6900.17
11354.87,-6900.17 11328.73,-6804.92
13662.16,-6920.82 13619.7,-6997.23
13619.7,-6997.23 13549.11,-7083.54
13549.11,-7083.54 13458.01,-7163.35
13458.01,-7163.35 13348.19,-7235.05
11679.04,-7233.71 11668.09,-7245.18
12276.93,-7171.66 12409.14,-7189.6
12409.14,-7189.6 12544.41,-7195.67
12544.41,-7195.67 12679.59,-7189.76
12679.59,-7189.76 12811.56,-7172.02
12811.56,-7172.02 12937.27,-7142.87
11928.64,-7051.87 12033.83,-7102.02
12033.83,-7102.02 12150.84,-7142.26
12150.84,-7142.26 12276.93,-7171.66
12937.27,-7142.87 13053.8,-7102.97
13053.8,-7102.97 13158.4,-7053.28
13158.4,-7053.28 13248.63,-6994.94
13248.63,-6994.94 13297.56,-6951.43
14680.5,-6890.28 14688.84,-6898.63
13186.45,-8930.25 13155.79,-8954.64
14497.86,-8173.11 14520.92,-8166.49
14496.54,-9184.52 14518.81,-9166.33
13153.97,-9954.36 13177.01,-9947.69
14488.41,-10094.75 14518.81,-10070.52
14488.41,-10998.95 14518.81,-10974.72
13153.68,-11762.87 13177.01,-11756.09
13156.03,-12577.42 13186.45,-12553.21
14497.86,-11796.07 14520.63,-11789.56
10431.42,-11823.4 10448.53,-11823.4
10463.49,-11814.76 10474.18,-11814.76
14546.05,-12210.98 14532.69,-12203.26
14681.28,-12164.06 14678.62,-12167.77
14633.71,-12193.7 14616.61,-12193.7
14590.95,-12185.06 14601.64,-12185.06
13192.69,-12976.91 13179.33,-13000.05
13091.9,-13050.53 13087.93,-13086.15
13036.6,-13113.62 13043.01,-13112.08
12663.54,-13112.08 12669.96,-13113.62
13153.68,-10858.67 13177.01,-10851.89
10832.84,-11834.39 10842.29,-11850.76
11299.1,-12114.5 11308.55,-12109.04
12035.48,-12528.72 12044.93,-12545.09
12501.74,-12808.83 12511.19,-12803.37
12619.9,-13086.88 12617.98,-13045.66
14687.18,-7185.12 14688.84,-7180.62
10519.08,-11840.68 10532.44,-11832.96
6854.22,-14530.95 4649.74,-14530.95
12273.34,-14876.96 4649.74,-14876.96
12273.34,-12676.96 12273.34,-14876.96
4649.74,-14330.95 4649.74,-15076.96
4649.74,-14330.95 3975.65,-14703.96
3975.65,-14703.96 4649.74,-15076.96
3975.65,-14703.96 2150.36,-14703.96
4481.99,-6529.96 5361.78,-6022.01
5361.78,-6022.01 5968.86,-5671.52
4478.36,-6795.14 4478.36,-6539.12
4485.41,-11303.77 4485.41,-6799.64
4699.52,-7474.42 4699.52,-9365.7
4699.52,-11124.84 4699.52,-9369.89
4699.52,-9365.7 4699.52,-9369.89
4699.52,-7474.42 4699.52,-7452.23
4699.52,-7452.23 4700.13,-6923.6
7280.72,-12917.61 7612.63,-12917.61
5041.86,-9454.96 5041.86,-9362.77
5041.86,-9357.59 5041.86,-9362.77
5041.86,-9357.59 5046.09,-9355.44
4487.82,-11307.13 4528.48,-11330.6
7234.26,-12892.75 7274.92,-12916.22
7231.05,-12860.73 7207.16,-12846.94
4567.18,-11322.78 4607.83,-11346.24
4618.16,-11346.06 7197.42,-12835.16
5277.74,-9584.02 5277.74,-9491.97
5272.7,-9588.23 5277.74,-9584.02
7620.16,-8409.13 9108.54,-7549.75
4699.52,-11124.84 7059.53,-12487.36
7105.54,-12487.39 7231.05,-12559.86
8960.41,-8441.81 8960.67,-8441.71
6944.66,-11961.5 4815.65,-10732.34
6474.1,-10184.48 6474.1,-10281.85
8940.3,-8448.28 7752.63,-9133.11
7662.3,-9191.23 7724.88,-9155.18
8960.67,-8441.71 9021.15,-8406.79
6709.99,-10411.05 6709.99,-10318.86
6474.1,-10184.48 6478.34,-10182.33
4543.96,-11330.6 4557.51,-11322.78
6704.94,-10415.12 6709.28,-10412.62
8960.41,-9377.67 8960.67,-9377.57
6944.66,-10975.36 4815.65,-9746.2
9042.94,-12084.85 9029.39,-12077.03
7231.05,-12888.28 7231.05,-8384.8
7744.99,-10074.62 7752.63,-10068.96
8940.3,-9383.28 7752.63,-10068.97
7662.3,-10127.18 7724.88,-10091.04
8960.67,-9377.57 9021.15,-9342.65
7231.05,-10825.28 4703.63,-9366.11
5269.28,-9586.26 5272.7,-9588.23
6701.52,-10413.15 6704.94,-10415.12
5041.86,-9454.96 5269.28,-9586.26
6474.1,-10281.85 6701.52,-10413.15
5046.09,-9355.44 5275.32,-9487.78
6478.34,-10182.33 6707.57,-10314.67
6944.66,-10412.44 4815.65,-9183.28
7662.3,-8384.8 7662.3,-12888.28
7753.93,-12793.86 7753.93,-12412.07
7830.22,-12368.13 7830.22,-9088.37
7744.99,-10893.15 7752.63,-10887.49
7725.1,-10909.42 7724.88,-10909.57
8940.3,-10202.28 7752.63,-10887.5
7662.3,-10945.71 7724.88,-10909.57
8961.3,-10196.28 9020.24,-10161.71
8362.47,-12061.62 8362.47,-8781.47
8960.41,-11014.73 8960.67,-11014.63
4815.65,-8130.09 6944.66,-9359.25
7725.1,-11727.95 7724.88,-11728.1
8940.3,-11020.28 7752.3,-11706.28
7662.3,-11764.24 7724.88,-11728.1
8960.67,-11014.63 9020.01,-10980.36
7231.05,-8928.45 4704.23,-7469.59
8894.72,-11755.1 8894.72,-8474.56
8964.07,-11719.45 8964.07,-12091.83
9101.49,-7553.89 9101.49,-12058.02
9108.54,-7484.76 9108.54,-7549.75
9108.53,-7293.37 9108.54,-7484.76
7744.99,-12418.46 7752.65,-12412.8
7725.1,-12434.73 7724.88,-12434.89
8941.3,-11728.28 7752.63,-12412.82
7662.3,-12471.06 7724.88,-12434.89
8960.67,-11721.41 9019.82,-11687.26
8960.41,-11721.52 8960.67,-11721.41
4478.36,-6795.14 7273.19,-8409.13
9019.71,-12077.03 8979.07,-12100.49
7662.3,-12860.73 7741.83,-12814.81
7618.43,-12916.22 7659.09,-12892.75
9058.42,-12084.85 9099.08,-12061.38
7273.19,-8409.13 7620.16,-8409.13
6311.58,-5671.52 9104.91,-7284.21
5969.18,-5671.01 6311.58,-5671.52
8941.3,-11728.28 8960.41,-11721.52
7725.1,-12434.73 7734.74,-12426.62
7734.74,-12426.62 7744.99,-12418.46
8940.3,-11020.28 8960.41,-11014.73
7725.1,-11727.95 7752.3,-11706.28
7725.1,-10909.42 7734.74,-10901.3
7734.74,-10901.3 7744.99,-10893.15
8940.3,-10202.28 8961.3,-10196.28
7725.1,-10090.89 7734.74,-10082.78
7734.74,-10082.78 7744.99,-10074.62
8940.3,-9383.28 8944.05,-9382.18
8944.05,-9382.18 8952.29,-9379.8
8952.29,-9379.8 8960.41,-9377.67
7725.1,-9155.03 7734.74,-9146.92
7734.74,-9146.92 7744.99,-9138.76
8940.3,-8448.28 8944.05,-8446.32
8944.05,-8446.32 8952.29,-8443.94
8952.29,-8443.94 8960.41,-8441.81
7744.99,-9138.76 7752.63,-9133.11
9042.94,-12084.85 9052.27,-12086.96
9052.27,-12086.96 9058.42,-12084.85
9099.08,-12061.38 9101.49,-12058.02
9029.39,-12077.03 9019.71,-12077.03
8979.07,-12100.49 8966.97,-12093.51
8966.97,-12093.51 8964.07,-12091.83
9104.91,-7284.21 9108.53,-7293.37
4481.99,-6529.96 4478.36,-6539.12
6707.57,-10314.67 6709.99,-10318.86
5275.32,-9487.78 5277.74,-9491.97
4485.41,-11303.77 4487.82,-11307.13
4528.48,-11330.6 4543.96,-11330.6
4557.51,-11322.78 4567.18,-11322.78
4607.83,-11346.24 4618.16,-11346.06
7231.05,-12888.28 7234.26,-12892.75
7274.92,-12916.22 7280.72,-12917.61
7612.63,-12917.61 7618.43,-12916.22
7659.09,-12892.75 7662.3,-12888.28
7741.83,-12814.81 7753.93,-12793.86
7207.16,-12846.94 7197.42,-12835.16
7059.53,-12487.36 7105.54,-12487.39
6709.28,-10412.62 6709.99,-10411.05
6920.56,-6927.19 6813.54,-6984.67
7772.88,-7233.04 8355.71,-6989.17
7428.86,-7399.1 7405.36,-7416.44
7405.36,-7416.44 6835.39,-7837.14
8392.19,-6968.07 8355.9,-6989.02
6780.38,-7898.64 6744.1,-7919.59
6825.76,-7877.09 6811.99,-7885.1
6780.58,-7898.55 6780.38,-7898.64
6791.14,-7894.34 6780.58,-7898.55
6584.22,-7200.21 6544.89,-7278.85
8355.71,-6989.17 8355.9,-6989.02
6544.89,-7278.85 6525.7,-7353.59
6525.7,-7353.62 6522.24,-7403.38
6522.24,-7403.08 6525.68,-7353.99
6525.7,-7353.62 6525.71,-7353.6
6522.24,-7403.38 6522.24,-7403.08
6570.01,-7269.24 6569.83,-7301.7
6825.76,-7847.23 6825.76,-7877.09
8601.5,-7566.51 8623.79,-7507.2
7777.13,-7313.17 7776.06,-7301.05
7851,-8056.52 7851.55,-8075.56
7844.54,-8008.71 7846.22,-8045.86
8623.79,-7507.2 8635.96,-7442.64
7360.29,-7307.52 7362.13,-7324.13
7851.55,-8075.56 7851.65,-8076
8637.58,-7408.33 8637.58,-7408.59
8589.45,-7581.95 8589.38,-7616.57
8635.96,-7442.64 8637.58,-7408.33
7851.65,-8076 7864.93,-8104.62
7846.22,-8045.86 7851,-8056.52
7302.48,-6815.96 7294.53,-6798.83
7620.78,-7428.64 7837.55,-7990.58
7837.55,-7990.58 7844.54,-8008.71
6737.33,-7772.63 6835.39,-7837.14
7522.49,-7183.17 7302.48,-6815.96
7360.87,-7298.34 6570.01,-7269.24
6499.56,-7295.68 6511.92,-7296.45
6511.92,-7296.45 6526.68,-7297.79
6449.96,-7288 6499.53,-7295.67
8651.74,-7628.61 8701.31,-7636.28
6569.83,-7301.7 6541.83,-7299.95
6537.11,-7299.09 6526.68,-7297.79
8589.38,-7616.57 8621.48,-7621.53
7487.03,-7422.18 7527.92,-7429.86
8651.71,-7628.6 8651.74,-7628.61
8641.15,-7625.82 8651.71,-7628.6
7762.2,-7356.94 7796.55,-7366.29
7796.55,-7366.29 8572.45,-7577.32
8572.45,-7577.32 8589.45,-7581.95
8637.58,-7407.48 8637.58,-7407.72
8637.58,-7407.72 8637.58,-7408.33
6522.25,-7405.12 6522.24,-7404.11
6522.24,-7404.11 6522.24,-7403.81
6522.24,-7403.81 6522.24,-7403.38
8637.58,-7408.59 8637.58,-7409.32
8637.58,-7409.32 8637.58,-7409.56
7890.6,-6828.18 7742.51,-6807.92
7742.51,-6807.92 7592.55,-6798.96
7592.55,-6798.96 7444.3,-6801.61
7444.3,-6801.61 7300.83,-6816.12
7300.83,-6816.12 7164.78,-6842.49
7164.78,-6842.49 7037.83,-6879.76
7037.83,-6879.76 6920.56,-6927.19
8189.02,-7104.49 8111.69,-7054.88
8111.69,-7054.88 8022.55,-7012.64
8022.55,-7012.64 7923.67,-6978.69
7923.67,-6978.69 7817.29,-6953.75
7817.29,-6953.75 7705.83,-6938.34
7705.83,-6938.34 7591.8,-6932.8
7591.8,-6932.8 7477.78,-6937.22
7477.78,-6937.22 7366.33,-6951.48
7366.33,-6951.48 7259.95,-6975.26
7259.95,-6975.26 7161.04,-7008.01
7161.04,-7008.01 7071.88,-7048.98
8380.89,-7005.87 8281.66,-6949.65
8281.66,-6949.65 8165.52,-6900.55
8165.52,-6900.55 8033.17,-6859.35
8033.17,-6859.35 7890.6,-6828.18
7772.88,-7233.04 7740.7,-7212.63
7740.7,-7212.63 7702.51,-7196.5
7702.51,-7196.5 7659.89,-7185.2
7659.89,-7185.2 7614.53,-7179.11
7614.53,-7179.11 7568.26,-7178.4
7568.26,-7178.4 7522.92,-7183.07
7522.92,-7183.07 7480.34,-7192.89
7480.34,-7192.89 7442.24,-7207.43
7417.11,-7393.06 7449.56,-7409.75
7449.56,-7409.75 7487.03,-7422.18
8621.47,-7621.53 8628.15,-7622.83
8628.15,-7622.83 8641.15,-7625.82
7527.92,-7429.86 7570.46,-7432.52
7570.46,-7432.52 7612.83,-7430.09
7612.83,-7430.09 7653.33,-7422.7
7653.33,-7422.7 7690.32,-7410.66
7690.32,-7410.66 7722.08,-7394.56
8333.72,-7285.58 8301.33,-7221.16
8301.33,-7221.16 8252.73,-7160.33
8252.73,-7160.33 8189.02,-7104.49
7208.17,-7974.28 7350.29,-7998.23
7350.29,-7998.23 7496.72,-8010.34
7496.72,-8010.34 7644.56,-8010.39
7644.56,-8010.39 7790.86,-7998.41
6983.53,-7629.84 7058.96,-7678.82
6835.39,-7837.14 6948.12,-7892.95
6948.12,-7892.95 7073.22,-7938.97
7073.22,-7938.97 7208.17,-7974.28
7790.86,-7998.41 7932.72,-7974.62
7932.72,-7974.62 8067.32,-7939.51
8067.32,-7939.51 8192,-7893.77
8192,-7893.77 8304.25,-7838.32
7776.06,-7301.05 7767.04,-7276.32
7362.13,-7324.13 7372.38,-7349.45
7372.38,-7349.45 7391.02,-7372.72
7391.02,-7372.72 7417.11,-7393.06
8637.58,-7408.59 8636.69,-7383.09
8636.69,-7383.09 8621.16,-7299.79
8621.16,-7299.79 8586.81,-7218.65
8586.81,-7218.65 8534.46,-7141.47
8534.46,-7141.47 8465.32,-7070.01
8465.32,-7070.01 8380.89,-7005.87
8350.5,-7378.4 8349.15,-7352.06
8349.15,-7352.06 8333.72,-7285.58
6844.92,-7451.07 6875.21,-7514.62
6875.21,-7514.62 6921.79,-7574.69
6921.79,-7574.69 6983.53,-7629.84
8304.09,-7531.74 8335.88,-7465.4
8335.88,-7465.4 8349.83,-7397.18
8349.83,-7397.18 8350.5,-7378.77
6831.02,-7368.14 6831.64,-7385.61
6831.64,-7385.61 6844.92,-7451.07
7765.33,-7353.09 7775.24,-7329.31
7775.24,-7329.31 7777.13,-7313.11
7368.63,-7272.55 7360.87,-7298.34
7360.87,-7298.34 7360.29,-7307.52
8259.69,-7588.73 8304.09,-7531.74
6881.75,-7210.9 6848.84,-7273.82
6848.84,-7273.82 6832.7,-7338.88
6832.7,-7338.88 6831.02,-7367.84
7722.08,-7394.56 7747.37,-7375.13
7747.37,-7375.13 7765.33,-7353.09
6811.99,-7885.1 6805.18,-7888.29
6805.18,-7888.29 6791.14,-7894.34
7442.24,-7207.43 7410.13,-7226.09
7410.13,-7226.09 7385.26,-7248.1
7385.26,-7248.1 7368.63,-7272.55
7071.88,-7048.98 6994.51,-7097.21
6994.51,-7097.21 6930.66,-7151.59
6930.66,-7151.59 6881.75,-7210.9
6813.54,-6984.67 6720.13,-7050.74
6720.13,-7050.74 6643.05,-7123.34
6643.05,-7123.34 6584.22,-7200.21
6527.12,-7459.8 6522.25,-7405.12
6736.6,-7772.15 6655.93,-7701.31
6655.93,-7701.31 6593.36,-7624.64
6593.36,-7624.64 6550.13,-7543.62
6550.13,-7543.62 6527.12,-7459.8
8580.54,-7561.79 8543.17,-7629.04
8543.17,-7629.04 8481.05,-7704.99
8481.05,-7704.99 8400.88,-7775.22
8400.88,-7775.22 8304.24,-7838.32
6835.39,-7837.14 6825.76,-7847.23
7361.53,-7782.54 7477.88,-7798.32
7477.88,-7798.32 7596.92,-7803.66
7596.92,-7803.66 7715.88,-7798.46
7715.88,-7798.46 7832.01,-7782.85
7832.01,-7782.85 7942.64,-7757.2
7055.04,-7677.12 7147.6,-7721.25
7147.6,-7721.25 7250.57,-7756.66
7250.57,-7756.66 7361.53,-7782.54
7942.64,-7757.2 8045.18,-7722.09
8045.18,-7722.09 8137.23,-7678.36
8137.23,-7678.36 8216.63,-7627.02
8216.63,-7627.02 8259.69,-7588.73
5375.2,-6039.86 5268.18,-6097.33
6227.52,-6345.7 6810.35,-6101.83
5883.5,-6511.76 5859.99,-6529.1
5859.99,-6529.1 5290.03,-6949.8
6846.83,-6080.73 6810.54,-6101.68
5235.02,-7011.3 5198.73,-7032.26
5280.39,-6989.75 5266.63,-6997.77
5245.77,-7007 5235.22,-7011.21
5038.86,-6312.87 4999.53,-6391.52
6810.35,-6101.83 6810.54,-6101.68
4999.53,-6391.52 4980.34,-6466.26
4980.34,-6466.29 4976.88,-6516.05
4976.88,-6515.75 4980.32,-6466.65
4976.88,-6516.05 4976.88,-6515.75
5024.65,-6381.91 5024.47,-6414.36
5280.39,-6959.89 5280.39,-6989.75
7056.14,-6679.18 7078.43,-6619.86
6231.76,-6425.83 6230.7,-6413.72
6305.64,-7169.19 6306.19,-7188.22
6299.18,-7121.37 6300.85,-7158.52
7078.43,-6619.86 7090.6,-6555.3
5814.93,-6420.19 5816.77,-6436.79
5628.58,-5867.19 5628.48,-5866.75
6306.19,-7188.22 6306.29,-7188.67
7092.22,-6521 7092.22,-6521.25
7044.09,-6694.61 7044.02,-6729.23
7090.6,-6555.3 7092.22,-6521
6306.29,-7188.67 6319.57,-7217.29
6300.85,-7158.52 6305.64,-7169.19
5757.12,-5928.62 5749.17,-5911.49
6075.42,-6541.3 6292.19,-7103.24
6292.19,-7103.24 6299.18,-7121.37
5191.97,-6885.29 5290.03,-6949.8
5977.13,-6295.83 5757.12,-5928.62
5815.5,-6411 5024.65,-6381.91
4954.2,-6408.34 4966.55,-6409.11
4966.55,-6409.11 4981.32,-6410.45
4904.59,-6400.67 4954.17,-6408.34
7106.38,-6741.27 7155.95,-6748.94
5024.47,-6414.36 4996.47,-6412.61
4991.74,-6411.75 4981.32,-6410.45
7044.02,-6729.23 7076.12,-6734.2
7076.1,-6734.19 7076.12,-6734.2
5941.67,-6534.84 5982.56,-6542.53
7106.35,-6741.27 7106.38,-6741.27
7095.79,-6738.48 7106.35,-6741.27
6216.83,-6469.6 6251.19,-6478.95
6251.19,-6478.95 7027.09,-6689.99
7027.09,-6689.99 7044.09,-6694.61
7092.22,-6520.14 7092.22,-6520.39
7092.22,-6520.39 7092.22,-6521
4976.89,-6517.79 4976.88,-6516.77
4976.88,-6516.77 4976.88,-6516.47
4976.88,-6516.47 4976.88,-6516.05
7092.22,-6521.25 7092.22,-6521.98
7092.22,-6521.98 7092.22,-6522.23
6345.24,-5940.85 6197.15,-5920.58
6197.15,-5920.58 6047.19,-5911.62
6047.19,-5911.62 5898.94,-5914.27
5898.94,-5914.27 5755.47,-5928.79
5755.47,-5928.79 5619.42,-5955.15
5619.42,-5955.15 5492.47,-5992.42
5492.47,-5992.42 5375.2,-6039.86
6643.66,-6217.15 6566.33,-6167.55
6566.33,-6167.55 6477.19,-6125.3
6477.19,-6125.3 6378.3,-6091.35
6378.3,-6091.35 6271.93,-6066.41
6271.93,-6066.41 6160.47,-6051.01
6160.47,-6051.01 6046.44,-6045.46
6046.44,-6045.46 5932.42,-6049.88
5932.42,-6049.88 5820.97,-6064.14
5820.97,-6064.14 5714.59,-6087.92
5714.59,-6087.92 5615.68,-6120.67
5615.68,-6120.67 5526.52,-6161.64
6835.53,-6118.53 6736.3,-6062.31
6736.3,-6062.31 6620.16,-6013.21
6620.16,-6013.21 6487.81,-5972.01
6487.81,-5972.01 6345.24,-5940.85
6227.52,-6345.7 6195.34,-6325.29
6195.34,-6325.29 6157.15,-6309.17
6157.15,-6309.17 6114.52,-6297.87
6114.52,-6297.87 6069.17,-6291.77
6069.17,-6291.77 6022.9,-6291.07
6022.9,-6291.07 5977.56,-6295.73
5977.56,-6295.73 5934.98,-6305.55
5934.98,-6305.55 5896.88,-6320.1
5871.75,-6505.72 5904.2,-6522.41
5904.2,-6522.41 5941.67,-6534.84
7076.1,-6734.19 7082.79,-6735.49
7082.79,-6735.49 7095.79,-6738.48
5982.56,-6542.53 6025.1,-6545.18
6025.1,-6545.18 6067.47,-6542.75
6067.47,-6542.75 6107.97,-6535.36
6107.97,-6535.36 6144.96,-6523.32
6144.96,-6523.32 6176.72,-6507.22
6788.36,-6398.24 6755.97,-6333.82
6755.97,-6333.82 6707.37,-6272.99
6707.37,-6272.99 6643.66,-6217.15
5662.81,-7086.95 5804.92,-7110.89
5804.92,-7110.89 5951.36,-7123
5951.36,-7123 6099.2,-7123.06
6099.2,-7123.06 6245.5,-7111.07
5438.17,-6742.5 5513.6,-6791.48
5290.03,-6949.8 5402.76,-7005.62
5402.76,-7005.62 5527.86,-7051.63
5527.86,-7051.63 5662.81,-7086.95
6245.5,-7111.07 6387.36,-7087.28
6387.36,-7087.28 6521.96,-7052.17
6521.96,-7052.17 6646.64,-7006.44
6646.64,-7006.44 6758.88,-6950.98
6230.7,-6413.72 6221.67,-6388.98
5816.77,-6436.79 5827.02,-6462.11
5827.02,-6462.11 5845.66,-6485.38
5845.66,-6485.38 5871.75,-6505.72
7092.22,-6521.25 7091.33,-6495.75
7091.33,-6495.75 7075.8,-6412.45
7075.8,-6412.45 7041.45,-6331.32
7041.45,-6331.32 6989.1,-6254.13
6989.1,-6254.13 6919.95,-6182.68
6919.95,-6182.68 6835.53,-6118.53
6805.14,-6491.07 6803.79,-6464.72
6803.79,-6464.72 6788.36,-6398.24
5299.56,-6563.74 5329.85,-6627.29
5329.85,-6627.29 5376.43,-6687.35
5376.43,-6687.35 5438.17,-6742.5
6758.73,-6644.4 6790.52,-6578.07
6790.52,-6578.07 6804.47,-6509.85
6804.47,-6509.85 6805.14,-6491.43
5285.66,-6480.8 5286.28,-6498.28
5286.28,-6498.28 5299.56,-6563.74
6219.97,-6465.75 6229.88,-6441.97
6229.88,-6441.97 6231.76,-6425.77
5823.27,-6385.21 5815.5,-6411
5815.5,-6411 5814.93,-6420.18
6714.33,-6701.39 6758.73,-6644.4
5336.38,-6323.57 5303.48,-6386.48
5303.48,-6386.48 5287.34,-6451.55
5287.34,-6451.55 5285.66,-6480.5
6176.72,-6507.22 6202.01,-6487.79
6202.01,-6487.79 6219.97,-6465.75
5266.63,-6997.77 5259.82,-7000.95
5259.82,-7000.95 5245.77,-7007
5896.88,-6320.1 5864.77,-6338.76
5864.77,-6338.76 5839.9,-6360.77
5839.9,-6360.77 5823.27,-6385.21
5526.52,-6161.64 5449.14,-6209.87
5449.14,-6209.87 5385.3,-6264.26
5385.3,-6264.26 5336.38,-6323.57
5268.18,-6097.33 5174.77,-6163.4
5174.77,-6163.4 5097.69,-6236
5097.69,-6236 5038.86,-6312.87
4981.76,-6572.47 4976.89,-6517.79
5191.24,-6884.81 5110.57,-6813.98
5110.57,-6813.98 5048,-6737.3
5048,-6737.3 5004.76,-6656.28
5004.76,-6656.28 4981.76,-6572.47
7035.18,-6674.46 6997.81,-6741.7
6997.81,-6741.7 6935.69,-6817.65
6935.69,-6817.65 6855.52,-6887.88
6855.52,-6887.88 6758.88,-6950.98
5290.03,-6949.8 5280.39,-6959.89
5816.17,-6895.2 5932.52,-6910.98
5932.52,-6910.98 6051.55,-6916.33
6051.55,-6916.33 6170.52,-6911.13
6170.52,-6911.13 6286.65,-6895.52
6286.65,-6895.52 6397.28,-6869.86
5509.68,-6789.78 5602.24,-6833.92
5602.24,-6833.92 5705.21,-6869.32
5705.21,-6869.32 5816.17,-6895.2
6397.28,-6869.86 6499.82,-6834.75
6499.82,-6834.75 6591.87,-6791.02
6591.87,-6791.02 6671.27,-6739.69
6671.27,-6739.69 6714.33,-6701.39
6625.81,-12363.88 7082.62,-12627.61
6616.36,-12240.37 6616.36,-12347.51
7092.07,-12622.16 7092.07,-12488.38
6616.36,-12347.51 6625.81,-12363.88
7082.62,-12627.61 7092.07,-12622.16
4976.36,-11287.4 4976.36,-11394.51
5452.07,-11669.16 5452.07,-11562.05
4985.81,-11410.88 5442.62,-11674.61
4976.36,-11394.51 4985.81,-11410.88
5442.62,-11674.61 5452.07,-11669.16
6854.22,-12495.74 6854.22,-14530.95
