7675.02,-14399.95 7675.02,-16280.02
7675.02,-16280.02 5475.02,-16280.02
10259.64,-16626.03 5475.02,-16626.03
5475.02,-16080.02 5475.02,-16826.03
5475.02,-16080.02 4800.93,-16453.02
4800.93,-16453.02 5475.02,-16826.03
4800.93,-16453.02 2975.64,-16453.02
13446.5,-16453.02 10933.74,-16453.02
18662.02,-16799.03 10933.74,-16799.03
10933.74,-16253.02 10933.74,-16999.03
10933.74,-16253.02 10259.64,-16626.03
10259.64,-16626.03 10933.74,-16999.03
5330.27,-8450.03 6210.06,-7942.08
6210.06,-7942.08 6817.15,-7591.58
5326.64,-8715.2 5326.64,-8459.19
5333.69,-13223.84 5333.69,-8719.71
5547.8,-9394.49 5547.8,-11285.77
5547.8,-13044.91 5547.8,-11289.96
5547.8,-11285.77 5547.8,-11289.96
5547.8,-9394.49 5547.8,-9372.3
5547.8,-9372.3 5548.41,-8843.67
8129.01,-14837.68 8460.91,-14837.68
5890.14,-11375.03 5890.14,-11282.84
5890.14,-11277.66 5890.14,-11282.84
5890.14,-11277.66 5894.37,-11275.51
5336.1,-13227.19 5376.76,-13250.67
8082.54,-14812.82 8123.2,-14836.29
8079.33,-14780.8 8055.44,-14767
5415.47,-13242.85 5456.11,-13266.31
5466.44,-13266.13 8045.7,-14755.23
6126.02,-11504.09 6126.02,-11412.04
6120.98,-11508.3 6126.02,-11504.09
8468.44,-10329.2 9956.82,-9469.82
5547.8,-13044.91 7907.81,-14407.43
7953.82,-14407.46 8079.33,-14479.92
9808.69,-10361.88 9808.95,-10361.77
7792.95,-13881.57 5663.93,-12652.41
7322.39,-12104.55 7322.39,-12201.92
9788.58,-10368.35 8600.92,-11053.18
8510.58,-11111.3 8573.17,-11075.25
9808.95,-10361.77 9869.43,-10326.85
7558.27,-12331.12 7558.27,-12238.93
7322.39,-12104.55 7326.62,-12102.39
5392.24,-13250.67 5405.79,-13242.85
7553.22,-12335.19 7557.56,-12332.68
9808.69,-11297.74 9808.95,-11297.64
7792.95,-12895.42 5663.93,-11666.27
9891.22,-14004.92 9877.67,-13997.1
8079.33,-14808.35 8079.33,-10304.87
8593.27,-11994.69 8600.91,-11989.03
9788.58,-11303.35 8600.92,-11989.04
8510.58,-12047.25 8573.17,-12011.11
9808.95,-11297.64 9869.43,-11262.72
8079.33,-12745.35 5551.91,-11286.18
6117.56,-11506.32 6120.98,-11508.3
7549.8,-12333.21 7553.22,-12335.19
5890.14,-11375.03 6117.56,-11506.32
7322.39,-12201.92 7549.8,-12333.21
5894.37,-11275.51 6123.61,-11407.85
7326.62,-12102.39 7555.85,-12234.74
7792.95,-12332.51 5663.93,-11103.35
8510.58,-10304.87 8510.58,-14808.35
8602.21,-14713.92 8602.21,-14332.14
8678.5,-14288.2 8678.5,-11008.44
8593.27,-12813.22 8600.91,-12807.56
8573.38,-12829.49 8573.17,-12829.64
9788.58,-12122.35 8600.92,-12807.57
8510.58,-12865.77 8573.17,-12829.64
9809.58,-12116.35 9868.52,-12081.78
9210.75,-13981.69 9210.75,-10701.53
9808.69,-12934.8 9808.95,-12934.69
5663.93,-10050.16 7792.95,-11279.32
8573.38,-13648.02 8573.17,-13648.17
9788.58,-12940.35 8600.58,-13626.35
8510.58,-13684.3 8573.17,-13648.17
9808.95,-12934.69 9868.3,-12900.43
8079.33,-10848.52 5552.51,-9389.66
9743,-13675.17 9743,-10394.63
9812.35,-13639.51 9812.35,-14011.9
9949.77,-9473.95 9949.77,-13978.09
9956.82,-9404.83 9956.82,-9469.82
9956.82,-9213.44 9956.82,-9404.83
8593.27,-14338.53 8600.93,-14332.87
8573.38,-14354.8 8573.17,-14354.95
9789.58,-13648.35 8600.92,-14332.88
8510.58,-14391.13 8573.17,-14354.95
9808.95,-13641.48 9868.1,-13607.33
9808.69,-13641.58 9808.95,-13641.48
5326.64,-8715.2 8121.47,-10329.2
9867.99,-13997.1 9827.35,-14020.56
8510.58,-14780.79 8590.11,-14734.88
8466.71,-14836.29 8507.37,-14812.82
9906.7,-14004.92 9947.36,-13981.44
8121.47,-10329.2 8468.44,-10329.2
7159.86,-7591.58 9953.19,-9204.28
6817.46,-7591.08 7159.86,-7591.58
9789.58,-13648.35 9808.69,-13641.58
8573.38,-14354.8 8583.02,-14346.69
8583.02,-14346.69 8593.27,-14338.53
9788.58,-12940.35 9808.69,-12934.8
8573.38,-13648.02 8600.58,-13626.35
8573.38,-12829.49 8583.02,-12821.37
8583.02,-12821.37 8593.27,-12813.22
9788.58,-12122.35 9809.58,-12116.35
8573.38,-12010.96 8583.02,-12002.84
8583.02,-12002.84 8593.27,-11994.69
9788.58,-11303.35 9792.33,-11302.25
9792.33,-11302.25 9800.57,-11299.86
9800.57,-11299.86 9808.69,-11297.74
8573.38,-11075.1 8583.02,-11066.98
8583.02,-11066.98 8593.27,-11058.83
9788.58,-10368.35 9792.33,-10366.39
9792.33,-10366.39 9800.57,-10364
9800.57,-10364 9808.69,-10361.88
8593.27,-11058.83 8600.92,-11053.18
9891.22,-14004.92 9900.55,-14007.03
9900.55,-14007.03 9906.7,-14004.92
9947.36,-13981.44 9949.77,-13978.09
9877.67,-13997.1 9867.99,-13997.1
9827.35,-14020.56 9815.25,-14013.58
9815.25,-14013.58 9812.35,-14011.9
9953.19,-9204.28 9956.82,-9213.44
5330.27,-8450.03 5326.64,-8459.19
7555.85,-12234.74 7558.27,-12238.93
6123.61,-11407.85 6126.02,-11412.04
5333.69,-13223.84 5336.1,-13227.19
5376.76,-13250.67 5392.24,-13250.67
5405.79,-13242.85 5415.47,-13242.85
5456.11,-13266.31 5466.44,-13266.13
8079.33,-14808.35 8082.54,-14812.82
8123.2,-14836.29 8129.01,-14837.68
8460.91,-14837.68 8466.71,-14836.29
8507.37,-14812.82 8510.58,-14808.35
8590.11,-14734.88 8602.21,-14713.92
8055.44,-14767 8045.7,-14755.23
7907.81,-14407.43 7953.82,-14407.46
7557.56,-12332.68 7558.27,-12331.12
7768.84,-8847.26 7661.82,-8904.74
8621.16,-9153.11 9203.99,-8909.23
8277.14,-9319.17 8253.64,-9336.5
8253.64,-9336.5 7683.68,-9757.21
9240.48,-8888.14 9204.19,-8909.09
7628.67,-9818.71 7592.38,-9839.66
7674.04,-9797.15 7660.27,-9805.17
7628.87,-9818.61 7628.67,-9818.71
7639.42,-9814.4 7628.87,-9818.61
7432.51,-9120.28 7393.17,-9198.92
9203.99,-8909.23 9204.19,-8909.09
7393.17,-9198.92 7373.99,-9273.66
7373.98,-9273.69 7370.52,-9323.45
7370.52,-9323.15 7373.96,-9274.06
7373.98,-9273.69 7373.99,-9273.67
7370.52,-9323.45 7370.52,-9323.15
7418.3,-9189.31 7418.11,-9221.77
7674.04,-9767.3 7674.04,-9797.15
9449.78,-9486.58 9472.07,-9427.27
8625.41,-9233.24 8624.34,-9221.12
8699.28,-9976.59 8699.83,-9995.63
8692.82,-9928.78 8694.5,-9965.93
9472.07,-9427.27 9484.24,-9362.71
8208.57,-9227.59 8210.41,-9244.2
8699.83,-9995.63 8699.93,-9996.07
9485.87,-9328.4 9485.87,-9328.66
9437.73,-9502.02 9437.67,-9536.64
9484.24,-9362.71 9485.87,-9328.4
8699.93,-9996.07 8713.22,-10024.69
8694.5,-9965.93 8699.28,-9976.59
8150.76,-8736.02 8142.81,-8718.89
8469.06,-9348.7 8685.83,-9910.65
8685.83,-9910.65 8692.82,-9928.78
7585.61,-9692.7 7683.68,-9757.21
8370.77,-9103.24 8150.76,-8736.02
8209.15,-9218.4 7418.3,-9189.31
7347.84,-9215.74 7360.2,-9216.51
7360.2,-9216.51 7374.96,-9217.86
7298.24,-9208.07 7347.81,-9215.74
9500.02,-9548.68 9549.59,-9556.35
7418.11,-9221.77 7390.11,-9220.02
7385.39,-9219.16 7374.96,-9217.86
9437.67,-9536.64 9469.76,-9541.6
8335.31,-9342.24 8376.2,-9349.93
9499.99,-9548.67 9500.02,-9548.68
9489.43,-9545.88 9499.99,-9548.67
8610.48,-9277.01 8644.83,-9286.35
8644.83,-9286.35 9420.73,-9497.39
9420.73,-9497.39 9437.73,-9502.02
9485.86,-9327.54 9485.86,-9327.79
9485.86,-9327.79 9485.87,-9328.4
7370.53,-9325.19 7370.52,-9324.18
7370.52,-9324.18 7370.52,-9323.87
7370.52,-9323.87 7370.52,-9323.45
9485.87,-9328.66 9485.86,-9329.38
9485.86,-9329.38 9485.86,-9329.63
8738.88,-8748.25 8590.8,-8727.99
8590.8,-8727.99 8440.84,-8719.03
8440.84,-8719.03 8292.58,-8721.68
8292.58,-8721.68 8149.11,-8736.19
8149.11,-8736.19 8013.06,-8762.56
8013.06,-8762.56 7886.11,-8799.83
7886.11,-8799.83 7768.84,-8847.26
9037.31,-9024.55 8959.98,-8974.95
8959.98,-8974.95 8870.83,-8932.71
8870.83,-8932.71 8771.95,-8898.75
8771.95,-8898.75 8665.57,-8873.81
8665.57,-8873.81 8554.11,-8858.41
8554.11,-8858.41 8440.08,-8852.87
8440.08,-8852.87 8326.06,-8857.29
8326.06,-8857.29 8214.62,-8871.55
8214.62,-8871.55 8108.23,-8895.32
8108.23,-8895.32 8009.32,-8928.08
8009.32,-8928.08 7920.16,-8969.05
9229.17,-8925.94 9129.94,-8869.71
9129.94,-8869.71 9013.8,-8820.61
9013.8,-8820.61 8881.45,-8779.42
8881.45,-8779.42 8738.88,-8748.25
8621.16,-9153.11 8588.98,-9132.7
8588.98,-9132.7 8550.79,-9116.57
8550.79,-9116.57 8508.17,-9105.27
8508.17,-9105.27 8462.81,-9099.18
8462.81,-9099.18 8416.54,-9098.47
8416.54,-9098.47 8371.2,-9103.14
8371.2,-9103.14 8328.63,-9112.96
8328.63,-9112.96 8290.53,-9127.5
8265.4,-9313.13 8297.84,-9329.81
8297.84,-9329.81 8335.31,-9342.24
9469.75,-9541.6 9476.43,-9542.89
9476.43,-9542.89 9489.43,-9545.88
8376.2,-9349.93 8418.74,-9352.59
8418.74,-9352.59 8461.11,-9350.15
8461.11,-9350.15 8501.61,-9342.76
8501.61,-9342.76 8538.6,-9330.72
8538.6,-9330.72 8570.36,-9314.63
9182,-9205.65 9149.62,-9141.23
9149.62,-9141.23 9101.01,-9080.4
9101.01,-9080.4 9037.31,-9024.55
8056.46,-9894.35 8198.57,-9918.29
8198.57,-9918.29 8345,-9930.41
8345,-9930.41 8492.84,-9930.46
8492.84,-9930.46 8639.15,-9918.47
7831.81,-9549.91 7907.24,-9598.89
7683.68,-9757.21 7796.4,-9813.02
7796.4,-9813.02 7921.5,-9859.03
7921.5,-9859.03 8056.46,-9894.35
8639.15,-9918.47 8781,-9894.69
8781,-9894.69 8915.61,-9859.58
8915.61,-9859.58 9040.28,-9813.84
9040.28,-9813.84 9152.53,-9758.39
8624.34,-9221.12 8615.32,-9196.38
8210.41,-9244.2 8220.66,-9269.52
8220.66,-9269.52 8239.3,-9292.79
8239.3,-9292.79 8265.4,-9313.13
9485.87,-9328.66 9484.97,-9303.15
9484.97,-9303.15 9469.44,-9219.86
9469.44,-9219.86 9435.09,-9138.72
9435.09,-9138.72 9382.74,-9061.53
9382.74,-9061.53 9313.6,-8990.08
9313.6,-8990.08 9229.17,-8925.94
9198.78,-9298.47 9197.43,-9272.12
9197.43,-9272.12 9182,-9205.65
7693.2,-9371.14 7723.49,-9434.69
7723.49,-9434.69 7770.07,-9494.76
7770.07,-9494.76 7831.81,-9549.91
9152.37,-9451.81 9184.16,-9385.47
9184.16,-9385.47 9198.11,-9317.25
9198.11,-9317.25 9198.78,-9298.83
7679.3,-9288.2 7679.93,-9305.68
7679.93,-9305.68 7693.2,-9371.14
8613.61,-9273.16 8623.53,-9249.38
8623.53,-9249.38 8625.41,-9233.18
8216.91,-9192.62 8209.15,-9218.4
8209.15,-9218.4 8208.57,-9227.59
9107.97,-9508.8 9152.37,-9451.81
7730.03,-9130.97 7697.12,-9193.89
7697.12,-9193.89 7680.98,-9258.95
7680.98,-9258.95 7679.3,-9287.91
8570.36,-9314.63 8595.65,-9295.2
8595.65,-9295.2 8613.61,-9273.16
7660.27,-9805.17 7653.46,-9808.35
7653.46,-9808.35 7639.42,-9814.4
8290.53,-9127.5 8258.41,-9146.16
8258.41,-9146.16 8233.55,-9168.17
8233.55,-9168.17 8216.91,-9192.62
7920.16,-8969.05 7842.79,-9017.28
7842.79,-9017.28 7778.94,-9071.66
7778.94,-9071.66 7730.03,-9130.97
7661.82,-8904.74 7568.41,-8970.81
7568.41,-8970.81 7491.33,-9043.4
7491.33,-9043.4 7432.51,-9120.28
7375.4,-9379.87 7370.53,-9325.19
7584.89,-9692.21 7504.22,-9621.38
7504.22,-9621.38 7441.64,-9544.7
7441.64,-9544.7 7398.41,-9463.69
7398.41,-9463.69 7375.4,-9379.87
9428.82,-9481.86 9391.45,-9549.1
9391.45,-9549.1 9329.33,-9625.05
9329.33,-9625.05 9249.16,-9695.29
9249.16,-9695.29 9152.53,-9758.39
7683.68,-9757.21 7674.04,-9767.3
8209.81,-9702.61 8326.16,-9718.39
8326.16,-9718.39 8445.2,-9723.73
8445.2,-9723.73 8564.16,-9718.53
8564.16,-9718.53 8680.29,-9702.92
8680.29,-9702.92 8790.92,-9677.26
7903.33,-9597.19 7995.88,-9641.32
7995.88,-9641.32 8098.86,-9676.73
8098.86,-9676.73 8209.81,-9702.61
8790.92,-9677.26 8893.46,-9642.16
8893.46,-9642.16 8985.51,-9598.43
8985.51,-9598.43 9064.91,-9547.09
9064.91,-9547.09 9107.97,-9508.8
6223.48,-7959.92 6116.46,-8017.4
7075.8,-8265.77 7658.63,-8021.9
6731.78,-8431.83 6708.28,-8449.17
6708.28,-8449.17 6138.31,-8869.87
7695.11,-8000.8 7658.83,-8021.75
6083.31,-8931.37 6047.02,-8952.32
6128.68,-8909.82 6114.91,-8917.83
6094.06,-8927.07 6083.51,-8931.28
5887.14,-8232.94 5847.81,-8311.58
7658.63,-8021.9 7658.83,-8021.75
5847.81,-8311.58 5828.62,-8386.33
5828.62,-8386.35 5825.16,-8436.11
5825.16,-8435.81 5828.6,-8386.72
5825.16,-8436.11 5825.16,-8435.81
5872.93,-8301.97 5872.75,-8334.43
6128.68,-8879.96 6128.68,-8909.82
7904.42,-8599.24 7926.71,-8539.93
7080.05,-8345.9 7078.98,-8333.79
7153.92,-9089.25 7154.47,-9108.29
7147.46,-9041.44 7149.14,-9078.59
7926.71,-8539.93 7938.88,-8475.37
6663.21,-8340.25 6665.05,-8356.86
6476.86,-7787.26 6476.76,-7786.82
7154.47,-9108.29 7154.57,-9108.73
7940.5,-8441.06 7940.5,-8441.32
7892.37,-8614.68 7892.3,-8649.3
7938.88,-8475.37 7940.5,-8441.06
7154.57,-9108.73 7167.86,-9137.35
7149.14,-9078.59 7153.92,-9089.25
6605.4,-7848.69 6597.45,-7831.56
6923.7,-8461.37 7140.47,-9023.31
7140.47,-9023.31 7147.46,-9041.44
6040.25,-8805.36 6138.31,-8869.87
6825.41,-8215.9 6605.4,-7848.69
6663.79,-8331.07 5872.93,-8301.97
5802.48,-8328.41 5814.84,-8329.18
5814.84,-8329.18 5829.6,-8330.52
5752.88,-8320.73 5802.45,-8328.4
7954.66,-8661.34 8004.23,-8669.01
5872.75,-8334.43 5844.75,-8332.68
5840.03,-8331.82 5829.6,-8330.52
7892.3,-8649.3 7924.4,-8654.26
7924.39,-8654.26 7924.4,-8654.26
6789.95,-8454.91 6830.84,-8462.59
7954.63,-8661.34 7954.66,-8661.34
7944.07,-8658.55 7954.63,-8661.34
7065.12,-8389.67 7099.47,-8399.02
7099.47,-8399.02 7875.37,-8610.05
7875.37,-8610.05 7892.37,-8614.68
7940.5,-8440.21 7940.5,-8440.45
7940.5,-8440.45 7940.5,-8441.06
5825.17,-8437.85 5825.16,-8436.84
5825.16,-8436.84 5825.16,-8436.54
5825.16,-8436.54 5825.16,-8436.11
7940.5,-8441.32 7940.5,-8442.05
7940.5,-8442.05 7940.5,-8442.29
7193.52,-7860.91 7045.44,-7840.65
7045.44,-7840.65 6895.47,-7831.69
6895.47,-7831.69 6747.22,-7834.34
6747.22,-7834.34 6603.75,-7848.85
6603.75,-7848.85 6467.7,-7875.22
6467.7,-7875.22 6340.75,-7912.49
6340.75,-7912.49 6223.48,-7959.92
7491.94,-8137.22 7414.61,-8087.61
7414.61,-8087.61 7325.47,-8045.37
7325.47,-8045.37 7226.59,-8011.42
7226.59,-8011.42 7120.21,-7986.48
7120.21,-7986.48 7008.75,-7971.07
7008.75,-7971.07 6894.72,-7965.53
6894.72,-7965.53 6780.7,-7969.95
6780.7,-7969.95 6669.25,-7984.21
6669.25,-7984.21 6562.87,-8007.99
6562.87,-8007.99 6463.96,-8040.74
6463.96,-8040.74 6374.8,-8081.71
7683.81,-8038.6 7584.58,-7982.38
7584.58,-7982.38 7468.44,-7933.28
7468.44,-7933.28 7336.09,-7892.08
7336.09,-7892.08 7193.52,-7860.91
7075.8,-8265.77 7043.62,-8245.36
7043.62,-8245.36 7005.43,-8229.23
7005.43,-8229.23 6962.81,-8217.93
6962.81,-8217.93 6917.45,-8211.84
6917.45,-8211.84 6871.18,-8211.13
6871.18,-8211.13 6825.84,-8215.8
6825.84,-8215.8 6783.26,-8225.62
6783.26,-8225.62 6745.17,-8240.16
6720.03,-8425.79 6752.48,-8442.48
6752.48,-8442.48 6789.95,-8454.91
7924.39,-8654.26 7931.07,-8655.56
7931.07,-8655.56 7944.07,-8658.55
6830.84,-8462.59 6873.38,-8465.25
6873.38,-8465.25 6915.75,-8462.82
6915.75,-8462.82 6956.25,-8455.43
6956.25,-8455.43 6993.24,-8443.39
6993.24,-8443.39 7025,-8427.29
7636.64,-8318.31 7604.25,-8253.89
7604.25,-8253.89 7555.65,-8193.06
7555.65,-8193.06 7491.94,-8137.22
6511.09,-9007.01 6653.21,-9030.96
6653.21,-9030.96 6799.64,-9043.07
6799.64,-9043.07 6947.48,-9043.12
6947.48,-9043.12 7093.78,-9031.14
6286.45,-8662.57 6361.88,-8711.55
6138.31,-8869.87 6251.04,-8925.68
6251.04,-8925.68 6376.14,-8971.7
6376.14,-8971.7 6511.09,-9007.01
7093.78,-9031.14 7235.64,-9007.35
7235.64,-9007.35 7370.24,-8972.24
7370.24,-8972.24 7494.92,-8926.51
7494.92,-8926.51 7607.17,-8871.05
7078.98,-8333.79 7069.96,-8309.05
6665.05,-8356.86 6675.3,-8382.18
6675.3,-8382.18 6693.94,-8405.45
6693.94,-8405.45 6720.03,-8425.79
7940.5,-8441.32 7939.61,-8415.82
7939.61,-8415.82 7924.08,-8332.52
7924.08,-8332.52 7889.73,-8251.39
7889.73,-8251.39 7837.38,-8174.2
7837.38,-8174.2 7768.24,-8102.74
7768.24,-8102.74 7683.81,-8038.6
7653.42,-8411.13 7652.07,-8384.79
7652.07,-8384.79 7636.64,-8318.31
6147.84,-8483.8 6178.13,-8547.36
6178.13,-8547.36 6224.71,-8607.42
6224.71,-8607.42 6286.45,-8662.57
7607.01,-8564.47 7638.8,-8498.13
7638.8,-8498.13 7652.75,-8429.91
7652.75,-8429.91 7653.42,-8411.5
6133.94,-8400.87 6134.56,-8418.35
6134.56,-8418.35 6147.84,-8483.8
7068.25,-8385.82 7078.16,-8362.04
7078.16,-8362.04 7080.05,-8345.84
6671.55,-8305.28 6663.79,-8331.07
6663.79,-8331.07 6663.21,-8340.25
7562.61,-8621.46 7607.01,-8564.47
6184.67,-8243.63 6151.76,-8306.55
6151.76,-8306.55 6135.62,-8371.61
6135.62,-8371.61 6133.94,-8400.57
7025,-8427.29 7050.29,-8407.86
7050.29,-8407.86 7068.25,-8385.82
6114.91,-8917.83 6108.1,-8921.02
6108.1,-8921.02 6094.06,-8927.07
6745.17,-8240.16 6713.05,-8258.82
6713.05,-8258.82 6688.18,-8280.83
6688.18,-8280.83 6671.55,-8305.28
6374.8,-8081.71 6297.43,-8129.94
6297.43,-8129.94 6233.58,-8184.32
6233.58,-8184.32 6184.67,-8243.63
6116.46,-8017.4 6023.05,-8083.47
6023.05,-8083.47 5945.97,-8156.07
5945.97,-8156.07 5887.14,-8232.94
5830.04,-8492.53 5825.17,-8437.85
6039.53,-8804.88 5958.86,-8734.04
5958.86,-8734.04 5896.28,-8657.37
5896.28,-8657.37 5853.05,-8576.35
5853.05,-8576.35 5830.04,-8492.53
7883.46,-8594.53 7846.09,-8661.77
7846.09,-8661.77 7783.97,-8737.72
7783.97,-8737.72 7703.8,-8807.95
7703.8,-8807.95 7607.17,-8871.05
6138.31,-8869.87 6128.68,-8879.96
6664.45,-8815.27 6780.8,-8831.05
6780.8,-8831.05 6899.84,-8836.39
6899.84,-8836.39 7018.8,-8831.19
7018.8,-8831.19 7134.93,-8815.58
7134.93,-8815.58 7245.56,-8789.93
6357.96,-8709.85 6450.52,-8753.98
6450.52,-8753.98 6553.49,-8789.39
6553.49,-8789.39 6664.45,-8815.27
7245.56,-8789.93 7348.1,-8754.82
7348.1,-8754.82 7440.15,-8711.09
7440.15,-8711.09 7519.55,-8659.75
7519.55,-8659.75 7562.61,-8621.46
7474.09,-14283.94 7930.9,-14547.68
7464.64,-14160.44 7464.64,-14267.58
7940.35,-14542.22 7940.35,-14408.45
7464.64,-14267.58 7474.09,-14283.94
7930.9,-14547.68 7940.35,-14542.22
5824.64,-13207.47 5824.64,-13314.58
6300.35,-13589.22 6300.35,-13482.11
5834.09,-13330.94 6290.9,-13594.68
5824.64,-13314.58 5834.09,-13330.94
6290.9,-13594.68 6300.35,-13589.22
16774.43,-8935.87 18416.46,-7987.66
16774.43,-9149.51 16766.64,-9229.88
16774.43,-9149.51 16774.43,-8935.87
16775.2,-14212.53 16775.2,-9234.82
16921.13,-14248.03 16921.13,-13967.35
17007.4,-9368.88 17007.4,-14017.16
17221.53,-14142.31 17221.53,-14249.46
19050.1,-10548.21 19054.11,-10545.89
19433.84,-10548.21 21075.87,-9600.18
19058.65,-15528.68 19425.29,-15528.68
16775.2,-14212.53 16820.11,-14238.46
19008.59,-15501.95 19052.23,-15527.15
16862.87,-14229.82 16907.77,-14255.74
19006.67,-15460.72 16914.45,-14251.88
17697.24,-14524.1 17697.24,-14414.39
18817.25,-15059.61 18854.15,-15059.61
17230.97,-14265.82 17687.79,-14529.56
18433.62,-14960.15 18890.43,-15223.89
16862.74,-13933.64 18817.25,-15059.61
18854.15,-15059.61 19007.32,-15146.59
17777.41,-12294.23 17777.41,-12401.79
18033.98,-12444.99 18033.98,-12546.82
20886.55,-10588.18 19575.14,-11345.32
19431.7,-11434.81 19544.48,-11369.7
20909.6,-10581.55 20976.42,-10542.98
18739.53,-14509.54 17082.55,-13552.9
18424.17,-14836.65 18424.17,-14943.79
18854.15,-15059.61 18854.15,-10435.08
18899.88,-15218.43 18899.88,-15085.58
18964.02,-15121.69 18963.76,-15435.95
19052.23,-15527.15 19052.23,-10546.97
20974.31,-11542.82 20907.49,-11581.39
19542.37,-12369.54 19431.7,-12433.43
20877.09,-11605.6 19565.69,-12362.76
19542.37,-12369.54 19542.66,-12369.42
18739.53,-13420.18 17082.55,-12463.55
21005.29,-14608.76 20990.33,-14600.12
19431.7,-15527.15 19431.7,-10546.97
20885.23,-11599.58 20877.09,-11605.6
16837.22,-14238.46 16852.18,-14229.82
18810.04,-13109.99 17012.05,-12071.95
18028.63,-12546.82 18032.41,-12549.01
17777.41,-12401.79 18028.63,-12546.82
18031.31,-12440.36 17778.08,-12294.16
17082.55,-11842.09 18739.53,-12798.72
19581.38,-15391.97 19581.38,-14964.67
19660.85,-14918.79 19660.85,-11295.83
19668.42,-11270.06 19668.42,-10412.77
20974.31,-12447.01 20907.49,-12485.59
19542.37,-13273.73 19431.7,-13337.63
20877.1,-12509.82 19565.69,-13266.95
20248.8,-14579.34 20248.8,-10956.38
20907.49,-13389.78 20907.26,-13389.95
20974.31,-13351.21 20907.49,-13389.78
19542.37,-14177.93 19431.7,-14241.83
20877.1,-13414.01 19565.69,-14171.15
17082.55,-10703.36 18739.53,-11659.99
20830.6,-9741.79 20830.6,-10599.08
20836.75,-14239.88 20836.75,-10616.93
20921.38,-14197.71 20921.38,-14618.33
21069.97,-9603.59 21069.97,-14579.13
21077.53,-9313.7 21077.53,-9595.69
19544.72,-14992.49 19544.48,-14992.65
20886.55,-14211.13 19575.14,-14968.27
19431.7,-15057.77 19544.48,-14992.65
20909.6,-14204.51 20976.42,-14165.93
20909.32,-14204.62 20909.6,-14204.51
18810.04,-11013.85 17012.05,-9975.8
20979.64,-14600.12 20934.74,-14626.04
19480.59,-15465.59 19568.01,-15415.12
19431.7,-15527.15 19476.61,-15501.21
21022.4,-14608.76 21067.31,-14582.83
16766.64,-9229.88 19050.1,-10548.21
19057.89,-10549.16 19426.05,-10549.16
19433.84,-10548.21 19429.83,-10545.89
18784.62,-7987.66 20147.43,-8773.18
20147.43,-8773.18 21069.19,-9305.34
18416.46,-7987.66 18784.62,-7987.66
18164.51,-8614.75 18042.9,-8680.06
19133.06,-8962.3 19795.36,-8685.17
18742.12,-9151 18715.41,-9170.7
18715.41,-9170.7 18067.73,-9648.78
19836.82,-8661.2 19795.58,-8685
18005.22,-9718.67 17963.98,-9742.47
18056.78,-9694.17 18041.13,-9703.28
18005.45,-9718.56 18005.22,-9718.67
18017.44,-9713.77 18005.45,-9718.56
17782.31,-8924.99 17737.61,-9014.36
19795.36,-8685.17 19795.58,-8685
17737.61,-9014.36 17715.81,-9099.29
17715.81,-9099.33 17711.87,-9155.87
17711.87,-9155.53 17715.78,-9099.74
17715.81,-9099.33 17715.81,-9099.3
17711.87,-9155.87 17711.87,-9155.53
17766.16,-9003.44 17765.95,-9040.32
18056.78,-9660.24 18056.78,-9694.17
20074.67,-9341.25 20100,-9273.84
19137.88,-9053.35 19136.67,-9039.59
19221.83,-9898.08 19222.46,-9919.71
19214.49,-9843.74 19216.39,-9885.96
20100,-9273.84 20113.83,-9200.48
18664.21,-9046.94 18666.3,-9065.81
19222.46,-9919.71 19222.57,-9920.21
20115.67,-9161.5 20115.67,-9161.79
20060.97,-9358.78 20060.9,-9398.13
20113.83,-9200.48 20115.67,-9161.5
19222.57,-9920.21 19237.66,-9952.73
19216.39,-9885.96 19221.83,-9898.08
18598.51,-8488.34 18589.47,-8468.87
18960.22,-9184.57 19206.54,-9823.14
19206.54,-9823.14 19214.49,-9843.74
17956.29,-9575.47 18067.73,-9648.78
18848.52,-8905.63 18598.51,-8488.34
18664.86,-9036.5 17766.16,-9003.44
17686.1,-9033.48 17700.14,-9034.35
17700.14,-9034.35 17716.92,-9035.88
17629.73,-9024.76 17686.07,-9033.47
20131.76,-9411.81 20188.09,-9420.53
17765.95,-9040.32 17734.13,-9038.33
17728.77,-9037.36 17716.92,-9035.88
20060.9,-9398.13 20097.38,-9403.77
20097.36,-9403.77 20097.37,-9403.77
18808.22,-9177.23 18854.69,-9185.96
20131.73,-9411.8 20131.76,-9411.81
20119.73,-9408.64 20131.73,-9411.8
19120.91,-9103.1 19159.95,-9113.71
19159.95,-9113.71 20041.66,-9353.53
20041.66,-9353.53 20060.97,-9358.78
20115.67,-9160.52 20115.67,-9160.8
20115.67,-9160.8 20115.67,-9161.5
17711.88,-9157.85 17711.88,-9156.7
17711.88,-9156.7 17711.88,-9156.35
17711.88,-9156.35 17711.87,-9155.87
20115.67,-9161.79 20115.67,-9162.61
20115.67,-9162.61 20115.67,-9162.89
19266.83,-8502.24 19098.55,-8479.21
19098.55,-8479.21 18928.14,-8469.03
18928.14,-8469.03 18759.67,-8472.04
18759.67,-8472.04 18596.63,-8488.53
18596.63,-8488.53 18442.04,-8518.49
18442.04,-8518.49 18297.77,-8560.84
18297.77,-8560.84 18164.51,-8614.75
19605.95,-8816.21 19518.07,-8759.85
19518.07,-8759.85 19416.77,-8711.84
19416.77,-8711.84 19304.4,-8673.26
19304.4,-8673.26 19183.53,-8644.92
19183.53,-8644.92 19056.86,-8627.42
19056.86,-8627.42 18927.28,-8621.12
18927.28,-8621.12 18797.71,-8626.14
18797.71,-8626.14 18671.07,-8642.34
18671.07,-8642.34 18550.18,-8669.36
18550.18,-8669.36 18437.78,-8706.58
18437.78,-8706.58 18336.46,-8753.14
19823.97,-8704.15 19711.22,-8640.26
19711.22,-8640.26 19579.24,-8584.47
19579.24,-8584.47 19428.84,-8537.65
19428.84,-8537.65 19266.83,-8502.24
19133.06,-8962.3 19096.49,-8939.11
19096.49,-8939.11 19053.09,-8920.78
19053.09,-8920.78 19004.65,-8907.94
19004.65,-8907.94 18953.11,-8901.01
18953.11,-8901.01 18900.53,-8900.21
18900.53,-8900.21 18849.01,-8905.52
18849.01,-8905.52 18800.63,-8916.68
18800.63,-8916.68 18757.33,-8933.2
18728.78,-9144.14 18765.65,-9163.1
18765.65,-9163.1 18808.22,-9177.23
20097.36,-9403.77 20104.95,-9405.24
20104.95,-9405.24 20119.73,-9408.64
18854.69,-9185.96 18903.03,-9188.98
18903.03,-9188.98 18951.18,-9186.22
18951.18,-9186.22 18997.2,-9177.82
18997.2,-9177.82 19039.24,-9164.13
19039.24,-9164.13 19075.33,-9145.84
19770.37,-9022 19733.57,-8948.8
19733.57,-8948.8 19678.34,-8879.67
19678.34,-8879.67 19605.95,-8816.21
18491.34,-9804.62 18652.84,-9831.83
18652.84,-9831.83 18819.24,-9845.59
18819.24,-9845.59 18987.24,-9845.66
18987.24,-9845.66 19153.49,-9832.03
18236.07,-9413.21 18321.78,-9468.87
18067.73,-9648.78 18195.83,-9712.2
18195.83,-9712.2 18337.99,-9764.49
18337.99,-9764.49 18491.34,-9804.62
19153.49,-9832.03 19314.7,-9805
19314.7,-9805 19467.65,-9765.11
19467.65,-9765.11 19609.33,-9713.13
19609.33,-9713.13 19736.88,-9650.12
19136.67,-9039.59 19126.41,-9011.48
18666.3,-9065.81 18677.94,-9094.58
18677.94,-9094.58 18699.12,-9121.03
18699.12,-9121.03 18728.78,-9144.14
20115.67,-9161.79 20114.65,-9132.81
20114.65,-9132.81 20097.01,-9038.15
20097.01,-9038.15 20057.98,-8945.95
20057.98,-8945.95 19998.49,-8858.24
19998.49,-8858.24 19919.91,-8777.04
19919.91,-8777.04 19823.97,-8704.15
19789.44,-9127.48 19787.91,-9097.54
19787.91,-9097.54 19770.37,-9022
18078.56,-9210.07 18112.98,-9282.28
18112.98,-9282.28 18165.91,-9350.54
18165.91,-9350.54 18236.07,-9413.21
19736.7,-9301.73 19772.83,-9226.35
19772.83,-9226.35 19788.68,-9148.83
19788.68,-9148.83 19789.44,-9127.9
18062.76,-9115.82 18063.47,-9135.68
18063.47,-9135.68 18078.56,-9210.07
19124.48,-9098.72 19135.74,-9071.7
19135.74,-9071.7 19137.88,-9053.29
18673.68,-9007.2 18664.86,-9036.5
18664.86,-9036.5 18664.21,-9046.94
19686.25,-9366.49 19736.7,-9301.73
18120.4,-8937.14 18083.01,-9008.64
18083.01,-9008.64 18064.67,-9082.58
18064.67,-9082.58 18062.76,-9115.48
19075.33,-9145.84 19104.07,-9123.76
19104.07,-9123.76 19124.48,-9098.72
18041.13,-9703.28 18033.4,-9706.9
18033.4,-9706.9 18017.44,-9713.77
18757.33,-8933.2 18720.84,-8954.41
18720.84,-8954.41 18692.58,-8979.42
18692.58,-8979.42 18673.68,-9007.2
18336.46,-8753.14 18248.54,-8807.95
18248.54,-8807.95 18175.99,-8869.75
18175.99,-8869.75 18120.4,-8937.14
18042.9,-8680.06 17936.75,-8755.14
17936.75,-8755.14 17849.16,-8837.64
17849.16,-8837.64 17782.31,-8924.99
17717.42,-9219.99 17711.88,-9157.85
17955.47,-9574.92 17863.8,-9494.43
17863.8,-9494.43 17792.69,-9407.29
17792.69,-9407.29 17743.56,-9315.23
17743.56,-9315.23 17717.42,-9219.99
20050.85,-9335.88 20008.39,-9412.29
20008.39,-9412.29 19937.8,-9498.6
19937.8,-9498.6 19846.69,-9578.41
19846.69,-9578.41 19736.88,-9650.12
18067.73,-9648.78 18056.78,-9660.24
18665.62,-9586.73 18797.83,-9604.66
18797.83,-9604.66 18933.1,-9610.73
18933.1,-9610.73 19068.28,-9604.83
19068.28,-9604.83 19200.25,-9587.09
19200.25,-9587.09 19325.96,-9557.93
18317.33,-9466.94 18422.51,-9517.09
18422.51,-9517.09 18539.53,-9557.32
18539.53,-9557.32 18665.62,-9586.73
19325.96,-9557.93 19442.49,-9518.04
19442.49,-9518.04 19547.09,-9468.34
19547.09,-9468.34 19637.32,-9410.01
19637.32,-9410.01 19686.25,-9366.49
21069.19,-9305.34 21077.53,-9313.7
19575.14,-11345.32 19544.48,-11369.7
20886.55,-10588.18 20909.6,-10581.55
20885.23,-11599.58 20907.49,-11581.39
19542.66,-12369.42 19565.69,-12362.76
20877.1,-12509.82 20907.49,-12485.59
20877.1,-13414.01 20907.49,-13389.78
19542.37,-14177.93 19565.69,-14171.15
19544.72,-14992.49 19575.14,-14968.27
20886.55,-14211.13 20909.32,-14204.62
16820.11,-14238.46 16837.22,-14238.46
16852.18,-14229.82 16862.87,-14229.82
20934.74,-14626.04 20921.38,-14618.33
21069.97,-14579.13 21067.31,-14582.83
21022.4,-14608.76 21005.29,-14608.76
20979.64,-14600.12 20990.33,-14600.12
19581.38,-15391.97 19568.01,-15415.12
19480.59,-15465.59 19476.61,-15501.21
19425.29,-15528.68 19431.7,-15527.15
19052.23,-15527.15 19058.65,-15528.68
19542.37,-13273.73 19565.69,-13266.95
17221.53,-14249.46 17230.97,-14265.82
17687.79,-14529.56 17697.24,-14524.1
18424.17,-14943.79 18433.62,-14960.15
18890.43,-15223.89 18899.88,-15218.43
19008.59,-15501.95 19006.67,-15460.72
21075.87,-9600.18 21077.53,-9595.69
16907.77,-14255.74 16921.13,-14248.03
18662.02,-15092.02 18662.02,-16799.03
11074.27,-8752.38 11954.06,-8244.43
11954.06,-8244.43 12561.15,-7893.93
11070.64,-9017.55 11070.64,-8761.54
11077.69,-13526.19 11077.69,-9022.06
11291.8,-9696.84 11291.8,-11588.12
11291.8,-13347.26 11291.8,-11592.31
11291.8,-11588.12 11291.8,-11592.31
11291.8,-9696.84 11291.8,-9674.65
11291.8,-9674.65 11292.41,-9146.02
13873.01,-15140.03 14204.91,-15140.03
11634.14,-11677.38 11634.14,-11585.19
11634.14,-11580.01 11634.14,-11585.19
11634.14,-11580.01 11638.37,-11577.85
11080.1,-13529.54 11120.76,-13553.02
13826.54,-15115.17 13867.2,-15138.64
13823.33,-15083.14 13799.44,-15069.35
11159.47,-13545.2 11200.11,-13568.66
11210.44,-13568.48 13789.7,-15057.58
11870.02,-11806.44 11870.02,-11714.39
11864.98,-11810.65 11870.02,-11806.44
14212.44,-10631.54 15700.82,-9772.17
11291.8,-13347.26 13651.81,-14709.77
13697.82,-14709.81 13823.33,-14782.27
15552.69,-10664.23 15552.95,-10664.12
13536.95,-14183.92 11407.93,-12954.76
13066.39,-12406.9 13066.39,-12504.27
15532.58,-10670.7 14344.92,-11355.53
14254.58,-11413.65 14317.17,-11377.6
15552.95,-10664.12 15613.43,-10629.2
13302.27,-12633.47 13302.27,-12541.28
13066.39,-12406.9 13070.62,-12404.74
11136.24,-13553.02 11149.79,-13545.2
13297.22,-12637.54 13301.56,-12635.03
15552.69,-11600.09 15552.95,-11599.98
13536.95,-13197.77 11407.93,-11968.61
15635.22,-14307.27 15621.67,-14299.44
13823.33,-15110.7 13823.33,-10607.22
14337.27,-12297.04 14344.91,-12291.38
15532.58,-11605.7 14344.92,-12291.39
14254.58,-12349.59 14317.17,-12313.46
15552.95,-11599.98 15613.43,-11565.06
13823.33,-13047.7 11295.91,-11588.52
11861.56,-11808.67 11864.98,-11810.65
13293.8,-12635.56 13297.22,-12637.54
11634.14,-11677.38 11861.56,-11808.67
13066.39,-12504.27 13293.8,-12635.56
11638.37,-11577.85 11867.61,-11710.2
13070.62,-12404.74 13299.85,-12537.09
13536.95,-12634.86 11407.93,-11405.7
14254.58,-10607.21 14254.58,-15110.7
14346.21,-15016.27 14346.21,-14634.48
14422.5,-14590.55 14422.5,-11310.79
14337.27,-13115.56 14344.91,-13109.91
14317.38,-13131.84 14317.17,-13131.99
15532.58,-12424.7 14344.92,-13109.92
14254.58,-13168.12 14317.17,-13131.99
15553.58,-12418.7 15612.52,-12384.13
14954.75,-14284.03 14954.75,-11003.88
15552.69,-13237.15 15552.95,-13237.04
11407.93,-10352.51 13536.95,-11581.67
14317.38,-13950.37 14317.17,-13950.52
15532.58,-13242.7 14344.58,-13928.7
14254.58,-13986.65 14317.17,-13950.52
15552.95,-13237.04 15612.3,-13202.78
13823.33,-11150.87 11296.51,-9692.01
15487,-13977.52 15487,-10696.98
15556.35,-13941.86 15556.35,-14314.25
15693.77,-9776.3 15693.77,-14280.44
15700.82,-9707.18 15700.82,-9772.17
15700.82,-9515.79 15700.82,-9707.18
14337.27,-14640.88 14344.93,-14635.22
14317.38,-14657.15 14317.17,-14657.3
15533.58,-13950.7 14344.92,-14635.23
14254.58,-14693.48 14317.17,-14657.3
15552.95,-13943.83 15612.1,-13909.68
15552.69,-13943.93 15552.95,-13943.83
11070.64,-9017.55 13865.47,-10631.54
15611.99,-14299.44 15571.35,-14322.91
14254.58,-15083.14 14334.11,-15037.22
14210.71,-15138.64 14251.37,-15115.17
15650.7,-14307.27 15691.36,-14283.79
13865.47,-10631.54 14212.44,-10631.54
12903.86,-7893.93 15697.19,-9506.63
12561.46,-7893.43 12903.86,-7893.93
15533.58,-13950.7 15552.69,-13943.93
14317.38,-14657.15 14327.02,-14649.03
14327.02,-14649.03 14337.27,-14640.88
15532.58,-13242.7 15552.69,-13237.15
14317.38,-13950.37 14344.58,-13928.7
14317.38,-13131.84 14327.02,-13123.72
14327.02,-13123.72 14337.27,-13115.56
15532.58,-12424.7 15553.58,-12418.7
14317.38,-12313.31 14327.02,-12305.19
14327.02,-12305.19 14337.27,-12297.04
15532.58,-11605.7 15536.33,-11604.6
15536.33,-11604.6 15544.57,-11602.21
15544.57,-11602.21 15552.69,-11600.09
14317.38,-11377.45 14327.02,-11369.33
14327.02,-11369.33 14337.27,-11361.18
15532.58,-10670.7 15536.33,-10668.74
15536.33,-10668.74 15544.57,-10666.35
15544.57,-10666.35 15552.69,-10664.23
14337.27,-11361.18 14344.92,-11355.53
15635.22,-14307.27 15644.55,-14309.38
15644.55,-14309.38 15650.7,-14307.27
15691.36,-14283.79 15693.77,-14280.44
15621.67,-14299.44 15611.99,-14299.44
15571.35,-14322.91 15559.25,-14315.93
15559.25,-14315.93 15556.35,-14314.25
15697.19,-9506.63 15700.82,-9515.79
11074.27,-8752.38 11070.64,-8761.54
13299.85,-12537.09 13302.27,-12541.28
11867.61,-11710.2 11870.02,-11714.39
11077.69,-13526.19 11080.1,-13529.54
11120.76,-13553.02 11136.24,-13553.02
11149.79,-13545.2 11159.47,-13545.2
11200.11,-13568.66 11210.44,-13568.48
13823.33,-15110.7 13826.54,-15115.17
13867.2,-15138.64 13873.01,-15140.03
14204.91,-15140.03 14210.71,-15138.64
14251.37,-15115.17 14254.58,-15110.7
14334.11,-15037.22 14346.21,-15016.27
13799.44,-15069.35 13789.7,-15057.58
13651.81,-14709.77 13697.82,-14709.81
13301.56,-12635.03 13302.27,-12633.47
13512.84,-9149.61 13405.82,-9207.09
14365.16,-9455.45 14947.99,-9211.58
14021.14,-9621.52 13997.64,-9638.85
13997.64,-9638.85 13427.68,-10059.56
14984.48,-9190.49 14948.19,-9211.44
13372.67,-10121.06 13336.38,-10142.01
13418.04,-10099.5 13404.27,-10107.52
13372.87,-10120.96 13372.67,-10121.06
13383.42,-10116.75 13372.87,-10120.96
13176.51,-9422.63 13137.17,-9501.27
14947.99,-9211.58 14948.19,-9211.44
13137.17,-9501.27 13117.99,-9576.01
13117.98,-9576.04 13114.52,-9625.8
13114.52,-9625.5 13117.96,-9576.4
13117.98,-9576.04 13117.99,-9576.01
13114.52,-9625.8 13114.52,-9625.5
13162.3,-9491.66 13162.11,-9524.12
13418.04,-10069.64 13418.04,-10099.5
15193.78,-9788.93 15216.07,-9729.62
14369.41,-9535.59 14368.34,-9523.47
14443.28,-10278.94 14443.83,-10297.98
14436.82,-10231.12 14438.5,-10268.28
15216.07,-9729.62 15228.24,-9665.06
13952.57,-9529.94 13954.41,-9546.55
14443.83,-10297.98 14443.93,-10298.42
15229.87,-9630.75 15229.87,-9631
15181.73,-9804.36 15181.67,-9838.99
15228.24,-9665.06 15229.87,-9630.75
14443.93,-10298.42 14457.22,-10327.04
14438.5,-10268.28 14443.28,-10278.94
13894.76,-9038.37 13886.81,-9021.24
14213.06,-9651.05 14429.83,-10212.99
14429.83,-10212.99 14436.82,-10231.12
13329.61,-9995.05 13427.68,-10059.56
14114.77,-9405.59 13894.76,-9038.37
13953.15,-9520.75 13162.3,-9491.66
13091.84,-9518.09 13104.2,-9518.86
13104.2,-9518.86 13118.96,-9520.2
13042.24,-9510.42 13091.81,-9518.09
15244.02,-9851.03 15293.59,-9858.7
13162.11,-9524.12 13134.11,-9522.37
13129.39,-9521.51 13118.96,-9520.2
15181.67,-9838.99 15213.76,-9843.95
14079.31,-9644.59 14120.2,-9652.28
15244,-9851.02 15244.02,-9851.03
15233.43,-9848.23 15244,-9851.02
14354.48,-9579.36 14388.83,-9588.7
14388.83,-9588.7 15164.73,-9799.74
15164.73,-9799.74 15181.73,-9804.36
15229.86,-9629.89 15229.87,-9630.14
15229.87,-9630.14 15229.87,-9630.75
13114.53,-9627.54 13114.52,-9626.53
13114.52,-9626.53 13114.52,-9626.22
13114.52,-9626.22 13114.52,-9625.8
15229.87,-9631 15229.87,-9631.73
15229.87,-9631.73 15229.86,-9631.98
14482.88,-9050.6 14334.8,-9030.34
14334.8,-9030.34 14184.84,-9021.38
14184.84,-9021.38 14036.58,-9024.03
14036.58,-9024.03 13893.11,-9038.54
13893.11,-9038.54 13757.06,-9064.91
13757.06,-9064.91 13630.11,-9102.18
13630.11,-9102.18 13512.84,-9149.61
14781.31,-9326.9 14703.98,-9277.3
14703.98,-9277.3 14614.83,-9235.06
14614.83,-9235.06 14515.95,-9201.1
14515.95,-9201.1 14409.57,-9176.16
14409.57,-9176.16 14298.11,-9160.76
14298.11,-9160.76 14184.08,-9155.22
14184.08,-9155.22 14070.06,-9159.64
14070.06,-9159.64 13958.62,-9173.9
13958.62,-9173.9 13852.23,-9197.67
13852.23,-9197.67 13753.32,-9230.43
13753.32,-9230.43 13664.16,-9271.39
14973.17,-9228.29 14873.94,-9172.06
14873.94,-9172.06 14757.8,-9122.96
14757.8,-9122.96 14625.45,-9081.77
14625.45,-9081.77 14482.88,-9050.6
14365.16,-9455.45 14332.98,-9435.05
14332.98,-9435.05 14294.79,-9418.92
14294.79,-9418.92 14252.17,-9407.62
14252.17,-9407.62 14206.81,-9401.53
14206.81,-9401.53 14160.54,-9400.82
14160.54,-9400.82 14115.2,-9405.49
14115.2,-9405.49 14072.63,-9415.31
14072.63,-9415.31 14034.53,-9429.85
14009.4,-9615.47 14041.84,-9632.16
14041.84,-9632.16 14079.31,-9644.59
15213.75,-9843.95 15220.43,-9845.24
15220.43,-9845.24 15233.43,-9848.23
14120.2,-9652.28 14162.74,-9654.94
14162.74,-9654.94 14205.11,-9652.5
14205.11,-9652.5 14245.61,-9645.11
14245.61,-9645.11 14282.6,-9633.07
14282.6,-9633.07 14314.36,-9616.98
14926,-9507.99 14893.62,-9443.58
14893.62,-9443.58 14845.01,-9382.75
14845.01,-9382.75 14781.31,-9326.9
13800.46,-10196.7 13942.57,-10220.64
13942.57,-10220.64 14089,-10232.76
14089,-10232.76 14236.84,-10232.81
14236.84,-10232.81 14383.15,-10220.82
13575.81,-9852.26 13651.24,-9901.24
13427.68,-10059.56 13540.4,-10115.37
13540.4,-10115.37 13665.5,-10161.38
13665.5,-10161.38 13800.46,-10196.7
14383.15,-10220.82 14525,-10197.04
14525,-10197.04 14659.61,-10161.93
14659.61,-10161.93 14784.28,-10116.19
14784.28,-10116.19 14896.53,-10060.74
14368.34,-9523.47 14359.32,-9498.73
13954.41,-9546.55 13964.66,-9571.86
13964.66,-9571.86 13983.3,-9595.14
13983.3,-9595.14 14009.4,-9615.47
15229.87,-9631 15228.97,-9605.5
15228.97,-9605.5 15213.44,-9522.21
15213.44,-9522.21 15179.09,-9441.07
15179.09,-9441.07 15126.74,-9363.88
15126.74,-9363.88 15057.6,-9292.43
15057.6,-9292.43 14973.17,-9228.29
14942.78,-9600.82 14941.43,-9574.47
14941.43,-9574.47 14926,-9507.99
13437.2,-9673.49 13467.49,-9737.04
13467.49,-9737.04 13514.07,-9797.1
13514.07,-9797.1 13575.81,-9852.26
14896.37,-9754.15 14928.16,-9687.82
14928.16,-9687.82 14942.11,-9619.6
14942.11,-9619.6 14942.78,-9601.18
13423.3,-9590.55 13423.93,-9608.03
13423.93,-9608.03 13437.2,-9673.49
14357.62,-9575.51 14367.53,-9551.73
14367.53,-9551.73 14369.41,-9535.53
13960.91,-9494.97 13953.15,-9520.75
13953.15,-9520.75 13952.57,-9529.94
14851.97,-9811.14 14896.37,-9754.15
13474.03,-9433.32 13441.12,-9496.24
13441.12,-9496.24 13424.98,-9561.3
13424.98,-9561.3 13423.3,-9590.26
14314.36,-9616.98 14339.65,-9597.55
14339.65,-9597.55 14357.62,-9575.51
13404.27,-10107.52 13397.46,-10110.7
13397.46,-10110.7 13383.42,-10116.75
14034.53,-9429.85 14002.41,-9448.51
14002.41,-9448.51 13977.55,-9470.52
13977.55,-9470.52 13960.91,-9494.97
13664.16,-9271.39 13586.79,-9319.63
13586.79,-9319.63 13522.94,-9374.01
13522.94,-9374.01 13474.03,-9433.32
13405.82,-9207.09 13312.41,-9273.16
13312.41,-9273.16 13235.33,-9345.75
13235.33,-9345.75 13176.51,-9422.63
13119.4,-9682.22 13114.53,-9627.54
13328.89,-9994.56 13248.22,-9923.73
13248.22,-9923.73 13185.64,-9847.05
13185.64,-9847.05 13142.41,-9766.04
13142.41,-9766.04 13119.4,-9682.22
15172.82,-9784.21 15135.45,-9851.45
15135.45,-9851.45 15073.33,-9927.4
15073.33,-9927.4 14993.16,-9997.64
14993.16,-9997.64 14896.53,-10060.74
13427.68,-10059.56 13418.04,-10069.64
13953.81,-10004.95 14070.16,-10020.74
14070.16,-10020.74 14189.2,-10026.08
14189.2,-10026.08 14308.16,-10020.88
14308.16,-10020.88 14424.29,-10005.27
14424.29,-10005.27 14534.92,-9979.61
13647.33,-9899.54 13739.88,-9943.67
13739.88,-9943.67 13842.86,-9979.07
13842.86,-9979.07 13953.81,-10004.95
14534.92,-9979.61 14637.46,-9944.51
14637.46,-9944.51 14729.51,-9900.77
14729.51,-9900.77 14808.91,-9849.44
14808.91,-9849.44 14851.97,-9811.14
11967.48,-8262.27 11860.46,-8319.75
12819.8,-8568.12 13402.63,-8324.24
12475.78,-8734.18 12452.28,-8751.52
12452.28,-8751.52 11882.31,-9172.22
13439.12,-8303.15 13402.83,-8324.1
11827.31,-9233.72 11791.02,-9254.67
11872.68,-9212.17 11858.91,-9220.18
11838.06,-9229.41 11827.51,-9233.63
11631.14,-8535.29 11591.81,-8613.93
13402.63,-8324.24 13402.83,-8324.1
11591.81,-8613.93 11572.62,-8688.67
11572.62,-8688.7 11569.16,-8738.46
11569.16,-8738.16 11572.6,-8689.07
11569.16,-8738.46 11569.16,-8738.16
11616.93,-8604.32 11616.75,-8636.78
11872.68,-9182.31 11872.68,-9212.17
13648.42,-8901.59 13670.71,-8842.28
12824.05,-8648.25 12822.98,-8636.13
12897.92,-9391.6 12898.47,-9410.64
12891.46,-9343.79 12893.14,-9380.94
13670.71,-8842.28 13682.88,-8777.72
12407.21,-8642.6 12409.05,-8659.21
12220.86,-8089.61 12220.76,-8089.17
12898.47,-9410.64 12898.57,-9411.08
13684.5,-8743.41 13684.5,-8743.67
13636.37,-8917.03 13636.3,-8951.65
13682.88,-8777.72 13684.5,-8743.41
12898.57,-9411.08 12911.86,-9439.7
12893.14,-9380.94 12897.92,-9391.6
12349.4,-8151.03 12341.45,-8133.91
12667.7,-8763.72 12884.47,-9325.66
12884.47,-9325.66 12891.46,-9343.79
11784.25,-9107.71 11882.31,-9172.22
12569.41,-8518.25 12349.4,-8151.03
12407.79,-8633.42 11616.93,-8604.32
11546.48,-8630.75 11558.84,-8631.53
11558.84,-8631.53 11573.6,-8632.87
11496.88,-8623.08 11546.45,-8630.75
13698.66,-8963.69 13748.23,-8971.36
11616.75,-8636.78 11588.75,-8635.03
11584.03,-8634.17 11573.6,-8632.87
13636.3,-8951.65 13668.4,-8956.61
13668.39,-8956.61 13668.4,-8956.61
12533.95,-8757.26 12574.84,-8764.94
13698.63,-8963.68 13698.66,-8963.69
13688.07,-8960.9 13698.63,-8963.68
12809.12,-8692.02 12843.47,-8701.36
12843.47,-8701.36 13619.37,-8912.4
13619.37,-8912.4 13636.37,-8917.03
13684.5,-8742.56 13684.5,-8742.8
13684.5,-8742.8 13684.5,-8743.41
11569.17,-8740.2 11569.16,-8739.19
11569.16,-8739.19 11569.16,-8738.88
11569.16,-8738.88 11569.16,-8738.46
13684.5,-8743.67 13684.5,-8744.4
13684.5,-8744.4 13684.5,-8744.64
12937.52,-8163.26 12789.44,-8143
12789.44,-8143 12639.47,-8134.04
12639.47,-8134.04 12491.22,-8136.69
12491.22,-8136.69 12347.75,-8151.2
12347.75,-8151.2 12211.7,-8177.57
12211.7,-8177.57 12084.75,-8214.84
12084.75,-8214.84 11967.48,-8262.27
13235.94,-8439.56 13158.61,-8389.96
13158.61,-8389.96 13069.47,-8347.72
13069.47,-8347.72 12970.59,-8313.77
12970.59,-8313.77 12864.21,-8288.83
12864.21,-8288.83 12752.75,-8273.42
12752.75,-8273.42 12638.72,-8267.88
12638.72,-8267.88 12524.7,-8272.3
12524.7,-8272.3 12413.26,-8286.56
12413.26,-8286.56 12306.87,-8310.34
12306.87,-8310.34 12207.96,-8343.09
12207.96,-8343.09 12118.8,-8384.06
13427.81,-8340.95 13328.58,-8284.73
13328.58,-8284.73 13212.44,-8235.63
13212.44,-8235.63 13080.09,-8194.43
13080.09,-8194.43 12937.52,-8163.26
12819.8,-8568.12 12787.62,-8547.71
12787.62,-8547.71 12749.43,-8531.58
12749.43,-8531.58 12706.81,-8520.28
12706.81,-8520.28 12661.45,-8514.19
12661.45,-8514.19 12615.18,-8513.48
12615.18,-8513.48 12569.84,-8518.15
12569.84,-8518.15 12527.26,-8527.97
12527.26,-8527.97 12489.17,-8542.51
12464.03,-8728.14 12496.48,-8744.83
12496.48,-8744.83 12533.95,-8757.26
13668.39,-8956.61 13675.07,-8957.9
13675.07,-8957.9 13688.07,-8960.9
12574.84,-8764.94 12617.38,-8767.6
12617.38,-8767.6 12659.75,-8765.17
12659.75,-8765.17 12700.25,-8757.78
12700.25,-8757.78 12737.24,-8745.73
12737.24,-8745.73 12769,-8729.64
13380.64,-8620.66 13348.25,-8556.24
13348.25,-8556.24 13299.65,-8495.41
13299.65,-8495.41 13235.94,-8439.56
12255.09,-9309.36 12397.21,-9333.31
12397.21,-9333.31 12543.64,-9345.42
12543.64,-9345.42 12691.48,-9345.47
12691.48,-9345.47 12837.78,-9333.49
12030.45,-8964.92 12105.88,-9013.9
11882.31,-9172.22 11995.04,-9228.03
11995.04,-9228.03 12120.14,-9274.05
12120.14,-9274.05 12255.09,-9309.36
12837.78,-9333.49 12979.64,-9309.7
12979.64,-9309.7 13114.24,-9274.59
13114.24,-9274.59 13238.92,-9228.85
13238.92,-9228.85 13351.17,-9173.4
12822.98,-8636.13 12813.96,-8611.4
12409.05,-8659.21 12419.3,-8684.53
12419.3,-8684.53 12437.94,-8707.8
12437.94,-8707.8 12464.03,-8728.14
13684.5,-8743.67 13683.61,-8718.17
13683.61,-8718.17 13668.08,-8634.87
13668.08,-8634.87 13633.73,-8553.73
13633.73,-8553.73 13581.38,-8476.55
13581.38,-8476.55 13512.24,-8405.09
13512.24,-8405.09 13427.81,-8340.95
13397.42,-8713.48 13396.07,-8687.14
13396.07,-8687.14 13380.64,-8620.66
11891.84,-8786.15 11922.13,-8849.7
11922.13,-8849.7 11968.71,-8909.77
11968.71,-8909.77 12030.45,-8964.92
13351.01,-8866.82 13382.8,-8800.48
13382.8,-8800.48 13396.75,-8732.26
13396.75,-8732.26 13397.42,-8713.85
11877.94,-8703.22 11878.56,-8720.69
11878.56,-8720.69 11891.84,-8786.15
12812.25,-8688.17 12822.16,-8664.39
12822.16,-8664.39 12824.05,-8648.19
12415.55,-8607.63 12407.79,-8633.42
12407.79,-8633.42 12407.21,-8642.6
13306.61,-8923.81 13351.01,-8866.82
11928.67,-8545.98 11895.76,-8608.9
11895.76,-8608.9 11879.62,-8673.96
11879.62,-8673.96 11877.94,-8702.92
12769,-8729.64 12794.29,-8710.21
12794.29,-8710.21 12812.25,-8688.17
11858.91,-9220.18 11852.1,-9223.37
11852.1,-9223.37 11838.06,-9229.41
12489.17,-8542.51 12457.05,-8561.17
12457.05,-8561.17 12432.18,-8583.18
12432.18,-8583.18 12415.55,-8607.63
12118.8,-8384.06 12041.43,-8432.29
12041.43,-8432.29 11977.58,-8486.67
11977.58,-8486.67 11928.67,-8545.98
11860.46,-8319.75 11767.05,-8385.82
11767.05,-8385.82 11689.97,-8458.42
11689.97,-8458.42 11631.14,-8535.29
11574.04,-8794.88 11569.17,-8740.2
11783.53,-9107.23 11702.86,-9036.39
11702.86,-9036.39 11640.28,-8959.72
11640.28,-8959.72 11597.05,-8878.7
11597.05,-8878.7 11574.04,-8794.88
13627.46,-8896.87 13590.09,-8964.12
13590.09,-8964.12 13527.97,-9040.07
13527.97,-9040.07 13447.8,-9110.3
13447.8,-9110.3 13351.17,-9173.4
11882.31,-9172.22 11872.68,-9182.31
12408.45,-9117.62 12524.8,-9133.4
12524.8,-9133.4 12643.84,-9138.74
12643.84,-9138.74 12762.8,-9133.54
12762.8,-9133.54 12878.93,-9117.93
12878.93,-9117.93 12989.56,-9092.28
12101.96,-9012.2 12194.52,-9056.33
12194.52,-9056.33 12297.49,-9091.74
12297.49,-9091.74 12408.45,-9117.62
12989.56,-9092.28 13092.1,-9057.17
13092.1,-9057.17 13184.15,-9013.44
13184.15,-9013.44 13263.55,-8962.1
13263.55,-8962.1 13306.61,-8923.81
13218.09,-14586.29 13674.9,-14850.03
13208.64,-14462.78 13208.64,-14569.93
13684.35,-14844.57 13684.35,-14710.8
13208.64,-14569.93 13218.09,-14586.29
13674.9,-14850.03 13684.35,-14844.57
11568.64,-13509.82 11568.64,-13616.93
12044.35,-13891.57 12044.35,-13784.46
11578.09,-13633.29 12034.9,-13897.03
11568.64,-13616.93 11578.09,-13633.29
12034.9,-13897.03 12044.35,-13891.57
13446.5,-14718.16 13446.5,-16453.02
