10506.75,-6483.15 12148.78,-5534.94
10506.75,-6696.8 10498.96,-6777.17
10506.75,-6696.8 10506.75,-6483.15
10507.51,-11759.81 10507.51,-6782.11
10653.45,-11795.31 10653.45,-11514.64
10739.72,-6916.16 10739.72,-11564.44
10953.84,-11689.6 10953.84,-11796.74
12782.42,-8095.49 12786.42,-8093.18
13166.15,-8095.49 14808.19,-7147.47
12790.96,-13075.96 13157.6,-13075.96
10507.51,-11759.81 10552.43,-11785.74
12740.9,-13049.23 12784.55,-13074.43
10595.19,-11777.1 10640.09,-11803.02
12738.99,-13008.01 10646.77,-11799.17
11429.56,-12071.39 11429.56,-11961.67
12549.57,-12606.9 12586.47,-12606.9
10963.29,-11813.11 11420.11,-12076.84
12165.94,-12507.44 12622.75,-12771.17
10595.06,-11480.93 12549.57,-12606.9
12586.47,-12606.9 12739.64,-12693.88
11509.73,-9841.51 11509.73,-9949.07
11766.3,-9992.27 11766.3,-10094.11
14618.87,-8135.46 13307.45,-8892.6
13164.02,-8982.1 13276.8,-8916.98
14641.92,-8128.83 14708.73,-8090.26
12471.85,-12056.82 10814.87,-11100.19
12156.49,-12383.93 12156.49,-12491.07
12586.47,-12606.9 12586.47,-7982.36
12632.2,-12765.72 12632.2,-12632.87
12696.34,-12668.97 12696.08,-12983.23
12784.55,-13074.43 12784.55,-8094.26
14706.63,-9090.1 14639.81,-9128.67
13274.69,-9916.82 13164.02,-9980.72
14609.41,-9152.89 13298.01,-9910.04
13274.69,-9916.82 13274.98,-9916.71
12471.85,-10967.46 10814.87,-10010.83
14737.61,-12156.04 14722.65,-12147.4
13164.02,-13074.43 13164.02,-8094.26
14617.55,-9146.86 14609.41,-9152.89
10569.53,-11785.74 10584.5,-11777.1
12542.35,-10657.28 10744.37,-9619.23
11760.95,-10094.11 11764.73,-10096.29
11509.73,-9949.07 11760.95,-10094.11
11763.62,-9987.64 11510.4,-9841.45
10814.87,-9389.37 12471.85,-10346.01
13313.69,-12939.26 13313.69,-12511.96
13393.16,-12466.07 13393.16,-8843.12
13400.73,-8817.34 13400.73,-7960.05
14706.63,-9994.3 14639.81,-10032.87
13274.69,-10821.02 13164.02,-10884.92
14609.42,-10057.1 13298.01,-10814.24
13981.12,-12126.62 13981.12,-8503.66
14639.81,-10937.07 14639.58,-10937.23
14706.63,-10898.49 14639.81,-10937.07
13274.69,-11725.22 13164.02,-11789.11
14609.42,-10961.3 13298.01,-11718.43
10814.87,-8250.64 12471.85,-9207.28
14562.91,-7289.07 14562.91,-8146.36
14569.07,-11787.17 14569.07,-8164.21
14653.7,-11744.99 14653.7,-12165.61
14802.29,-7150.87 14802.29,-12126.41
14809.85,-6860.98 14809.85,-7142.97
13277.04,-12539.77 13276.8,-12539.94
14618.87,-11758.42 13307.45,-12515.56
13164.02,-12605.05 13276.8,-12539.94
14641.92,-11751.79 14708.73,-11713.22
14641.63,-11751.91 14641.92,-11751.79
12542.35,-8561.13 10744.37,-7523.09
14711.96,-12147.4 14667.06,-12173.33
13212.91,-13012.88 13300.33,-12962.4
13164.02,-13074.43 13208.93,-13048.5
14754.72,-12156.04 14799.63,-12130.11
10498.96,-6777.17 12782.42,-8095.49
12790.2,-8096.45 13158.36,-8096.45
13166.15,-8095.49 13162.14,-8093.18
12516.94,-5534.94 13879.75,-6320.46
13879.75,-6320.46 14801.5,-6852.63
12148.78,-5534.94 12516.94,-5534.94
11896.83,-6162.03 11775.22,-6227.34
12865.37,-6509.58 13527.68,-6232.45
12474.44,-6698.29 12447.73,-6717.99
12447.73,-6717.99 11800.05,-7196.06
13569.14,-6208.48 13527.9,-6232.29
11737.54,-7265.95 11696.3,-7289.76
11789.1,-7241.45 11773.45,-7250.56
11737.77,-7265.84 11737.54,-7265.95
11749.76,-7261.06 11737.77,-7265.84
11514.63,-6472.28 11469.93,-6561.64
13527.68,-6232.45 13527.9,-6232.29
11469.93,-6561.64 11448.13,-6646.58
11448.13,-6646.61 11444.19,-6703.16
11444.19,-6702.82 11448.1,-6647.02
11448.13,-6646.61 11448.13,-6646.58
11444.19,-6703.16 11444.19,-6702.82
11498.48,-6550.72 11498.27,-6587.6
11789.1,-7207.52 11789.1,-7241.45
13806.98,-6888.53 13832.32,-6821.13
12870.2,-6600.64 12868.99,-6586.87
12954.14,-7445.36 12954.77,-7466.99
12946.81,-7391.02 12948.71,-7433.24
13832.32,-6821.13 13846.14,-6747.77
12396.52,-6594.22 12398.61,-6613.09
12954.77,-7466.99 12954.89,-7467.5
13847.99,-6708.78 13847.99,-6709.07
13793.29,-6906.07 13793.22,-6945.41
13846.14,-6747.77 13847.99,-6708.78
12954.89,-7467.5 12969.98,-7500.02
12948.71,-7433.24 12954.14,-7445.36
12330.83,-6035.62 12321.79,-6016.16
12692.54,-6731.85 12938.86,-7370.42
12938.86,-7370.42 12946.81,-7391.02
11688.61,-7122.75 11800.05,-7196.06
12580.84,-6452.91 12330.83,-6035.62
12397.18,-6583.78 11498.48,-6550.72
11418.42,-6580.76 11432.46,-6581.64
11432.46,-6581.64 11449.23,-6583.16
11362.05,-6572.04 11418.38,-6580.76
13864.08,-6959.1 13920.41,-6967.81
11498.27,-6587.6 11466.45,-6585.62
11461.08,-6584.64 11449.23,-6583.16
13793.22,-6945.41 13829.69,-6951.05
13829.68,-6951.05 13829.69,-6951.05
12540.54,-6724.51 12587.01,-6733.25
13864.05,-6959.09 13864.08,-6959.1
13852.05,-6955.92 13864.05,-6959.09
12853.23,-6650.38 12892.27,-6661
12892.27,-6661 13773.98,-6900.82
13773.98,-6900.82 13793.29,-6906.07
13847.99,-6707.81 13847.99,-6708.09
13847.99,-6708.09 13847.99,-6708.78
11444.2,-6705.13 11444.19,-6703.98
11444.19,-6703.98 11444.19,-6703.63
11444.19,-6703.63 11444.19,-6703.16
13847.99,-6709.07 13847.99,-6709.9
13847.99,-6709.9 13847.99,-6710.18
12999.14,-6049.52 12830.87,-6026.49
12830.87,-6026.49 12660.46,-6016.31
12660.46,-6016.31 12491.98,-6019.32
12491.98,-6019.32 12328.95,-6035.81
12328.95,-6035.81 12174.35,-6065.78
12174.35,-6065.78 12030.09,-6108.13
12030.09,-6108.13 11896.83,-6162.03
13338.26,-6363.5 13250.39,-6307.13
13250.39,-6307.13 13149.09,-6259.13
13149.09,-6259.13 13036.72,-6220.55
13036.72,-6220.55 12915.84,-6192.2
12915.84,-6192.2 12789.18,-6174.7
12789.18,-6174.7 12659.6,-6168.4
12659.6,-6168.4 12530.03,-6173.42
12530.03,-6173.42 12403.39,-6189.63
12403.39,-6189.63 12282.5,-6216.65
12282.5,-6216.65 12170.1,-6253.87
12170.1,-6253.87 12068.78,-6300.42
13556.29,-6251.44 13443.54,-6187.54
13443.54,-6187.54 13311.56,-6131.75
13311.56,-6131.75 13161.15,-6084.93
13161.15,-6084.93 12999.14,-6049.52
12865.37,-6509.58 12828.81,-6486.39
12828.81,-6486.39 12785.41,-6468.06
12785.41,-6468.06 12736.97,-6455.22
12736.97,-6455.22 12685.43,-6448.3
12685.43,-6448.3 12632.85,-6447.5
12632.85,-6447.5 12581.33,-6452.8
12581.33,-6452.8 12532.95,-6463.96
12532.95,-6463.96 12489.65,-6480.48
12461.09,-6691.42 12497.97,-6710.39
12497.97,-6710.39 12540.54,-6724.51
13829.68,-6951.05 13837.27,-6952.52
13837.27,-6952.52 13852.05,-6955.92
12587.01,-6733.25 12635.35,-6736.27
12635.35,-6736.27 12683.5,-6733.5
12683.5,-6733.5 12729.52,-6725.1
12729.52,-6725.1 12771.55,-6711.42
12771.55,-6711.42 12807.64,-6693.13
13502.69,-6569.29 13465.89,-6496.08
13465.89,-6496.08 13410.66,-6426.96
13410.66,-6426.96 13338.26,-6363.5
12223.66,-7351.91 12385.15,-7379.11
12385.15,-7379.11 12551.56,-7392.88
12551.56,-7392.88 12719.56,-7392.94
12719.56,-7392.94 12885.81,-7379.32
11968.39,-6960.49 12054.1,-7016.15
11800.05,-7196.06 11928.14,-7259.48
11928.14,-7259.48 12070.3,-7311.77
12070.3,-7311.77 12223.66,-7351.91
12885.81,-7379.32 13047.01,-7352.29
13047.01,-7352.29 13199.97,-7312.39
13199.97,-7312.39 13341.64,-7260.42
13341.64,-7260.42 13469.2,-7197.4
12868.99,-6586.87 12858.73,-6558.76
12398.61,-6613.09 12410.26,-6641.86
12410.26,-6641.86 12431.44,-6668.31
12431.44,-6668.31 12461.09,-6691.42
13847.99,-6709.07 13846.97,-6680.09
13846.97,-6680.09 13829.33,-6585.44
13829.33,-6585.44 13790.29,-6493.24
13790.29,-6493.24 13730.81,-6405.52
13730.81,-6405.52 13652.23,-6324.33
13652.23,-6324.33 13556.29,-6251.44
13521.76,-6674.77 13520.23,-6644.83
13520.23,-6644.83 13502.69,-6569.29
11810.87,-6757.35 11845.3,-6829.57
11845.3,-6829.57 11898.23,-6897.82
11898.23,-6897.82 11968.39,-6960.49
13469.02,-6849.01 13505.15,-6773.63
13505.15,-6773.63 13521,-6696.11
13521,-6696.11 13521.76,-6675.18
11795.08,-6663.1 11795.79,-6682.96
11795.79,-6682.96 11810.87,-6757.35
12856.8,-6646.01 12868.06,-6618.98
12868.06,-6618.98 12870.2,-6600.57
12406,-6554.48 12397.18,-6583.78
12397.18,-6583.78 12396.52,-6594.22
13418.56,-6913.77 13469.02,-6849.01
11852.72,-6484.43 11815.32,-6555.93
11815.32,-6555.93 11796.99,-6629.86
11796.99,-6629.86 11795.08,-6662.76
12807.64,-6693.13 12836.39,-6671.05
12836.39,-6671.05 12856.8,-6646.01
11773.45,-7250.56 11765.72,-7254.18
11765.72,-7254.18 11749.76,-7261.06
12489.65,-6480.48 12453.15,-6501.69
12453.15,-6501.69 12424.9,-6526.7
12424.9,-6526.7 12406,-6554.48
12068.78,-6300.42 11980.86,-6355.23
11980.86,-6355.23 11908.31,-6417.03
11908.31,-6417.03 11852.72,-6484.43
11775.22,-6227.34 11669.06,-6302.42
11669.06,-6302.42 11581.47,-6384.92
11581.47,-6384.92 11514.63,-6472.28
11449.74,-6767.27 11444.2,-6705.13
11687.79,-7122.2 11596.12,-7041.71
11596.12,-7041.71 11525.01,-6954.58
11525.01,-6954.58 11475.88,-6862.52
11475.88,-6862.52 11449.74,-6767.27
13783.17,-6883.17 13740.71,-6959.58
13740.71,-6959.58 13670.11,-7045.89
13670.11,-7045.89 13579.01,-7125.7
13579.01,-7125.7 13469.2,-7197.4
11800.05,-7196.06 11789.1,-7207.52
12397.93,-7134.01 12530.15,-7151.95
12530.15,-7151.95 12665.41,-7158.02
12665.41,-7158.02 12800.6,-7152.11
12800.6,-7152.11 12932.57,-7134.37
12932.57,-7134.37 13058.28,-7105.22
12049.65,-7014.22 12154.83,-7064.37
12154.83,-7064.37 12271.84,-7104.6
12271.84,-7104.6 12397.93,-7134.01
13058.28,-7105.22 13174.8,-7065.32
13174.8,-7065.32 13279.4,-7015.63
13279.4,-7015.63 13369.64,-6957.29
13369.64,-6957.29 13418.56,-6913.77
14801.5,-6852.63 14809.85,-6860.98
13307.45,-8892.6 13276.8,-8916.98
14618.87,-8135.46 14641.92,-8128.83
14617.55,-9146.86 14639.81,-9128.67
13274.98,-9916.71 13298.01,-9910.04
14609.42,-10057.1 14639.81,-10032.87
14609.42,-10961.3 14639.81,-10937.07
13274.69,-11725.22 13298.01,-11718.43
13277.04,-12539.77 13307.45,-12515.56
14618.87,-11758.42 14641.63,-11751.91
10552.43,-11785.74 10569.53,-11785.74
10584.5,-11777.1 10595.19,-11777.1
14667.06,-12173.33 14653.7,-12165.61
14802.29,-12126.41 14799.63,-12130.11
14754.72,-12156.04 14737.61,-12156.04
14711.96,-12147.4 14722.65,-12147.4
13313.69,-12939.26 13300.33,-12962.4
13212.91,-13012.88 13208.93,-13048.5
13157.6,-13075.96 13164.02,-13074.43
12784.55,-13074.43 12790.96,-13075.96
13274.69,-10821.02 13298.01,-10814.24
10953.84,-11796.74 10963.29,-11813.11
11420.11,-12076.84 11429.56,-12071.39
12156.49,-12491.07 12165.94,-12507.44
12622.75,-12771.17 12632.2,-12765.72
12740.9,-13049.23 12738.99,-13008.01
14808.19,-7147.47 14809.85,-7142.97
10640.09,-11803.02 10653.45,-11795.31
5083.15,-6437.15 6725.19,-5488.94
5083.15,-6650.79 5075.37,-6731.16
5083.15,-6650.79 5083.15,-6437.15
5083.92,-11713.81 5083.92,-6736.1
5229.86,-11749.3 5229.86,-11468.63
5316.12,-6870.16 5316.12,-11518.44
5530.25,-11643.59 5530.25,-11750.74
7358.82,-8049.49 7362.83,-8047.17
7742.56,-8049.48 9384.59,-7101.46
7367.37,-13029.96 7734.01,-13029.96
5083.92,-11713.81 5128.84,-11739.74
7317.31,-13003.23 7360.96,-13028.43
5171.6,-11731.1 5216.49,-11757.02
7315.39,-12962 5223.18,-11753.16
6005.96,-12025.38 6005.96,-11915.66
7125.98,-12560.89 7162.88,-12560.89
5539.7,-11767.1 5996.51,-12030.84
6742.34,-12461.43 7199.16,-12725.17
5171.47,-11434.92 7125.98,-12560.89
7162.88,-12560.89 7316.04,-12647.87
6086.14,-9795.51 6086.14,-9903.06
6342.7,-9946.26 6342.7,-10048.1
9195.27,-8089.46 7883.86,-8846.6
7740.43,-8936.09 7853.21,-8870.98
9218.33,-8082.83 9285.14,-8044.25
7048.25,-12010.81 5391.28,-11054.18
6732.89,-12337.92 6732.89,-12445.07
7162.88,-12560.89 7162.88,-7936.36
7208.61,-12719.71 7208.61,-12586.86
7272.75,-12622.97 7272.48,-12937.23
7360.96,-13028.43 7360.96,-8048.25
9283.03,-9044.09 9216.22,-9082.67
7851.1,-9870.82 7740.43,-9934.71
9185.81,-9106.88 7874.42,-9864.04
7851.1,-9870.82 7851.38,-9870.7
7048.25,-10921.46 5391.28,-9964.83
9314.02,-12110.04 9299.05,-12101.4
7740.43,-13028.42 7740.43,-8048.25
9193.95,-9100.86 9185.81,-9106.88
5145.94,-11739.74 5160.91,-11731.1
7118.76,-10611.27 5320.77,-9573.23
6337.36,-10048.1 6341.14,-10050.28
6086.14,-9903.06 6337.36,-10048.1
6340.03,-9941.64 6086.81,-9795.44
5391.28,-9343.37 7048.25,-10300
7890.1,-12893.25 7890.1,-12465.95
7969.57,-12420.07 7969.57,-8797.11
7977.14,-8771.34 7977.14,-7914.05
9283.03,-9948.29 9216.22,-9986.86
7851.1,-10775.01 7740.43,-10838.91
9185.82,-10011.1 7874.42,-10768.23
8557.52,-12080.62 8557.52,-8457.66
9216.22,-10891.06 9215.98,-10891.23
9283.03,-10852.49 9216.22,-10891.06
7851.1,-11679.21 7740.43,-11743.11
9185.82,-10915.29 7874.42,-11672.43
5391.28,-8204.64 7048.25,-9161.27
9139.32,-7243.07 9139.32,-8100.36
9145.48,-11741.16 9145.48,-8118.21
9230.1,-11698.99 9230.1,-12119.61
9378.69,-7104.87 9378.69,-12080.41
9386.25,-6814.98 9386.25,-7096.97
7853.44,-12493.76 7853.21,-12493.93
9195.27,-11712.41 7883.86,-12469.55
7740.43,-12559.05 7853.21,-12493.93
9218.33,-11705.79 9285.14,-11667.21
9218.04,-11705.9 9218.33,-11705.79
7118.76,-8515.13 5320.77,-7477.08
9288.36,-12101.4 9243.46,-12127.32
7789.31,-12966.87 7876.74,-12916.4
7740.43,-13028.42 7785.34,-13002.49
9331.12,-12110.04 9376.04,-12084.11
5075.37,-6731.16 7358.82,-8049.49
7366.61,-8050.44 7734.77,-8050.44
7742.56,-8049.48 7738.55,-8047.17
7093.35,-5488.94 8456.15,-6274.46
8456.15,-6274.46 9377.91,-6806.62
6725.19,-5488.94 7093.35,-5488.94
6473.24,-6116.03 6351.62,-6181.34
7441.78,-6463.58 8104.08,-6186.45
7050.85,-6652.28 7024.14,-6671.98
7024.14,-6671.98 6376.46,-7150.06
8145.55,-6162.48 8104.31,-6186.28
6313.95,-7219.94 6272.71,-7243.75
6365.5,-7195.45 6349.86,-7204.56
6314.17,-7219.84 6313.95,-7219.94
6326.16,-7215.05 6314.17,-7219.84
6091.03,-6426.27 6046.34,-6515.64
8104.08,-6186.45 8104.31,-6186.28
6046.34,-6515.64 6024.54,-6600.57
6024.53,-6600.6 6020.6,-6657.15
6020.6,-6656.81 6024.5,-6601.02
6024.53,-6600.6 6024.54,-6600.58
6020.6,-6657.15 6020.6,-6656.81
6074.89,-6504.72 6074.68,-6541.6
6365.5,-7161.52 6365.5,-7195.45
8383.39,-6842.53 8408.72,-6775.12
7446.61,-6554.63 7445.4,-6540.87
7530.55,-7399.35 7531.18,-7420.99
7523.22,-7345.02 7525.12,-7387.24
8408.72,-6775.12 8422.55,-6701.76
6972.93,-6548.22 6975.02,-6567.09
7531.18,-7420.99 7531.29,-7421.49
8424.4,-6662.78 8424.4,-6663.06
8369.7,-6860.06 8369.63,-6899.41
8422.55,-6701.76 8424.4,-6662.78
7531.29,-7421.49 7546.39,-7454.01
7525.12,-7387.24 7530.55,-7399.35
6907.23,-5989.62 6898.2,-5970.15
7268.94,-6685.85 7515.27,-7324.42
7515.27,-7324.42 7523.22,-7345.02
6265.02,-7076.75 6376.46,-7150.06
7157.24,-6406.91 6907.23,-5989.62
6973.58,-6537.78 6074.89,-6504.72
5994.82,-6534.76 6008.87,-6535.63
6008.87,-6535.63 6025.64,-6537.16
5938.46,-6526.04 5994.79,-6534.75
8440.49,-6913.09 8496.82,-6921.8
6074.68,-6541.6 6042.86,-6539.61
6037.49,-6538.64 6025.64,-6537.16
8369.63,-6899.41 8406.1,-6905.05
8406.08,-6905.05 8406.1,-6905.05
7116.95,-6678.51 7163.42,-6687.24
8440.45,-6913.08 8440.49,-6913.09
8428.45,-6909.92 8440.45,-6913.08
7429.64,-6604.38 7468.68,-6614.99
7468.68,-6614.99 8350.39,-6854.81
8350.39,-6854.81 8369.7,-6860.06
8424.4,-6661.8 8424.4,-6662.08
8424.4,-6662.08 8424.4,-6662.78
6020.61,-6659.13 6020.6,-6657.98
6020.6,-6657.98 6020.6,-6657.63
6020.6,-6657.63 6020.6,-6657.15
8424.4,-6663.06 8424.4,-6663.89
8424.4,-6663.89 8424.4,-6664.17
7575.55,-6003.52 7407.27,-5980.49
7407.27,-5980.49 7236.86,-5970.3
7236.86,-5970.3 7068.39,-5973.32
7068.39,-5973.32 6905.36,-5989.81
6905.36,-5989.81 6750.76,-6019.77
6750.76,-6019.77 6606.5,-6062.12
6606.5,-6062.12 6473.24,-6116.03
7914.67,-6317.49 7826.8,-6261.13
7826.8,-6261.13 7725.49,-6213.12
7725.49,-6213.12 7613.13,-6174.54
7613.13,-6174.54 7492.25,-6146.2
7492.25,-6146.2 7365.59,-6128.7
7365.59,-6128.7 7236.01,-6122.4
7236.01,-6122.4 7106.44,-6127.42
7106.44,-6127.42 6979.8,-6143.62
6979.8,-6143.62 6858.91,-6170.64
6858.91,-6170.64 6746.51,-6207.86
6746.51,-6207.86 6645.19,-6254.42
8132.7,-6205.43 8019.94,-6141.54
8019.94,-6141.54 7887.97,-6085.74
7887.97,-6085.74 7737.56,-6038.93
7737.56,-6038.93 7575.55,-6003.52
7441.78,-6463.58 7405.21,-6440.39
7405.21,-6440.39 7361.82,-6422.06
7361.82,-6422.06 7313.38,-6409.22
7313.38,-6409.22 7261.84,-6402.29
7261.84,-6402.29 7209.25,-6401.49
7209.25,-6401.49 7157.73,-6406.8
7157.73,-6406.8 7109.35,-6417.96
7109.35,-6417.96 7066.06,-6434.48
7037.5,-6645.42 7074.37,-6664.38
7074.37,-6664.38 7116.95,-6678.51
8406.08,-6905.05 8413.68,-6906.52
8413.68,-6906.52 8428.45,-6909.92
7163.42,-6687.24 7211.76,-6690.26
7211.76,-6690.26 7259.91,-6687.5
7259.91,-6687.5 7305.93,-6679.1
7305.93,-6679.1 7347.96,-6665.41
7347.96,-6665.41 7384.05,-6647.12
8079.1,-6523.28 8042.3,-6450.08
8042.3,-6450.08 7987.06,-6380.95
7987.06,-6380.95 7914.67,-6317.49
6800.07,-7305.9 6961.56,-7333.11
6961.56,-7333.11 7127.96,-7346.87
7127.96,-7346.87 7295.96,-7346.94
7295.96,-7346.94 7462.22,-7333.31
6544.79,-6914.49 6630.51,-6970.15
6376.46,-7150.06 6504.55,-7213.48
6504.55,-7213.48 6646.71,-7265.77
6646.71,-7265.77 6800.07,-7305.9
7462.22,-7333.31 7623.42,-7306.28
7623.42,-7306.28 7776.38,-7266.39
7776.38,-7266.39 7918.05,-7214.41
7918.05,-7214.41 8045.6,-7151.4
7445.4,-6540.87 7435.14,-6512.76
6975.02,-6567.09 6986.66,-6595.86
6986.66,-6595.86 7007.85,-6622.31
7007.85,-6622.31 7037.5,-6645.42
8424.4,-6663.06 8423.38,-6634.09
8423.38,-6634.09 8405.73,-6539.43
8405.73,-6539.43 8366.7,-6447.23
8366.7,-6447.23 8307.21,-6359.52
8307.21,-6359.52 8228.64,-6278.32
8228.64,-6278.32 8132.7,-6205.43
8098.17,-6628.76 8096.63,-6598.82
8096.63,-6598.82 8079.1,-6523.28
6387.28,-6711.34 6421.7,-6783.56
6421.7,-6783.56 6474.64,-6851.81
6474.64,-6851.81 6544.79,-6914.49
8045.43,-6803.01 8081.56,-6727.63
8081.56,-6727.63 8097.41,-6650.11
8097.41,-6650.11 8098.17,-6629.18
6371.49,-6617.1 6372.19,-6636.96
6372.19,-6636.96 6387.28,-6711.34
7433.2,-6600 7444.47,-6572.98
7444.47,-6572.98 7446.61,-6554.57
6982.41,-6508.48 6973.58,-6537.78
6973.58,-6537.78 6972.93,-6548.22
7994.97,-6867.77 8045.43,-6803.01
6429.13,-6438.42 6391.73,-6509.92
6391.73,-6509.92 6373.39,-6583.86
6373.39,-6583.86 6371.48,-6616.76
7384.05,-6647.12 7412.79,-6625.04
7412.79,-6625.04 7433.2,-6600
6349.86,-7204.56 6342.12,-7208.18
6342.12,-7208.18 6326.16,-7215.05
7066.06,-6434.48 7029.56,-6455.69
7029.56,-6455.69 7001.31,-6480.7
7001.31,-6480.7 6982.41,-6508.48
6645.19,-6254.42 6557.26,-6309.23
6557.26,-6309.23 6484.71,-6371.03
6484.71,-6371.03 6429.13,-6438.42
6351.62,-6181.34 6245.47,-6256.42
6245.47,-6256.42 6157.88,-6338.92
6157.88,-6338.92 6091.03,-6426.27
6026.14,-6721.26 6020.61,-6659.13
6264.2,-7076.2 6172.52,-6995.71
6172.52,-6995.71 6101.41,-6908.57
6101.41,-6908.57 6052.29,-6816.51
6052.29,-6816.51 6026.14,-6721.26
8359.57,-6837.16 8317.11,-6913.57
8317.11,-6913.57 8246.52,-6999.88
8246.52,-6999.88 8155.42,-7079.69
8155.42,-7079.69 8045.6,-7151.4
6376.46,-7150.06 6365.5,-7161.52
6974.34,-7088.01 7106.55,-7105.94
7106.55,-7105.94 7241.82,-7112.01
7241.82,-7112.01 7377,-7106.11
7377,-7106.11 7508.98,-7088.37
7508.98,-7088.37 7634.69,-7059.21
6626.06,-6968.22 6731.24,-7018.37
6731.24,-7018.37 6848.25,-7058.6
6848.25,-7058.6 6974.34,-7088.01
7634.69,-7059.21 7751.21,-7019.32
7751.21,-7019.32 7855.81,-6969.62
7855.81,-6969.62 7946.04,-6911.29
7946.04,-6911.29 7994.97,-6867.77
9377.91,-6806.62 9386.25,-6814.98
7883.86,-8846.6 7853.21,-8870.98
9195.27,-8089.46 9218.33,-8082.83
9193.95,-9100.86 9216.22,-9082.67
7851.38,-9870.7 7874.42,-9864.04
9185.82,-10011.1 9216.22,-9986.86
9185.82,-10915.29 9216.22,-10891.06
7851.1,-11679.21 7874.42,-11672.43
7853.44,-12493.76 7883.86,-12469.55
9195.27,-11712.41 9218.04,-11705.9
5128.84,-11739.74 5145.94,-11739.74
5160.91,-11731.1 5171.6,-11731.1
9243.46,-12127.32 9230.1,-12119.61
9378.69,-12080.41 9376.04,-12084.11
9331.12,-12110.04 9314.02,-12110.04
9288.36,-12101.4 9299.05,-12101.4
7890.1,-12893.25 7876.74,-12916.4
7789.31,-12966.87 7785.34,-13002.49
7734.01,-13029.96 7740.43,-13028.42
7360.96,-13028.43 7367.37,-13029.96
7851.1,-10775.01 7874.42,-10768.23
5530.25,-11750.74 5539.7,-11767.1
5996.51,-12030.84 6005.96,-12025.38
6732.89,-12445.07 6742.34,-12461.43
7199.16,-12725.17 7208.61,-12719.71
7317.31,-13003.23 7315.39,-12962
9384.59,-7101.46 9386.25,-7096.97
5216.49,-11757.02 5229.86,-11749.3
6970.75,-12593.3 6970.75,-14493.3
6970.75,-14493.3 4770.75,-14493.3
12394.34,-14839.31 4770.75,-14839.31
12394.34,-12639.31 12394.34,-14839.31
4770.75,-14293.3 4770.75,-15039.31
4770.75,-14293.3 4096.65,-14666.3
4096.65,-14666.3 4770.75,-15039.31
4096.65,-14666.3 2271.37,-14666.3
